,name,brand,categories,marketName,depotName,price,unitPrice,updateDate,marketDistance,Şehir
Ayran,Torku 1 Lt Ayran,Torku,"1702-sütlü Mamuller, 17-grup Spot, 170215-büyük Ayran",bim,Çifte Minareseyhanadana,32.5,"32.500,00 ₺/lt",02.06.2025 10:19,0,ADANA
Ayran,Sek Ayran 285 Ml,Sek,"Günlük Içecekler, Süt Yoğurt Ve Günlük Paketli, Ayran",migros,Yeni Vilayet M Migros,13.95,"48,95 ₺/lt",02.06.2025 10:19,0,ADANA
Ayran,Sütaş 200 Ml Ayran,Sütaş,"Günlük Içecekler, Süt Yoğurt Ve Günlük Paketli, Ayran",migros,Yeni Vilayet M Migros,9.85,"49,25 ₺/lt",02.06.2025 10:19,0,ADANA
Ayran,Torku Ayran 2 l,Torku,"020402-büyük Ayran, Günlük Içecekler, 0204-ayran, Süt Yoğurt Ve Günlük Paketli, Ayran, 02-sütlü Mamuller",migros,Adana Sular M Mıgros,64.9,"32,45 ₺/lt",02.06.2025 10:19,0,ADANA
Ayran,Torku Ayran 2 l,Torku,"020402-büyük Ayran, Günlük Içecekler, 0204-ayran, Süt Yoğurt Ve Günlük Paketli, Ayran, 02-sütlü Mamuller",bim,Çifte Minareseyhanadana,72.5,"36,25 ₺/lt",02.06.2025 10:19,0,ADANA
Ayran,Sütaş Ayran 300 ml,Sütaş,"Süt Ve Sütlü Mamüller, Günlük Içecekler, Süt Yoğurt Ve Günlük Paketli, Ayran, Ayran Ve Kefirler",migros,Mjet Ziyapaşa Adana,14.0,"46,67 ₺/lt",02.06.2025 10:19,0,ADANA
Ayran,Eker Ayran 1 lt,Eker,"Günlük Içecek, Gıda, Günlük Içecekler, Self Servıs, Günlük, Süt Yoğurt Ve Günlük Paketli, Ayran",carrefour,Adana Türkmenbaşı Süper,38.95,"38,95 ₺/lt",02.06.2025 10:19,0,ADANA
Ayran,Eker Ayran 1 lt,Eker,"Günlük Içecek, Gıda, Günlük Içecekler, Self Servıs, Günlük, Süt Yoğurt Ve Günlük Paketli, Ayran",migros,Yeni Vilayet M Migros,39.5,"39,50 ₺/lt",02.06.2025 10:19,0,ADANA
Ayran,Sek 300 Ml Naneli Ayran,Sek,"1702-sütlü Mamuller, 17-grup Spot, 170214-küçük Ayran",bim,Çifte Minareseyhanadana,11.5,"38,33 ₺/lt",02.06.2025 10:18,0,ADANA
Ayran,Migros Bardak Ayran 300 ml,Migros,"Pl Ayran, Pl Süt Yoğurt Ve Günlük Paketli, Pl Günlük Içecekler",migros,Yeni Vilayet M Migros,10.5,"35,00 ₺/lt",02.06.2025 10:19,0,ADANA
Ayran,İçim 1.5 Lt Şişe Ayran,Ülker,"Günlük Içecek, Gıda, 020402-büyük Ayran, Self Servıs, Günlük, Günlük Içecekler, 0204-ayran, 02-sütlü Mamuller, Süt Yoğurt Ve Günlük Paketli, Ayran",bim,Çifte Minareseyhanadana,52.5,"35,00 ₺/lt",02.06.2025 10:18,0,ADANA
Ayran,Tarım Kredi Ayran 200 Ml,Tarım Kredi,"Gıda, Yoğurt-ayran-kefi̇r, Süt Ve Süt Ürünleri, Ayran",tarim_kredi,Adana Seyhan Ibo Osman,7.0,"35,00 ₺/lt",02.06.2025 10:19,0,ADANA
Ayran,Tarım Kredi Ayran 285 Ml,Tarım Kredi,"Gıda, Yoğurt-ayran-kefi̇r, Süt Ve Süt Ürünleri, Ayran",tarim_kredi,Adana Seyhan Ibo Osman,9.9,"34,74 ₺/lt",02.06.2025 10:19,0,ADANA
Ayran,Ayran Bardak 200 ml Dost,Dost,"020401-küçük Ayran, 0204-ayran, 02-sütlü Mamuller",bim,Çifte Minareseyhanadana,7.0,"35,00 ₺/lt",02.06.2025 10:19,0,ADANA
Ayran,Ayran Şişe 1500 Ml Dost,Dost,"020402-büyük Ayran, 0204-ayran, 02-sütlü Mamuller",bim,Çifte Minareseyhanadana,41.5,"27,67 ₺/lt",02.06.2025 10:19,0,ADANA
Ayran,Eker Tombul Ayran 195 Ml,Eker,"Günlük Içecek, Gıda, Günlük Içecekler, Self Servıs, Günlük, Süt Yoğurt Ve Günlük Paketli, Ayran",migros,Yeni Vilayet M Migros,14.5,"74,36 ₺/lt",02.06.2025 10:19,0,ADANA
Ayran,Eker Tombul Ayran 195 Ml,Eker,"Günlük Içecek, Gıda, Günlük Içecekler, Self Servıs, Günlük, Süt Yoğurt Ve Günlük Paketli, Ayran",carrefour,Adana Seyhan Çınarlı,15.15,"77,69 ₺/lt",02.06.2025 10:19,0,ADANA
Ayran,Ayran Şişe 1 Lt Binvezir,Binvezir,"020402-büyük Ayran, 0204-ayran, 02-sütlü Mamuller",bim,Çifte Minareseyhanadana,24.5,"24,50 ₺/lt",02.06.2025 10:19,0,ADANA
Ayran,"Ayran %0,8 Yağlı 170 Ml Yörükoğlu",Yörükoğlu,"1702-sütlü Mamuller, 17-grup Spot, 170214-küçük Ayran",bim,Çifte Minareseyhanadana,5.0,"5.000,00 ₺/lt",02.06.2025 10:19,0,ADANA
Ayran,"%0,8 Yağlı Ayran 200 Ml Sek",Sek,"1702-sütlü Mamuller, 17-grup Spot, 170214-küçük Ayran",bim,Çifte Minareseyhanadana,6.5,"32,50 ₺/lt",02.06.2025 10:18,0,ADANA
Ayran,"Dost 2 Lt %1,2 Yağlı Ayran",Dost,"1702-sütlü Mamuller, 17-grup Spot, 170215-büyük Ayran",bim,Çifte Minareseyhanadana,49.5,"49.500,00 ₺/lt",02.06.2025 10:18,0,ADANA
Ayran,Tam Yağlı Ayran İçim 2 Lt,İçim,"1702-sütlü Mamuller, 17-grup Spot, 170215-büyük Ayran",bim,Çifte Minareseyhanadana,59.0,"29,50 ₺/lt",02.06.2025 10:18,0,ADANA
Ayran,Mis Ayran Tam Yağlı 1.5 Lt,Mis,"Süt-yoğurt-günlük Paketli-katı Yağ, Ayran, Şişe Ayran, Günlük Ve Diğer Şarküteri",sok,Adana Seyhan Kurtuluş,37.0,"24,67 ₺/lt",02.06.2025 10:19,0,ADANA
Ayran,Sütaş Pratik Şişe Ayran 2 lt,Sütaş,"Gıda, Yoğurt-ayran-kefi̇r, Ayranlar, Günlük Içecekler, Süt Ve Süt Ürünleri, Süt Yoğurt Ve Günlük Paketli, Ayran",tarim_kredi,Adana Seyhan Mithatpaşa,59.9,"29,95 ₺/lt",02.06.2025 10:19,0,ADANA
Ayran,Torku Tam Yağlı Ayran 200 Ml,Torku,"Günlük Içecekler, Süt Yoğurt Ve Günlük Paketli, Ayran",migros,Yeni Vilayet M Migros,8.0,"40,00 ₺/lt",02.06.2025 10:19,0,ADANA
Ayran,Tarım Kredi Şişe Ayran 1500 Ml,Tarım Kredi,"Gıda, Yoğurt-ayran-kefi̇r, Süt Ve Süt Ürünleri, Ayran",tarim_kredi,Adana Seyhan Ibo Osman,41.5,"27,67 ₺/lt",02.06.2025 10:19,0,ADANA
Ayran,Mis Bardak Ayran Tam Yağlı 285 Ml,Mis,"Süt-yoğurt-günlük Paketli-katı Yağ, Bardak Ayran, Ayran, Günlük Ve Diğer Şarküteri",sok,Adana Seyhan Kurtuluş,9.25,"32,46 ₺/lt",02.06.2025 10:19,0,ADANA
Ayran,Mis Bardak Ayran Tam Yağlı 200 Ml,Mis,"Süt-yoğurt-günlük Paketli-katı Yağ, Bardak Ayran, Ayran, Günlük Ve Diğer Şarküteri",sok,Adana Seyhan Kurtuluş,7.0,"35,00 ₺/lt",02.06.2025 10:19,0,ADANA
Ayran,Torku 1 Lt Ayran,Torku,"1702-sütlü Mamuller, 17-grup Spot, 170215-büyük Ayran",bim,Konurçankaya,32.5,"32.500,00 ₺/lt",02.06.2025 10:19,0,ANKARA
Ayran,Sek Ayran 285 Ml,Sek,"Günlük Içecekler, Süt Yoğurt Ve Günlük Paketli, Ayran",migros,Ankara Kolej M Mıgros,13.95,"48,95 ₺/lt",02.06.2025 10:19,0,ANKARA
Ayran,Sütaş 200 Ml Ayran,Sütaş,"Günlük Içecekler, Süt Yoğurt Ve Günlük Paketli, Ayran",migros,Ankara Kolej M Mıgros,9.85,"49,25 ₺/lt",02.06.2025 10:19,0,ANKARA
Ayran,Torku Ayran 2 l,Torku,"020402-büyük Ayran, Günlük Içecekler, 0204-ayran, Süt Yoğurt Ve Günlük Paketli, Ayran, 02-sütlü Mamuller",migros,Ankara Kolej M Mıgros,64.9,"32,45 ₺/lt",02.06.2025 10:19,0,ANKARA
Ayran,Torku Ayran 2 l,Torku,"020402-büyük Ayran, Günlük Içecekler, 0204-ayran, Süt Yoğurt Ve Günlük Paketli, Ayran, 02-sütlü Mamuller",bim,Konurçankaya,72.5,"36,25 ₺/lt",02.06.2025 10:19,0,ANKARA
Ayran,Sütaş Ayran 300 ml,Sütaş,"Süt Ve Sütlü Mamüller, Günlük Içecekler, Süt Yoğurt Ve Günlük Paketli, Ayran, Ayran Ve Kefirler",migros,Mjet Ankara Sezenler,14.0,"46,67 ₺/lt",02.06.2025 10:19,0,ANKARA
Ayran,Eker Ayran 1 lt,Eker,"Günlük Içecek, Gıda, Günlük Içecekler, Self Servıs, Günlük, Süt Yoğurt Ve Günlük Paketli, Ayran",carrefour,Ankara Tunalı Hılmı Cad Süper,38.95,"38,95 ₺/lt",02.06.2025 10:19,0,ANKARA
Ayran,Eker Ayran 1 lt,Eker,"Günlük Içecek, Gıda, Günlük Içecekler, Self Servıs, Günlük, Süt Yoğurt Ve Günlük Paketli, Ayran",migros,Ankara Kolej M Mıgros,39.5,"39,50 ₺/lt",02.06.2025 10:19,0,ANKARA
Ayran,Sek 300 Ml Naneli Ayran,Sek,"1702-sütlü Mamuller, 17-grup Spot, 170214-küçük Ayran",bim,Konurçankaya,11.5,"38,33 ₺/lt",02.06.2025 10:18,0,ANKARA
Ayran,Migros Bardak Ayran 300 ml,Migros,"Pl Ayran, Pl Süt Yoğurt Ve Günlük Paketli, Pl Günlük Içecekler",migros,Ankara Kolej M Mıgros,10.5,"35,00 ₺/lt",02.06.2025 10:19,0,ANKARA
Ayran,Sütaş Ayran Şişe 250 Ml,Sütaş,"Süt Ve Sütlü Mamüller, Günlük Içecekler, Süt Yoğurt Ve Günlük Paketli, Ayran, Ayran Ve Kefirler",a101,Sakarya Caddesi Çankaya Ankara,12.5,"50,00 ₺/lt",02.06.2025 10:18,0,ANKARA
Ayran,İçim 1.5 Lt Şişe Ayran,Ülker,"Günlük Içecek, Gıda, 020402-büyük Ayran, Self Servıs, Günlük, Günlük Içecekler, 0204-ayran, 02-sütlü Mamuller, Süt Yoğurt Ve Günlük Paketli, Ayran",bim,Konurçankaya,52.5,"35,00 ₺/lt",02.06.2025 10:18,0,ANKARA
Ayran,Tarım Kredi Ayran 200 Ml,Tarım Kredi,"Gıda, Yoğurt-ayran-kefi̇r, Süt Ve Süt Ürünleri, Ayran",tarim_kredi,Ankara Necatibey Market,7.0,"35,00 ₺/lt",02.06.2025 10:19,0,ANKARA
Ayran,Tarım Kredi Ayran 285 Ml,Tarım Kredi,"Gıda, Yoğurt-ayran-kefi̇r, Süt Ve Süt Ürünleri, Ayran",tarim_kredi,Ankara Necatibey Market,9.9,"34,74 ₺/lt",02.06.2025 10:19,0,ANKARA
Ayran,Ayran Bardak 200 ml Dost,Dost,"020401-küçük Ayran, 0204-ayran, 02-sütlü Mamuller",bim,Konurçankaya,7.0,"35,00 ₺/lt",02.06.2025 10:19,0,ANKARA
Ayran,Ayran Şişe 1500 Ml Dost,Dost,"020402-büyük Ayran, 0204-ayran, 02-sütlü Mamuller",bim,Konurçankaya,41.5,"27,67 ₺/lt",02.06.2025 10:19,0,ANKARA
Ayran,Eker Tombul Ayran 195 Ml,Eker,"Günlük Içecek, Gıda, Günlük Içecekler, Self Servıs, Günlük, Süt Yoğurt Ve Günlük Paketli, Ayran",carrefour,Ankara Hoşdere Süper Süper,15.15,"77,69 ₺/lt",02.06.2025 10:19,0,ANKARA
Ayran,Ayran Şişe 1 Lt Binvezir,Binvezir,"020402-büyük Ayran, 0204-ayran, 02-sütlü Mamuller",bim,Konurçankaya,24.5,"24,50 ₺/lt",02.06.2025 10:19,0,ANKARA
Ayran,"Ayran %0,8 Yağlı 170 Ml Yörükoğlu",Yörükoğlu,"1702-sütlü Mamuller, 17-grup Spot, 170214-küçük Ayran",bim,Konurçankaya,5.0,"5.000,00 ₺/lt",02.06.2025 10:19,0,ANKARA
Ayran,"%0,8 Yağlı Ayran 200 Ml Sek",Sek,"1702-sütlü Mamuller, 17-grup Spot, 170214-küçük Ayran",bim,Konurçankaya,6.5,"32,50 ₺/lt",02.06.2025 10:18,0,ANKARA
Ayran,"Dost 2 Lt %1,2 Yağlı Ayran",Dost,"1702-sütlü Mamuller, 17-grup Spot, 170215-büyük Ayran",bim,Konurçankaya,49.5,"49.500,00 ₺/lt",02.06.2025 10:18,0,ANKARA
Ayran,Tam Yağlı Ayran İçim 2 Lt,İçim,"1702-sütlü Mamuller, 17-grup Spot, 170215-büyük Ayran",bim,Konurçankaya,59.0,"29,50 ₺/lt",02.06.2025 10:18,0,ANKARA
Ayran,Özerhisar Ayran Cam Şişe 1 lt,Özerhisar,"Günlük Içecekler, Süt Yoğurt Ve Günlük Paketli, Ayran",migros,Mjet Meşrutiyet Cd Ankara,83.9,"83,90 ₺/lt",02.06.2025 10:18,0,ANKARA
Ayran,Özerhisar Ayran Cam Şişe 245 Ml,Özerhisar,"Günlük Içecekler, Süt Yoğurt Ve Günlük Paketli, Ayran",migros,Mjet Ankara Sezenler,34.95,"142,65 ₺/lt",02.06.2025 10:18,0,ANKARA
Ayran,Mis Ayran Tam Yağlı 1.5 Lt,Mis,"Süt-yoğurt-günlük Paketli-katı Yağ, Ayran, Şişe Ayran, Günlük Ve Diğer Şarküteri",sok,Çankaya Merkez,37.0,"24,67 ₺/lt",02.06.2025 10:19,0,ANKARA
Ayran,Sütaş Pratik Şişe Ayran 2 lt,Sütaş,"Gıda, Yoğurt-ayran-kefi̇r, Ayranlar, Günlük Içecekler, Süt Ve Süt Ürünleri, Süt Yoğurt Ve Günlük Paketli, Ayran",tarim_kredi,Ankara Necatibey Market,59.9,"29,95 ₺/lt",02.06.2025 10:19,0,ANKARA
Ayran,Torku Tam Yağlı Ayran 200 Ml,Torku,"Günlük Içecekler, Süt Yoğurt Ve Günlük Paketli, Ayran",migros,Ziya Gökalp Ankara M Migros,8.0,"40,00 ₺/lt",02.06.2025 10:19,0,ANKARA
Ayran,Torku 1 Lt Ayran,Torku,"1702-sütlü Mamuller, 17-grup Spot, 170215-büyük Ayran",bim,Kızılsaray  Antalya,32.5,"32.500,00 ₺/lt",02.06.2025 10:19,0,ANTALYA
Ayran,Yörükoğlu Ayran 1 lt,Yörükoğlu,"Günlük Içecek, Süt Ve Sütlü Mamüller, Gıda, Günlük Içecekler, Self Servıs, Günlük, Süt Yoğurt Ve Günlük Paketli, Ayran, Ayran Ve Kefirler",a101,Ismetpaşa Caddesi Muratpaşa Antalya,32.0,"32,00 ₺/lt",02.06.2025 10:18,0,ANTALYA
Ayran,Yörükoğlu Ayran 1 lt,Yörükoğlu,"Günlük Içecek, Süt Ve Sütlü Mamüller, Gıda, Günlük Içecekler, Self Servıs, Günlük, Süt Yoğurt Ve Günlük Paketli, Ayran, Ayran Ve Kefirler",migros,Mjet Kaleiçi Antalya,39.5,"39,50 ₺/lt",02.06.2025 10:18,0,ANTALYA
Ayran,Yörükoğlu Ayran 1 lt,Yörükoğlu,"Günlük Içecek, Süt Ve Sütlü Mamüller, Gıda, Günlük Içecekler, Self Servıs, Günlük, Süt Yoğurt Ve Günlük Paketli, Ayran, Ayran Ve Kefirler",carrefour,Antalya Etıler Süper,41.9,"41,90 ₺/lt",02.06.2025 10:18,0,ANTALYA
Ayran,Sütaş 200 Ml Ayran,Sütaş,"Günlük Içecekler, Süt Yoğurt Ve Günlük Paketli, Ayran",migros,Mjet Kaleiçi Antalya,9.85,"49,25 ₺/lt",02.06.2025 10:19,0,ANTALYA
Ayran,Torku Ayran 2 l,Torku,"020402-büyük Ayran, Günlük Içecekler, 0204-ayran, Süt Yoğurt Ve Günlük Paketli, Ayran, 02-sütlü Mamuller",bim,Kızılsaray  Antalya,72.5,"36,25 ₺/lt",02.06.2025 10:19,0,ANTALYA
Ayran,Sütaş Ayran 300 ml,Sütaş,"Süt Ve Sütlü Mamüller, Günlük Içecekler, Süt Yoğurt Ve Günlük Paketli, Ayran, Ayran Ve Kefirler",migros,Mjet Kaleiçi Antalya,14.0,"46,67 ₺/lt",02.06.2025 10:19,0,ANTALYA
Ayran,Eker Ayran 1 lt,Eker,"Günlük Içecek, Gıda, Günlük Içecekler, Self Servıs, Günlük, Süt Yoğurt Ve Günlük Paketli, Ayran",carrefour,Antalya Etıler Süper,38.95,"38,95 ₺/lt",02.06.2025 10:19,0,ANTALYA
Ayran,Eker Ayran 1 lt,Eker,"Günlük Içecek, Gıda, Günlük Içecekler, Self Servıs, Günlük, Süt Yoğurt Ve Günlük Paketli, Ayran",migros,Doğu Garajı Tic Merkezi Ant M,39.5,"39,50 ₺/lt",02.06.2025 10:19,0,ANTALYA
Ayran,Sek 300 Ml Naneli Ayran,Sek,"1702-sütlü Mamuller, 17-grup Spot, 170214-küçük Ayran",bim,Kızılsaray  Antalya,11.5,"38,33 ₺/lt",02.06.2025 10:18,0,ANTALYA
Ayran,Migros Bardak Ayran 300 ml,Migros,"Pl Ayran, Pl Süt Yoğurt Ve Günlük Paketli, Pl Günlük Içecekler",migros,Mjet Kaleiçi Antalya,10.5,"35,00 ₺/lt",02.06.2025 10:19,0,ANTALYA
Ayran,Sütaş Ayran Şişe 250 Ml,Sütaş,"Süt Ve Sütlü Mamüller, Günlük Içecekler, Süt Yoğurt Ve Günlük Paketli, Ayran, Ayran Ve Kefirler",a101,Ismetpaşa Caddesi Muratpaşa Antalya,12.5,"50,00 ₺/lt",02.06.2025 10:18,0,ANTALYA
Ayran,İçim 1.5 Lt Şişe Ayran,Ülker,"Günlük Içecek, Gıda, 020402-büyük Ayran, Self Servıs, Günlük, Günlük Içecekler, 0204-ayran, 02-sütlü Mamuller, Süt Yoğurt Ve Günlük Paketli, Ayran",bim,Kızılsaray  Antalya,52.5,"35,00 ₺/lt",02.06.2025 10:18,0,ANTALYA
Ayran,Tarım Kredi Ayran 200 Ml,Tarım Kredi,"Gıda, Yoğurt-ayran-kefi̇r, Süt Ve Süt Ürünleri, Ayran",tarim_kredi,Antalya Muratpaşa Yenigün,7.0,"35,00 ₺/lt",02.06.2025 10:19,0,ANTALYA
Ayran,Tarım Kredi Ayran 285 Ml,Tarım Kredi,"Gıda, Yoğurt-ayran-kefi̇r, Süt Ve Süt Ürünleri, Ayran",tarim_kredi,Antalya Muratpaşa Yenigün,9.9,"34,74 ₺/lt",02.06.2025 10:19,0,ANTALYA
Ayran,Ayran Bardak 200 ml Dost,Dost,"020401-küçük Ayran, 0204-ayran, 02-sütlü Mamuller",bim,Kızılsaray  Antalya,7.0,"35,00 ₺/lt",02.06.2025 10:19,0,ANTALYA
Ayran,Ayran Şişe 1500 Ml Dost,Dost,"020402-büyük Ayran, 0204-ayran, 02-sütlü Mamuller",bim,Kızılsaray  Antalya,41.5,"27,67 ₺/lt",02.06.2025 10:19,0,ANTALYA
Ayran,Ayran Şişe 1 Lt Binvezir,Binvezir,"020402-büyük Ayran, 0204-ayran, 02-sütlü Mamuller",bim,Kızılsaray  Antalya,24.5,"24,50 ₺/lt",02.06.2025 10:19,0,ANTALYA
Ayran,"Ayran %0,8 Yağlı 170 Ml Yörükoğlu",Yörükoğlu,"1702-sütlü Mamuller, 17-grup Spot, 170214-küçük Ayran",bim,Kızılsaray  Antalya,5.0,"5.000,00 ₺/lt",02.06.2025 10:19,0,ANTALYA
Ayran,"%0,8 Yağlı Ayran 200 Ml Sek",Sek,"1702-sütlü Mamuller, 17-grup Spot, 170214-küçük Ayran",bim,Kızılsaray  Antalya,6.5,"32,50 ₺/lt",02.06.2025 10:18,0,ANTALYA
Ayran,"Dost 2 Lt %1,2 Yağlı Ayran",Dost,"1702-sütlü Mamuller, 17-grup Spot, 170215-büyük Ayran",bim,Kızılsaray  Antalya,49.5,"49.500,00 ₺/lt",02.06.2025 10:18,0,ANTALYA
Ayran,Tam Yağlı Ayran İçim 2 Lt,İçim,"1702-sütlü Mamuller, 17-grup Spot, 170215-büyük Ayran",bim,Kızılsaray  Antalya,59.0,"29,50 ₺/lt",02.06.2025 10:18,0,ANTALYA
Ayran,Özerhisar Ayran Cam Şişe 245 Ml,Özerhisar,"Günlük Içecekler, Süt Yoğurt Ve Günlük Paketli, Ayran",migros,Recep Peker Antalya M Migros,34.95,"142,65 ₺/lt",02.06.2025 10:18,0,ANTALYA
Ayran,Mis Ayran Tam Yağlı 1.5 Lt,Mis,"Süt-yoğurt-günlük Paketli-katı Yağ, Ayran, Şişe Ayran, Günlük Ve Diğer Şarküteri",sok,Muratpaşa Yenikapı,37.0,"24,67 ₺/lt",02.06.2025 10:19,0,ANTALYA
Ayran,Sütaş Pratik Şişe Ayran 2 lt,Sütaş,"Gıda, Yoğurt-ayran-kefi̇r, Ayranlar, Günlük Içecekler, Süt Ve Süt Ürünleri, Süt Yoğurt Ve Günlük Paketli, Ayran",tarim_kredi,Antalya Muratpaşa Yenigün,59.9,"29,95 ₺/lt",02.06.2025 10:19,0,ANTALYA
Ayran,Torku Tam Yağlı Ayran 200 Ml,Torku,"Günlük Içecekler, Süt Yoğurt Ve Günlük Paketli, Ayran",migros,Mjet Işıklar Antalya,8.0,"40,00 ₺/lt",02.06.2025 10:19,0,ANTALYA
Ayran,Tarım Kredi Şişe Ayran 1500 Ml,Tarım Kredi,"Gıda, Yoğurt-ayran-kefi̇r, Süt Ve Süt Ürünleri, Ayran",tarim_kredi,Antalya Muratpaşa Yenigün,41.5,"27,67 ₺/lt",02.06.2025 10:19,0,ANTALYA
Ayran,Mis Bardak Ayran Tam Yağlı 285 Ml,Mis,"Süt-yoğurt-günlük Paketli-katı Yağ, Bardak Ayran, Ayran, Günlük Ve Diğer Şarküteri",sok,Muratpaşa Yenikapı,9.25,"32,46 ₺/lt",02.06.2025 10:19,0,ANTALYA
Ayran,Torku 1 Lt Ayran,Torku,"1702-sütlü Mamuller, 17-grup Spot, 170215-büyük Ayran",bim,Güzelhisar  Aydın,32.5,"32.500,00 ₺/lt",02.06.2025 10:19,0,AYDIN
Ayran,Sek Ayran 285 Ml,Sek,"Günlük Içecekler, Süt Yoğurt Ve Günlük Paketli, Ayran",migros,5m Aydın Kipa Avm,13.95,"48,95 ₺/lt",02.06.2025 10:19,0,AYDIN
Ayran,Sütaş 200 Ml Ayran,Sütaş,"Günlük Içecekler, Süt Yoğurt Ve Günlük Paketli, Ayran",migros,Istiklal Aydın M Migros,9.85,"49,25 ₺/lt",02.06.2025 10:19,0,AYDIN
Ayran,Torku Ayran 2 l,Torku,"020402-büyük Ayran, Günlük Içecekler, 0204-ayran, Süt Yoğurt Ve Günlük Paketli, Ayran, 02-sütlü Mamuller",bim,Güzelhisar  Aydın,72.5,"36,25 ₺/lt",02.06.2025 10:19,0,AYDIN
Ayran,Sütaş Ayran 300 ml,Sütaş,"Süt Ve Sütlü Mamüller, Günlük Içecekler, Süt Yoğurt Ve Günlük Paketli, Ayran, Ayran Ve Kefirler",migros,Istiklal Aydın M Migros,14.0,"46,67 ₺/lt",02.06.2025 10:19,0,AYDIN
Ayran,Torku Ayran 300 Ml,Torku,"Günlük Içecekler, Süt Yoğurt Ve Günlük Paketli, Ayran",migros,5m Aydın Kipa Avm,12.5,"41,67 ₺/lt",02.06.2025 10:18,0,AYDIN
Ayran,Eker Ayran 1 lt,Eker,"Günlük Içecek, Gıda, Günlük Içecekler, Self Servıs, Günlük, Süt Yoğurt Ve Günlük Paketli, Ayran",migros,Istiklal Aydın M Migros,39.5,"39,50 ₺/lt",02.06.2025 10:19,0,AYDIN
Ayran,Eker Ayran 1 lt,Eker,"Günlük Içecek, Gıda, Günlük Içecekler, Self Servıs, Günlük, Süt Yoğurt Ve Günlük Paketli, Ayran",carrefour,Aydın Mımar Sınan Süper,47.25,"47,25 ₺/lt",02.06.2025 10:19,0,AYDIN
Ayran,Sek 300 Ml Naneli Ayran,Sek,"1702-sütlü Mamuller, 17-grup Spot, 170214-küçük Ayran",bim,Güzelhisar  Aydın,11.5,"38,33 ₺/lt",02.06.2025 10:18,0,AYDIN
Ayran,Migros Bardak Ayran 300 ml,Migros,"Pl Ayran, Pl Süt Yoğurt Ve Günlük Paketli, Pl Günlük Içecekler",migros,Istiklal Aydın M Migros,10.5,"35,00 ₺/lt",02.06.2025 10:19,0,AYDIN
Ayran,Eker Tombul Ayran 6x195 Ml,Eker,"Günlük Içecek, Gıda, Günlük Içecekler, Self Servıs, Günlük, Süt Yoğurt Ve Günlük Paketli, Ayran",migros,5m Aydın Kipa Avm,72.5,"60,42 ₺/lt",02.06.2025 10:18,0,AYDIN
Ayran,Sütaş Ayran Şişe 250 Ml,Sütaş,"Süt Ve Sütlü Mamüller, Günlük Içecekler, Süt Yoğurt Ve Günlük Paketli, Ayran, Ayran Ve Kefirler",a101,Güzelhisar Merkez Aydın,12.5,"50,00 ₺/lt",02.06.2025 10:18,0,AYDIN
Ayran,Sütaş Ayran Şişe 250 Ml,Sütaş,"Süt Ve Sütlü Mamüller, Günlük Içecekler, Süt Yoğurt Ve Günlük Paketli, Ayran, Ayran Ve Kefirler",migros,Istiklal Aydın M Migros,14.5,"58,00 ₺/lt",02.06.2025 10:18,0,AYDIN
Ayran,İçim 1.5 Lt Şişe Ayran,Ülker,"Günlük Içecek, Gıda, 020402-büyük Ayran, Self Servıs, Günlük, Günlük Içecekler, 0204-ayran, 02-sütlü Mamuller, Süt Yoğurt Ve Günlük Paketli, Ayran",bim,Güzelhisar  Aydın,52.5,"35,00 ₺/lt",02.06.2025 10:18,0,AYDIN
Ayran,Sakıpağa Maxi Ayran 295 Ml,Sakıpağa,"Günlük Içecek, Gıda, Günlük Içecekler, Self Servıs, Günlük, Süt Yoğurt Ve Günlük Paketli, Ayran",migros,Mjet Cumhuriyet Efeler Aydın,16.0,"54,24 ₺/lt",02.06.2025 10:19,0,AYDIN
Ayran,Ayran Bardak 200 ml Dost,Dost,"020401-küçük Ayran, 0204-ayran, 02-sütlü Mamuller",bim,Güzelhisar  Aydın,7.0,"35,00 ₺/lt",02.06.2025 10:19,0,AYDIN
Ayran,Ayran Şişe 1500 Ml Dost,Dost,"020402-büyük Ayran, 0204-ayran, 02-sütlü Mamuller",bim,Güzelhisar  Aydın,41.5,"27,67 ₺/lt",02.06.2025 10:19,0,AYDIN
Ayran,Eker Tombul Ayran 195 Ml,Eker,"Günlük Içecek, Gıda, Günlük Içecekler, Self Servıs, Günlük, Süt Yoğurt Ve Günlük Paketli, Ayran",migros,5m Aydın Kipa Avm,14.5,"74,36 ₺/lt",02.06.2025 10:19,0,AYDIN
Ayran,Ayran Şişe 1 Lt Binvezir,Binvezir,"020402-büyük Ayran, 0204-ayran, 02-sütlü Mamuller",bim,Güzelhisar  Aydın,24.5,"24,50 ₺/lt",02.06.2025 10:19,0,AYDIN
Ayran,"Ayran %0,8 Yağlı 170 Ml Yörükoğlu",Yörükoğlu,"1702-sütlü Mamuller, 17-grup Spot, 170214-küçük Ayran",bim,Güzelhisar  Aydın,5.0,"5.000,00 ₺/lt",02.06.2025 10:19,0,AYDIN
Ayran,"%0,8 Yağlı Ayran 200 Ml Sek",Sek,"1702-sütlü Mamuller, 17-grup Spot, 170214-küçük Ayran",bim,Güzelhisar  Aydın,6.5,"32,50 ₺/lt",02.06.2025 10:18,0,AYDIN
Ayran,"Dost 2 Lt %1,2 Yağlı Ayran",Dost,"1702-sütlü Mamuller, 17-grup Spot, 170215-büyük Ayran",bim,Güzelhisar  Aydın,49.5,"49.500,00 ₺/lt",02.06.2025 10:18,0,AYDIN
Ayran,Tam Yağlı Ayran İçim 2 Lt,İçim,"1702-sütlü Mamuller, 17-grup Spot, 170215-büyük Ayran",bim,Güzelhisar  Aydın,59.0,"29,50 ₺/lt",02.06.2025 10:18,0,AYDIN
Ayran,Tire Süt Kooperatifi Ayran 200 ml,Tire Süt Kooperatifi,"Günlük Içecek, Gıda, Günlük Içecekler, Self Servıs, Günlük, Süt Yoğurt Ve Günlük Paketli, Ayran",carrefour,Aydın Mımar Sınan Süper,11.01,"55,05 ₺/lt",02.06.2025 10:19,0,AYDIN
Ayran,Sütaş Pratik Şişe Ayran 2 lt,Sütaş,"Gıda, Yoğurt-ayran-kefi̇r, Ayranlar, Günlük Içecekler, Süt Ve Süt Ürünleri, Süt Yoğurt Ve Günlük Paketli, Ayran",migros,Mjet Cumhuriyet Efeler Aydın,69.95,"34,97 ₺/lt",02.06.2025 10:19,0,AYDIN
Ayran,Torku Tam Yağlı Ayran 200 Ml,Torku,"Günlük Içecekler, Süt Yoğurt Ve Günlük Paketli, Ayran",migros,Mjet Cumhuriyet Efeler Aydın,8.0,"40,00 ₺/lt",02.06.2025 10:19,0,AYDIN
Ayran,Mis Bardak Ayran Tam Yağlı 285 Ml,Mis,"Süt-yoğurt-günlük Paketli-katı Yağ, Bardak Ayran, Ayran, Günlük Ve Diğer Şarküteri",sok,Aydın Soğukkuyu,9.25,"32,46 ₺/lt",02.06.2025 10:19,0,AYDIN
Ayran,Torku 1 Lt Ayran,Torku,"1702-sütlü Mamuller, 17-grup Spot, 170215-büyük Ayran",bim,Anafartalar  Balıkesir,32.5,"32.500,00 ₺/lt",02.06.2025 10:19,0,BALIKESİR
Ayran,Sütaş 200 Ml Ayran,Sütaş,"Günlük Içecekler, Süt Yoğurt Ve Günlük Paketli, Ayran",migros,Balıkesir Eskiterminal M,9.85,"49,25 ₺/lt",02.06.2025 10:19,0,BALIKESİR
Ayran,Torku Ayran 2 l,Torku,"020402-büyük Ayran, Günlük Içecekler, 0204-ayran, Süt Yoğurt Ve Günlük Paketli, Ayran, 02-sütlü Mamuller",migros,Balıkesir Eskiterminal M,59.9,"29,95 ₺/lt",02.06.2025 10:19,0,BALIKESİR
Ayran,Torku Ayran 2 l,Torku,"020402-büyük Ayran, Günlük Içecekler, 0204-ayran, Süt Yoğurt Ve Günlük Paketli, Ayran, 02-sütlü Mamuller",bim,Anafartalar  Balıkesir,72.5,"36,25 ₺/lt",02.06.2025 10:19,0,BALIKESİR
Ayran,Sütaş Ayran 300 ml,Sütaş,"Süt Ve Sütlü Mamüller, Günlük Içecekler, Süt Yoğurt Ve Günlük Paketli, Ayran, Ayran Ve Kefirler",migros,Balıkesir Eskiterminal M,14.0,"46,67 ₺/lt",02.06.2025 10:19,0,BALIKESİR
Ayran,Eker Ayran 1 lt,Eker,"Günlük Içecek, Gıda, Günlük Içecekler, Self Servıs, Günlük, Süt Yoğurt Ve Günlük Paketli, Ayran",carrefour,Balıkesır 2 Süper,38.95,"38,95 ₺/lt",02.06.2025 10:19,0,BALIKESİR
Ayran,Eker Ayran 1 lt,Eker,"Günlük Içecek, Gıda, Günlük Içecekler, Self Servıs, Günlük, Süt Yoğurt Ve Günlük Paketli, Ayran",migros,Salıpazarı Balıkesir M Migros,39.5,"39,50 ₺/lt",02.06.2025 10:19,0,BALIKESİR
Ayran,Sek 300 Ml Naneli Ayran,Sek,"1702-sütlü Mamuller, 17-grup Spot, 170214-küçük Ayran",bim,Anafartalar  Balıkesir,11.5,"38,33 ₺/lt",02.06.2025 10:18,0,BALIKESİR
Ayran,Migros Bardak Ayran 300 ml,Migros,"Pl Ayran, Pl Süt Yoğurt Ve Günlük Paketli, Pl Günlük Içecekler",migros,Balıkesir Eskiterminal M,10.5,"35,00 ₺/lt",02.06.2025 10:19,0,BALIKESİR
Ayran,Sütaş Ayran Şişe 250 Ml,Sütaş,"Süt Ve Sütlü Mamüller, Günlük Içecekler, Süt Yoğurt Ve Günlük Paketli, Ayran, Ayran Ve Kefirler",a101,Elif Sare Karesi Balıkesir,12.5,"50,00 ₺/lt",02.06.2025 10:18,0,BALIKESİR
Ayran,İçim 1.5 Lt Şişe Ayran,Ülker,"Günlük Içecek, Gıda, 020402-büyük Ayran, Self Servıs, Günlük, Günlük Içecekler, 0204-ayran, 02-sütlü Mamuller, Süt Yoğurt Ve Günlük Paketli, Ayran",bim,Anafartalar  Balıkesir,52.5,"35,00 ₺/lt",02.06.2025 10:18,0,BALIKESİR
Ayran,Tarım Kredi Ayran 200 Ml,Tarım Kredi,"Gıda, Yoğurt-ayran-kefi̇r, Süt Ve Süt Ürünleri, Ayran",tarim_kredi,Balıkesir Altıeylül Soma,7.0,"35,00 ₺/lt",02.06.2025 10:19,0,BALIKESİR
Ayran,Tarım Kredi Ayran 285 Ml,Tarım Kredi,"Gıda, Yoğurt-ayran-kefi̇r, Süt Ve Süt Ürünleri, Ayran",tarim_kredi,Balıkesir Altıeylül Soma,9.9,"34,74 ₺/lt",02.06.2025 10:19,0,BALIKESİR
Ayran,Ayran Bardak 200 ml Dost,Dost,"020401-küçük Ayran, 0204-ayran, 02-sütlü Mamuller",bim,Anafartalar  Balıkesir,7.0,"35,00 ₺/lt",02.06.2025 10:19,0,BALIKESİR
Ayran,Ayran Şişe 1500 Ml Dost,Dost,"020402-büyük Ayran, 0204-ayran, 02-sütlü Mamuller",bim,Anafartalar  Balıkesir,41.5,"27,67 ₺/lt",02.06.2025 10:19,0,BALIKESİR
Ayran,Eker Tombul Ayran 195 Ml,Eker,"Günlük Içecek, Gıda, Günlük Içecekler, Self Servıs, Günlük, Süt Yoğurt Ve Günlük Paketli, Ayran",migros,Balıkesir Eskiterminal M,14.5,"74,36 ₺/lt",02.06.2025 10:19,0,BALIKESİR
Ayran,Ayran Şişe 1 Lt Binvezir,Binvezir,"020402-büyük Ayran, 0204-ayran, 02-sütlü Mamuller",bim,Anafartalar  Balıkesir,24.5,"24,50 ₺/lt",02.06.2025 10:19,0,BALIKESİR
Ayran,"Ayran %0,8 Yağlı 170 Ml Yörükoğlu",Yörükoğlu,"1702-sütlü Mamuller, 17-grup Spot, 170214-küçük Ayran",bim,Anafartalar  Balıkesir,5.0,"5.000,00 ₺/lt",02.06.2025 10:19,0,BALIKESİR
Ayran,"%0,8 Yağlı Ayran 200 Ml Sek",Sek,"1702-sütlü Mamuller, 17-grup Spot, 170214-küçük Ayran",bim,Anafartalar  Balıkesir,6.5,"32,50 ₺/lt",02.06.2025 10:18,0,BALIKESİR
Ayran,"Dost 2 Lt %1,2 Yağlı Ayran",Dost,"1702-sütlü Mamuller, 17-grup Spot, 170215-büyük Ayran",bim,Anafartalar  Balıkesir,49.5,"49.500,00 ₺/lt",02.06.2025 10:18,0,BALIKESİR
Ayran,Tam Yağlı Ayran İçim 2 Lt,İçim,"1702-sütlü Mamuller, 17-grup Spot, 170215-büyük Ayran",bim,Anafartalar  Balıkesir,59.0,"29,50 ₺/lt",02.06.2025 10:18,0,BALIKESİR
Ayran,Özerhisar Ayran Cam Şişe 245 Ml,Özerhisar,"Günlük Içecekler, Süt Yoğurt Ve Günlük Paketli, Ayran",migros,Balıkesir Eskiterminal M,34.95,"142,65 ₺/lt",02.06.2025 10:18,0,BALIKESİR
Ayran,Mis Ayran Tam Yağlı 1.5 Lt,Mis,"Süt-yoğurt-günlük Paketli-katı Yağ, Ayran, Şişe Ayran, Günlük Ve Diğer Şarküteri",sok,Balıkesir Anafartalar,37.0,"24,67 ₺/lt",02.06.2025 10:19,0,BALIKESİR
Ayran,Sütaş Pratik Şişe Ayran 2 lt,Sütaş,"Gıda, Yoğurt-ayran-kefi̇r, Ayranlar, Günlük Içecekler, Süt Ve Süt Ürünleri, Süt Yoğurt Ve Günlük Paketli, Ayran",tarim_kredi,Balıkesir Altıeylül Karanfil,59.9,"29,95 ₺/lt",02.06.2025 10:19,0,BALIKESİR
Ayran,Tarım Kredi Şişe Ayran 1500 Ml,Tarım Kredi,"Gıda, Yoğurt-ayran-kefi̇r, Süt Ve Süt Ürünleri, Ayran",tarim_kredi,Balıkesir Altıeylül Soma,41.5,"27,67 ₺/lt",02.06.2025 10:19,0,BALIKESİR
Ayran,Mis Bardak Ayran Tam Yağlı 285 Ml,Mis,"Süt-yoğurt-günlük Paketli-katı Yağ, Bardak Ayran, Ayran, Günlük Ve Diğer Şarküteri",sok,Balıkesir Anafartalar,9.25,"32,46 ₺/lt",02.06.2025 10:19,0,BALIKESİR
Ayran,"Yörsan Susurluk Ayran %2,3 Yağlı 1 lt",Yörsan,"Günlük Içecekler, Süt Yoğurt Ve Günlük Paketli, Ayran",migros,Balıkesir Eskiterminal M,37.5,"37,50 ₺/lt",02.06.2025 10:18,0,BALIKESİR
Ayran,Torku 1 Lt Ayran,Torku,"1702-sütlü Mamuller, 17-grup Spot, 170215-büyük Ayran",bim,Ulucami  Osmangazi  Bursa,32.5,"32.500,00 ₺/lt",02.06.2025 10:19,0,BURSA
Ayran,Sek Ayran 285 Ml,Sek,"Günlük Içecekler, Süt Yoğurt Ve Günlük Paketli, Ayran",migros,Zafer Plaza Bursa Mm Migros,13.95,"48,95 ₺/lt",02.06.2025 10:19,0,BURSA
Ayran,Sütaş 200 Ml Ayran,Sütaş,"Günlük Içecekler, Süt Yoğurt Ve Günlük Paketli, Ayran",migros,Mjet Bursa Darmstad,9.85,"49,25 ₺/lt",02.06.2025 10:19,0,BURSA
Ayran,Torku Ayran 2 l,Torku,"020402-büyük Ayran, Günlük Içecekler, 0204-ayran, Süt Yoğurt Ve Günlük Paketli, Ayran, 02-sütlü Mamuller",bim,Ulucami  Osmangazi  Bursa,72.5,"36,25 ₺/lt",02.06.2025 10:19,0,BURSA
Ayran,Sütaş Ayran 300 ml,Sütaş,"Süt Ve Sütlü Mamüller, Günlük Içecekler, Süt Yoğurt Ve Günlük Paketli, Ayran, Ayran Ve Kefirler",migros,Mjet Şehreküstü Bursa,14.0,"46,67 ₺/lt",02.06.2025 10:19,0,BURSA
Ayran,Eker Ayran 1 lt,Eker,"Günlük Içecek, Gıda, Günlük Içecekler, Self Servıs, Günlük, Süt Yoğurt Ve Günlük Paketli, Ayran",carrefour,Bursa Heykel Süper,38.95,"38,95 ₺/lt",02.06.2025 10:19,0,BURSA
Ayran,Eker Ayran 1 lt,Eker,"Günlük Içecek, Gıda, Günlük Içecekler, Self Servıs, Günlük, Süt Yoğurt Ve Günlük Paketli, Ayran",migros,Zafer Plaza Bursa Mm Migros,39.5,"39,50 ₺/lt",02.06.2025 10:19,0,BURSA
Ayran,Sek 300 Ml Naneli Ayran,Sek,"1702-sütlü Mamuller, 17-grup Spot, 170214-küçük Ayran",bim,Ulucami  Osmangazi  Bursa,11.5,"38,33 ₺/lt",02.06.2025 10:18,0,BURSA
Ayran,Migros Bardak Ayran 300 ml,Migros,"Pl Ayran, Pl Süt Yoğurt Ve Günlük Paketli, Pl Günlük Içecekler",migros,Mjet Bursa Darmstad,10.5,"35,00 ₺/lt",02.06.2025 10:19,0,BURSA
Ayran,Sütaş Ayran Şişe 250 Ml,Sütaş,"Süt Ve Sütlü Mamüller, Günlük Içecekler, Süt Yoğurt Ve Günlük Paketli, Ayran, Ayran Ve Kefirler",a101,Hocaalizade Mah Osmangazi Bursa,12.5,"50,00 ₺/lt",02.06.2025 10:18,0,BURSA
Ayran,İçim 1.5 Lt Şişe Ayran,Ülker,"Günlük Içecek, Gıda, 020402-büyük Ayran, Self Servıs, Günlük, Günlük Içecekler, 0204-ayran, 02-sütlü Mamuller, Süt Yoğurt Ve Günlük Paketli, Ayran",bim,Ulucami  Osmangazi  Bursa,52.5,"35,00 ₺/lt",02.06.2025 10:18,0,BURSA
Ayran,İçim 1.5 Lt Şişe Ayran,Ülker,"Günlük Içecek, Gıda, 020402-büyük Ayran, Self Servıs, Günlük, Günlük Içecekler, 0204-ayran, 02-sütlü Mamuller, Süt Yoğurt Ve Günlük Paketli, Ayran",carrefour,Bursa Maya Hıper,53.95,"35,97 ₺/lt",02.06.2025 10:18,0,BURSA
Ayran,Tarım Kredi Ayran 200 Ml,Tarım Kredi,"Gıda, Yoğurt-ayran-kefi̇r, Süt Ve Süt Ürünleri, Ayran",tarim_kredi,Bursa Yıldırım Market,7.0,"35,00 ₺/lt",02.06.2025 10:19,0,BURSA
Ayran,Tarım Kredi Ayran 285 Ml,Tarım Kredi,"Gıda, Yoğurt-ayran-kefi̇r, Süt Ve Süt Ürünleri, Ayran",tarim_kredi,Bursa Yıldırım Market,9.9,"34,74 ₺/lt",02.06.2025 10:19,0,BURSA
Ayran,Ayran Bardak 200 ml Dost,Dost,"020401-küçük Ayran, 0204-ayran, 02-sütlü Mamuller",bim,Ulucami  Osmangazi  Bursa,7.0,"35,00 ₺/lt",02.06.2025 10:19,0,BURSA
Ayran,Ayran Şişe 1500 Ml Dost,Dost,"020402-büyük Ayran, 0204-ayran, 02-sütlü Mamuller",bim,Ulucami  Osmangazi  Bursa,41.5,"27,67 ₺/lt",02.06.2025 10:19,0,BURSA
Ayran,Eker Tombul Ayran 195 Ml,Eker,"Günlük Içecek, Gıda, Günlük Içecekler, Self Servıs, Günlük, Süt Yoğurt Ve Günlük Paketli, Ayran",carrefour,Bursa Heykel Süper,15.15,"77,69 ₺/lt",02.06.2025 10:19,0,BURSA
Ayran,Ayran Şişe 1 Lt Binvezir,Binvezir,"020402-büyük Ayran, 0204-ayran, 02-sütlü Mamuller",bim,Ulucami  Osmangazi  Bursa,24.5,"24,50 ₺/lt",02.06.2025 10:19,0,BURSA
Ayran,"Ayran %0,8 Yağlı 170 Ml Yörükoğlu",Yörükoğlu,"1702-sütlü Mamuller, 17-grup Spot, 170214-küçük Ayran",bim,Ulucami  Osmangazi  Bursa,5.0,"5.000,00 ₺/lt",02.06.2025 10:19,0,BURSA
Ayran,"%0,8 Yağlı Ayran 200 Ml Sek",Sek,"1702-sütlü Mamuller, 17-grup Spot, 170214-küçük Ayran",bim,Ulucami  Osmangazi  Bursa,6.5,"32,50 ₺/lt",02.06.2025 10:18,0,BURSA
Ayran,"Dost 2 Lt %1,2 Yağlı Ayran",Dost,"1702-sütlü Mamuller, 17-grup Spot, 170215-büyük Ayran",bim,Ulucami  Osmangazi  Bursa,49.5,"49.500,00 ₺/lt",02.06.2025 10:18,0,BURSA
Ayran,Tam Yağlı Ayran İçim 2 Lt,İçim,"1702-sütlü Mamuller, 17-grup Spot, 170215-büyük Ayran",bim,Ulucami  Osmangazi  Bursa,59.0,"29,50 ₺/lt",02.06.2025 10:18,0,BURSA
Ayran,Özerhisar Ayran Cam Şişe 1 lt,Özerhisar,"Günlük Içecekler, Süt Yoğurt Ve Günlük Paketli, Ayran",migros,Mjet Kükürtlü Bursa,104.95,"104,95 ₺/lt",02.06.2025 10:18,0,BURSA
Ayran,Özerhisar Ayran Cam Şişe 245 Ml,Özerhisar,"Günlük Içecekler, Süt Yoğurt Ve Günlük Paketli, Ayran",migros,Zafer Plaza Bursa Mm Migros,34.95,"142,65 ₺/lt",02.06.2025 10:18,0,BURSA
Ayran,Mis Ayran Tam Yağlı 1.5 Lt,Mis,"Süt-yoğurt-günlük Paketli-katı Yağ, Ayran, Şişe Ayran, Günlük Ve Diğer Şarküteri",sok,Bursa Osmangazi Mağaz,37.0,"24,67 ₺/lt",02.06.2025 10:19,0,BURSA
Ayran,Sütaş Pratik Şişe Ayran 2 lt,Sütaş,"Gıda, Yoğurt-ayran-kefi̇r, Ayranlar, Günlük Içecekler, Süt Ve Süt Ürünleri, Süt Yoğurt Ve Günlük Paketli, Ayran",tarim_kredi,Bursa Yıldırım Market,59.9,"29,95 ₺/lt",02.06.2025 10:19,0,BURSA
Ayran,Sütaş Pratik Şişe Ayran 2 lt,Sütaş,"Gıda, Yoğurt-ayran-kefi̇r, Ayranlar, Günlük Içecekler, Süt Ve Süt Ürünleri, Süt Yoğurt Ve Günlük Paketli, Ayran",migros,Zafer Plaza Bursa Mm Migros,69.95,"34,97 ₺/lt",02.06.2025 10:19,0,BURSA
Ayran,Torku Tam Yağlı Ayran 200 Ml,Torku,"Günlük Içecekler, Süt Yoğurt Ve Günlük Paketli, Ayran",migros,Zafer Plaza Bursa Mm Migros,8.0,"40,00 ₺/lt",02.06.2025 10:19,0,BURSA
Ayran,Torku 1 Lt Ayran,Torku,"1702-sütlü Mamuller, 17-grup Spot, 170215-büyük Ayran",bim,15 Mayıs Mah  Denizli,32.5,"32.500,00 ₺/lt",02.06.2025 10:19,0,DENİZLİ
Ayran,Sek Ayran 285 Ml,Sek,"Günlük Içecekler, Süt Yoğurt Ve Günlük Paketli, Ayran",migros,5m Horizon Garden Avm Denizli,13.95,"48,95 ₺/lt",02.06.2025 10:19,0,DENİZLİ
Ayran,Sütaş 200 Ml Ayran,Sütaş,"Günlük Içecekler, Süt Yoğurt Ve Günlük Paketli, Ayran",migros,5m Horizon Garden Avm Denizli,9.85,"49,25 ₺/lt",02.06.2025 10:19,0,DENİZLİ
Ayran,Torku Ayran 2 l,Torku,"020402-büyük Ayran, Günlük Içecekler, 0204-ayran, Süt Yoğurt Ve Günlük Paketli, Ayran, 02-sütlü Mamuller",migros,Demokrasi Meydanı Denizli M,59.9,"29,95 ₺/lt",02.06.2025 10:19,0,DENİZLİ
Ayran,Torku Ayran 2 l,Torku,"020402-büyük Ayran, Günlük Içecekler, 0204-ayran, Süt Yoğurt Ve Günlük Paketli, Ayran, 02-sütlü Mamuller",bim,15 Mayıs Mah  Denizli,72.5,"36,25 ₺/lt",02.06.2025 10:19,0,DENİZLİ
Ayran,Arslan Ayran 1 lt,Arslan,"Günlük Içecekler, Süt Yoğurt Ve Günlük Paketli, Ayran",migros,Demokrasi Meydanı Denizli M,89.95,"89,95 ₺/kg",02.06.2025 10:19,0,DENİZLİ
Ayran,Sütaş Ayran 300 ml,Sütaş,"Süt Ve Sütlü Mamüller, Günlük Içecekler, Süt Yoğurt Ve Günlük Paketli, Ayran, Ayran Ve Kefirler",migros,Demokrasi Meydanı Denizli M,14.0,"46,67 ₺/lt",02.06.2025 10:19,0,DENİZLİ
Ayran,Eker Ayran 1 lt,Eker,"Günlük Içecek, Gıda, Günlük Içecekler, Self Servıs, Günlük, Süt Yoğurt Ve Günlük Paketli, Ayran",carrefour,Denızlı Ünıversıte Süper,38.95,"38,95 ₺/lt",02.06.2025 10:19,0,DENİZLİ
Ayran,Sek 300 Ml Naneli Ayran,Sek,"1702-sütlü Mamuller, 17-grup Spot, 170214-küçük Ayran",bim,15 Mayıs Mah  Denizli,11.5,"38,33 ₺/lt",02.06.2025 10:18,0,DENİZLİ
Ayran,Migros Bardak Ayran 300 ml,Migros,"Pl Ayran, Pl Süt Yoğurt Ve Günlük Paketli, Pl Günlük Içecekler",migros,5m Horizon Garden Avm Denizli,10.5,"35,00 ₺/lt",02.06.2025 10:19,0,DENİZLİ
Ayran,Sütaş Ayran Şişe 250 Ml,Sütaş,"Süt Ve Sütlü Mamüller, Günlük Içecekler, Süt Yoğurt Ve Günlük Paketli, Ayran, Ayran Ve Kefirler",a101,Kayalık Pamukkale Denizli,12.5,"50,00 ₺/lt",02.06.2025 10:18,0,DENİZLİ
Ayran,Sütaş Ayran Şişe 250 Ml,Sütaş,"Süt Ve Sütlü Mamüller, Günlük Içecekler, Süt Yoğurt Ve Günlük Paketli, Ayran, Ayran Ve Kefirler",migros,5m Horizon Garden Avm Denizli,14.5,"58,00 ₺/lt",02.06.2025 10:18,0,DENİZLİ
Ayran,İçim 1.5 Lt Şişe Ayran,Ülker,"Günlük Içecek, Gıda, 020402-büyük Ayran, Self Servıs, Günlük, Günlük Içecekler, 0204-ayran, 02-sütlü Mamuller, Süt Yoğurt Ve Günlük Paketli, Ayran",bim,15 Mayıs Mah  Denizli,52.5,"35,00 ₺/lt",02.06.2025 10:18,0,DENİZLİ
Ayran,İçim 1.5 Lt Şişe Ayran,Ülker,"Günlük Içecek, Gıda, 020402-büyük Ayran, Self Servıs, Günlük, Günlük Içecekler, 0204-ayran, 02-sütlü Mamuller, Süt Yoğurt Ve Günlük Paketli, Ayran",carrefour,Denızlı Teras Park Hıper,53.95,"35,97 ₺/lt",02.06.2025 10:18,0,DENİZLİ
Ayran,Ayran Bardak 200 ml Dost,Dost,"020401-küçük Ayran, 0204-ayran, 02-sütlü Mamuller",bim,15 Mayıs Mah  Denizli,7.0,"35,00 ₺/lt",02.06.2025 10:19,0,DENİZLİ
Ayran,Ayran Şişe 1500 Ml Dost,Dost,"020402-büyük Ayran, 0204-ayran, 02-sütlü Mamuller",bim,15 Mayıs Mah  Denizli,41.5,"27,67 ₺/lt",02.06.2025 10:19,0,DENİZLİ
Ayran,Eker Tombul Ayran 195 Ml,Eker,"Günlük Içecek, Gıda, Günlük Içecekler, Self Servıs, Günlük, Süt Yoğurt Ve Günlük Paketli, Ayran",carrefour,Denızlı Acıpayam Blv Süper,15.15,"77,69 ₺/lt",02.06.2025 10:19,0,DENİZLİ
Ayran,Ayran Şişe 1 Lt Binvezir,Binvezir,"020402-büyük Ayran, 0204-ayran, 02-sütlü Mamuller",bim,15 Mayıs Mah  Denizli,24.5,"24,50 ₺/lt",02.06.2025 10:19,0,DENİZLİ
Ayran,"Ayran %0,8 Yağlı 170 Ml Yörükoğlu",Yörükoğlu,"1702-sütlü Mamuller, 17-grup Spot, 170214-küçük Ayran",bim,15 Mayıs Mah  Denizli,5.0,"5.000,00 ₺/lt",02.06.2025 10:19,0,DENİZLİ
Ayran,"%0,8 Yağlı Ayran 200 Ml Sek",Sek,"1702-sütlü Mamuller, 17-grup Spot, 170214-küçük Ayran",bim,15 Mayıs Mah  Denizli,6.5,"32,50 ₺/lt",02.06.2025 10:18,0,DENİZLİ
Ayran,"Dost 2 Lt %1,2 Yağlı Ayran",Dost,"1702-sütlü Mamuller, 17-grup Spot, 170215-büyük Ayran",bim,15 Mayıs Mah  Denizli,49.5,"49.500,00 ₺/lt",02.06.2025 10:18,0,DENİZLİ
Ayran,Tam Yağlı Ayran İçim 2 Lt,İçim,"1702-sütlü Mamuller, 17-grup Spot, 170215-büyük Ayran",bim,15 Mayıs Mah  Denizli,59.0,"29,50 ₺/lt",02.06.2025 10:18,0,DENİZLİ
Ayran,Mis Ayran Tam Yağlı 1.5 Lt,Mis,"Süt-yoğurt-günlük Paketli-katı Yağ, Ayran, Şişe Ayran, Günlük Ve Diğer Şarküteri",sok,Denizli Saltak Cadde,37.0,"24,67 ₺/lt",02.06.2025 10:19,0,DENİZLİ
Ayran,Tire Süt Kooperatifi Ayran 200 ml,Tire Süt Kooperatifi,"Günlük Içecek, Gıda, Günlük Içecekler, Self Servıs, Günlük, Süt Yoğurt Ve Günlük Paketli, Ayran",migros,5m Horizon Garden Avm Denizli,10.75,"53,75 ₺/lt",02.06.2025 10:19,0,DENİZLİ
Ayran,Sütaş Pratik Şişe Ayran 2 lt,Sütaş,"Gıda, Yoğurt-ayran-kefi̇r, Ayranlar, Günlük Içecekler, Süt Ve Süt Ürünleri, Süt Yoğurt Ve Günlük Paketli, Ayran",migros,Mjet Denizli Istiklal,69.95,"34,97 ₺/lt",02.06.2025 10:19,0,DENİZLİ
Ayran,Torku Tam Yağlı Ayran 200 Ml,Torku,"Günlük Içecekler, Süt Yoğurt Ve Günlük Paketli, Ayran",migros,Mjet Denizli Istiklal,8.0,"40,00 ₺/lt",02.06.2025 10:19,0,DENİZLİ
Ayran,Mis Bardak Ayran Tam Yağlı 285 Ml,Mis,"Süt-yoğurt-günlük Paketli-katı Yağ, Bardak Ayran, Ayran, Günlük Ve Diğer Şarküteri",sok,Denizli Saltak Cadde,9.25,"32,46 ₺/lt",02.06.2025 10:19,0,DENİZLİ
Ayran,"Yörsan Susurluk Ayran %2,3 Yağlı 265 Ml",Yörsan,"Günlük Içecekler, Süt Yoğurt Ve Günlük Paketli, Ayran",migros,5m Horizon Garden Avm Denizli,15.5,"58,49 ₺/lt",02.06.2025 10:18,0,DENİZLİ
Ayran,Torku 1 Lt Ayran,Torku,"1702-sütlü Mamuller, 17-grup Spot, 170215-büyük Ayran",bim,Vilayet  Yenişehir  Diyarbakır,32.5,"32.500,00 ₺/lt",02.06.2025 10:19,0,DİYARBAKIR
Ayran,Sek Ayran 285 Ml,Sek,"Günlük Içecekler, Süt Yoğurt Ve Günlük Paketli, Ayran",migros,Istasyon Caddiyarbakır Mm,13.95,"48,95 ₺/lt",02.06.2025 10:19,0,DİYARBAKIR
Ayran,Sütaş 200 Ml Ayran,Sütaş,"Günlük Içecekler, Süt Yoğurt Ve Günlük Paketli, Ayran",migros,Diyarbakır Mm Mıgros,9.85,"49,25 ₺/lt",02.06.2025 10:19,0,DİYARBAKIR
Ayran,Torku Ayran 2 l,Torku,"020402-büyük Ayran, Günlük Içecekler, 0204-ayran, Süt Yoğurt Ve Günlük Paketli, Ayran, 02-sütlü Mamuller",migros,Nctıy Avm Diyarbakır M,64.9,"32,45 ₺/lt",02.06.2025 10:19,0,DİYARBAKIR
Ayran,Torku Ayran 2 l,Torku,"020402-büyük Ayran, Günlük Içecekler, 0204-ayran, Süt Yoğurt Ve Günlük Paketli, Ayran, 02-sütlü Mamuller",bim,Vilayet  Yenişehir  Diyarbakır,72.5,"36,25 ₺/lt",02.06.2025 10:19,0,DİYARBAKIR
Ayran,Sütaş Ayran 300 ml,Sütaş,"Süt Ve Sütlü Mamüller, Günlük Içecekler, Süt Yoğurt Ve Günlük Paketli, Ayran, Ayran Ve Kefirler",a101,Yenişehir Yenişehir Diyarbakır,13.9,"46,33 ₺/lt",02.06.2025 10:19,0,DİYARBAKIR
Ayran,Sütaş Ayran 300 ml,Sütaş,"Süt Ve Sütlü Mamüller, Günlük Içecekler, Süt Yoğurt Ve Günlük Paketli, Ayran, Ayran Ve Kefirler",migros,Diyarbakır Mm Mıgros,14.0,"46,67 ₺/lt",02.06.2025 10:19,0,DİYARBAKIR
Ayran,Eker Ayran 1 lt,Eker,"Günlük Içecek, Gıda, Günlük Içecekler, Self Servıs, Günlük, Süt Yoğurt Ve Günlük Paketli, Ayran",migros,Istasyon Caddiyarbakır Mm,39.5,"39,50 ₺/lt",02.06.2025 10:19,0,DİYARBAKIR
Ayran,Sek 300 Ml Naneli Ayran,Sek,"1702-sütlü Mamuller, 17-grup Spot, 170214-küçük Ayran",bim,Vilayet  Yenişehir  Diyarbakır,11.5,"38,33 ₺/lt",02.06.2025 10:18,0,DİYARBAKIR
Ayran,Migros Bardak Ayran 300 ml,Migros,"Pl Ayran, Pl Süt Yoğurt Ve Günlük Paketli, Pl Günlük Içecekler",migros,Mjet Diyarbakır Ofis,10.5,"35,00 ₺/lt",02.06.2025 10:19,0,DİYARBAKIR
Ayran,Sütaş Ayran Şişe 250 Ml,Sütaş,"Süt Ve Sütlü Mamüller, Günlük Içecekler, Süt Yoğurt Ve Günlük Paketli, Ayran, Ayran Ve Kefirler",a101,Yenişehir Yenişehir Diyarbakır,12.5,"50,00 ₺/lt",02.06.2025 10:18,0,DİYARBAKIR
Ayran,İçim 1.5 Lt Şişe Ayran,Ülker,"Günlük Içecek, Gıda, 020402-büyük Ayran, Self Servıs, Günlük, Günlük Içecekler, 0204-ayran, 02-sütlü Mamuller, Süt Yoğurt Ve Günlük Paketli, Ayran",bim,Vilayet  Yenişehir  Diyarbakır,52.5,"35,00 ₺/lt",02.06.2025 10:18,0,DİYARBAKIR
Ayran,Tarım Kredi Ayran 200 Ml,Tarım Kredi,"Gıda, Yoğurt-ayran-kefi̇r, Süt Ve Süt Ürünleri, Ayran",tarim_kredi,Diyarbakır Bağlar Mehmet Uzun,7.0,"35,00 ₺/lt",02.06.2025 10:19,0,DİYARBAKIR
Ayran,Tarım Kredi Ayran 285 Ml,Tarım Kredi,"Gıda, Yoğurt-ayran-kefi̇r, Süt Ve Süt Ürünleri, Ayran",tarim_kredi,Diyarbakır Bağlar Mehmet Uzun,9.9,"34,74 ₺/lt",02.06.2025 10:19,0,DİYARBAKIR
Ayran,Ayran Bardak 200 ml Dost,Dost,"020401-küçük Ayran, 0204-ayran, 02-sütlü Mamuller",bim,Vilayet  Yenişehir  Diyarbakır,7.0,"35,00 ₺/lt",02.06.2025 10:19,0,DİYARBAKIR
Ayran,Ayran Şişe 1500 Ml Dost,Dost,"020402-büyük Ayran, 0204-ayran, 02-sütlü Mamuller",bim,Vilayet  Yenişehir  Diyarbakır,41.5,"27,67 ₺/lt",02.06.2025 10:19,0,DİYARBAKIR
Ayran,Ayran Şişe 1 Lt Binvezir,Binvezir,"020402-büyük Ayran, 0204-ayran, 02-sütlü Mamuller",bim,Vilayet  Yenişehir  Diyarbakır,24.5,"24,50 ₺/lt",02.06.2025 10:19,0,DİYARBAKIR
Ayran,"Ayran %0,8 Yağlı 170 Ml Yörükoğlu",Yörükoğlu,"1702-sütlü Mamuller, 17-grup Spot, 170214-küçük Ayran",bim,Vilayet  Yenişehir  Diyarbakır,5.0,"5.000,00 ₺/lt",02.06.2025 10:19,0,DİYARBAKIR
Ayran,"%0,8 Yağlı Ayran 200 Ml Sek",Sek,"1702-sütlü Mamuller, 17-grup Spot, 170214-küçük Ayran",bim,Vilayet  Yenişehir  Diyarbakır,6.5,"32,50 ₺/lt",02.06.2025 10:18,0,DİYARBAKIR
Ayran,"Dost 2 Lt %1,2 Yağlı Ayran",Dost,"1702-sütlü Mamuller, 17-grup Spot, 170215-büyük Ayran",bim,Vilayet  Yenişehir  Diyarbakır,49.5,"49.500,00 ₺/lt",02.06.2025 10:18,0,DİYARBAKIR
Ayran,Tam Yağlı Ayran İçim 2 Lt,İçim,"1702-sütlü Mamuller, 17-grup Spot, 170215-büyük Ayran",bim,Vilayet  Yenişehir  Diyarbakır,59.0,"29,50 ₺/lt",02.06.2025 10:18,0,DİYARBAKIR
Ayran,Mis Ayran Tam Yağlı 1.5 Lt,Mis,"Süt-yoğurt-günlük Paketli-katı Yağ, Ayran, Şişe Ayran, Günlük Ve Diğer Şarküteri",sok,Diyarbakır Balıkçılarbaşı,37.0,"24,67 ₺/lt",02.06.2025 10:19,0,DİYARBAKIR
Ayran,Sütaş Pratik Şişe Ayran 2 lt,Sütaş,"Gıda, Yoğurt-ayran-kefi̇r, Ayranlar, Günlük Içecekler, Süt Ve Süt Ürünleri, Süt Yoğurt Ve Günlük Paketli, Ayran",tarim_kredi,Diyarbakır Bağlar Mehmet Uzun,59.9,"29,95 ₺/lt",02.06.2025 10:19,0,DİYARBAKIR
Ayran,Sütaş Pratik Şişe Ayran 2 lt,Sütaş,"Gıda, Yoğurt-ayran-kefi̇r, Ayranlar, Günlük Içecekler, Süt Ve Süt Ürünleri, Süt Yoğurt Ve Günlük Paketli, Ayran",migros,Istasyon Caddiyarbakır Mm,69.95,"34,97 ₺/lt",02.06.2025 10:19,0,DİYARBAKIR
Ayran,Torku Tam Yağlı Ayran 200 Ml,Torku,"Günlük Içecekler, Süt Yoğurt Ve Günlük Paketli, Ayran",migros,Mjet Diyarbakır Ofis,8.0,"40,00 ₺/lt",02.06.2025 10:19,0,DİYARBAKIR
Ayran,Tarım Kredi Şişe Ayran 1500 Ml,Tarım Kredi,"Gıda, Yoğurt-ayran-kefi̇r, Süt Ve Süt Ürünleri, Ayran",tarim_kredi,Diyarbakır Bağlar Mehmet Uzun,41.5,"27,67 ₺/lt",02.06.2025 10:19,0,DİYARBAKIR
Ayran,Mis Bardak Ayran Tam Yağlı 285 Ml,Mis,"Süt-yoğurt-günlük Paketli-katı Yağ, Bardak Ayran, Ayran, Günlük Ve Diğer Şarküteri",sok,Diyarbakır Balıkçılarbaşı,9.25,"32,46 ₺/lt",02.06.2025 10:19,0,DİYARBAKIR
Ayran,Mis Bardak Ayran Tam Yağlı 200 Ml,Mis,"Süt-yoğurt-günlük Paketli-katı Yağ, Bardak Ayran, Ayran, Günlük Ve Diğer Şarküteri",sok,Diyarbakır Balıkçılarbaşı,7.0,"35,00 ₺/lt",02.06.2025 10:19,0,DİYARBAKIR
Ayran,Torku 1 Lt Ayran,Torku,"1702-sütlü Mamuller, 17-grup Spot, 170215-büyük Ayran",bim,Yakutiye  Erzurum,32.5,"32.500,00 ₺/lt",02.06.2025 10:19,0,ERZURUM
Ayran,Sek Ayran 285 Ml,Sek,"Günlük Içecekler, Süt Yoğurt Ve Günlük Paketli, Ayran",migros,Kazım Karabekir Erzurum M,13.95,"48,95 ₺/lt",02.06.2025 10:19,0,ERZURUM
Ayran,Sütaş 200 Ml Ayran,Sütaş,"Günlük Içecekler, Süt Yoğurt Ve Günlük Paketli, Ayran",migros,Mjet Erzurum Paşalar,9.85,"49,25 ₺/lt",02.06.2025 10:19,0,ERZURUM
Ayran,Torku Ayran 2 l,Torku,"020402-büyük Ayran, Günlük Içecekler, 0204-ayran, Süt Yoğurt Ve Günlük Paketli, Ayran, 02-sütlü Mamuller",bim,Yakutiye  Erzurum,72.5,"36,25 ₺/lt",02.06.2025 10:19,0,ERZURUM
Ayran,Sütaş Ayran 300 ml,Sütaş,"Süt Ve Sütlü Mamüller, Günlük Içecekler, Süt Yoğurt Ve Günlük Paketli, Ayran, Ayran Ve Kefirler",a101,Er Konut  Erzurum Yakutiye Erzurum,13.9,"46,33 ₺/lt",02.06.2025 10:19,0,ERZURUM
Ayran,Eker Ayran 1 lt,Eker,"Günlük Içecek, Gıda, Günlük Içecekler, Self Servıs, Günlük, Süt Yoğurt Ve Günlük Paketli, Ayran",migros,Serracity Avm Erzurum M Migros,39.5,"39,50 ₺/lt",02.06.2025 10:19,0,ERZURUM
Ayran,Sek 300 Ml Naneli Ayran,Sek,"1702-sütlü Mamuller, 17-grup Spot, 170214-küçük Ayran",bim,Yakutiye  Erzurum,11.5,"38,33 ₺/lt",02.06.2025 10:18,0,ERZURUM
Ayran,Migros Bardak Ayran 300 ml,Migros,"Pl Ayran, Pl Süt Yoğurt Ve Günlük Paketli, Pl Günlük Içecekler",migros,Serracity Avm Erzurum M Migros,10.5,"35,00 ₺/lt",02.06.2025 10:19,0,ERZURUM
Ayran,Sütaş Ayran Şişe 250 Ml,Sütaş,"Süt Ve Sütlü Mamüller, Günlük Içecekler, Süt Yoğurt Ve Günlük Paketli, Ayran, Ayran Ve Kefirler",a101,Ferah Yakutiye Erzurum,12.5,"50,00 ₺/lt",02.06.2025 10:18,0,ERZURUM
Ayran,İçim 1.5 Lt Şişe Ayran,Ülker,"Günlük Içecek, Gıda, 020402-büyük Ayran, Self Servıs, Günlük, Günlük Içecekler, 0204-ayran, 02-sütlü Mamuller, Süt Yoğurt Ve Günlük Paketli, Ayran",bim,Yakutiye  Erzurum,52.5,"35,00 ₺/lt",02.06.2025 10:18,0,ERZURUM
Ayran,Tarım Kredi Ayran 200 Ml,Tarım Kredi,"Gıda, Yoğurt-ayran-kefi̇r, Süt Ve Süt Ürünleri, Ayran",tarim_kredi,Erzurum Yakutiye Şükrüpaşa,7.0,"35,00 ₺/lt",02.06.2025 10:19,0,ERZURUM
Ayran,Tarım Kredi Ayran 285 Ml,Tarım Kredi,"Gıda, Yoğurt-ayran-kefi̇r, Süt Ve Süt Ürünleri, Ayran",tarim_kredi,Erzurum Yakutiye Şükrüpaşa,9.9,"34,74 ₺/lt",02.06.2025 10:19,0,ERZURUM
Ayran,Ayran Bardak 200 ml Dost,Dost,"020401-küçük Ayran, 0204-ayran, 02-sütlü Mamuller",bim,Yakutiye  Erzurum,7.0,"35,00 ₺/lt",02.06.2025 10:19,0,ERZURUM
Ayran,Ayran Şişe 1500 Ml Dost,Dost,"020402-büyük Ayran, 0204-ayran, 02-sütlü Mamuller",bim,Yakutiye  Erzurum,41.5,"27,67 ₺/lt",02.06.2025 10:19,0,ERZURUM
Ayran,Ayran Şişe 1 Lt Binvezir,Binvezir,"020402-büyük Ayran, 0204-ayran, 02-sütlü Mamuller",bim,Yakutiye  Erzurum,24.5,"24,50 ₺/lt",02.06.2025 10:19,0,ERZURUM
Ayran,"Ayran %0,8 Yağlı 170 Ml Yörükoğlu",Yörükoğlu,"1702-sütlü Mamuller, 17-grup Spot, 170214-küçük Ayran",bim,Yakutiye  Erzurum,5.0,"5.000,00 ₺/lt",02.06.2025 10:19,0,ERZURUM
Ayran,"%0,8 Yağlı Ayran 200 Ml Sek",Sek,"1702-sütlü Mamuller, 17-grup Spot, 170214-küçük Ayran",bim,Yakutiye  Erzurum,6.5,"32,50 ₺/lt",02.06.2025 10:18,0,ERZURUM
Ayran,"Dost 2 Lt %1,2 Yağlı Ayran",Dost,"1702-sütlü Mamuller, 17-grup Spot, 170215-büyük Ayran",bim,Yakutiye  Erzurum,49.5,"49.500,00 ₺/lt",02.06.2025 10:18,0,ERZURUM
Ayran,Tam Yağlı Ayran İçim 2 Lt,İçim,"1702-sütlü Mamuller, 17-grup Spot, 170215-büyük Ayran",bim,Yakutiye  Erzurum,59.0,"29,50 ₺/lt",02.06.2025 10:18,0,ERZURUM
Ayran,Mis Ayran Tam Yağlı 1.5 Lt,Mis,"Süt-yoğurt-günlük Paketli-katı Yağ, Ayran, Şişe Ayran, Günlük Ve Diğer Şarküteri",sok,Erzurum Pelit,37.0,"24,67 ₺/lt",02.06.2025 10:19,0,ERZURUM
Ayran,Sütaş Pratik Şişe Ayran 2 lt,Sütaş,"Gıda, Yoğurt-ayran-kefi̇r, Ayranlar, Günlük Içecekler, Süt Ve Süt Ürünleri, Süt Yoğurt Ve Günlük Paketli, Ayran",tarim_kredi,Erzurum Yakutiye Şükrüpaşa,59.9,"29,95 ₺/lt",02.06.2025 10:19,0,ERZURUM
Ayran,Sütaş Pratik Şişe Ayran 2 lt,Sütaş,"Gıda, Yoğurt-ayran-kefi̇r, Ayranlar, Günlük Içecekler, Süt Ve Süt Ürünleri, Süt Yoğurt Ve Günlük Paketli, Ayran",migros,Sigorta Yakutiye Erzurum M,69.95,"34,97 ₺/lt",02.06.2025 10:19,0,ERZURUM
Ayran,Tarım Kredi Şişe Ayran 1500 Ml,Tarım Kredi,"Gıda, Yoğurt-ayran-kefi̇r, Süt Ve Süt Ürünleri, Ayran",tarim_kredi,Erzurum Yakutiye Şükrüpaşa,41.5,"27,67 ₺/lt",02.06.2025 10:19,0,ERZURUM
Ayran,Mis Bardak Ayran Tam Yağlı 285 Ml,Mis,"Süt-yoğurt-günlük Paketli-katı Yağ, Bardak Ayran, Ayran, Günlük Ve Diğer Şarküteri",sok,Erzurum Pelit,9.25,"32,46 ₺/lt",02.06.2025 10:19,0,ERZURUM
Ayran,Mis Bardak Ayran Tam Yağlı 200 Ml,Mis,"Süt-yoğurt-günlük Paketli-katı Yağ, Bardak Ayran, Ayran, Günlük Ve Diğer Şarküteri",sok,Erzurum Pelit,7.0,"35,00 ₺/lt",02.06.2025 10:19,0,ERZURUM
Ayran,Torku 1 Lt Ayran,Torku,"1702-sütlü Mamuller, 17-grup Spot, 170215-büyük Ayran",bim,Hat Boyutepebaşıeskişehir,32.5,"32.500,00 ₺/lt",02.06.2025 10:19,0,ESKİŞEHİR
Ayran,Sek Ayran 285 Ml,Sek,"Günlük Içecekler, Süt Yoğurt Ve Günlük Paketli, Ayran",migros,Espark Eskişehir Mmm Migros,13.95,"48,95 ₺/lt",02.06.2025 10:19,0,ESKİŞEHİR
Ayran,Sütaş 200 Ml Ayran,Sütaş,"Günlük Içecekler, Süt Yoğurt Ve Günlük Paketli, Ayran",migros,Mjet Sıhhiye Meydanı Eskişehir,9.85,"49,25 ₺/lt",02.06.2025 10:19,0,ESKİŞEHİR
Ayran,Torku Ayran 2 l,Torku,"020402-büyük Ayran, Günlük Içecekler, 0204-ayran, Süt Yoğurt Ve Günlük Paketli, Ayran, 02-sütlü Mamuller",bim,Hat Boyutepebaşıeskişehir,72.5,"36,25 ₺/lt",02.06.2025 10:19,0,ESKİŞEHİR
Ayran,Arslan Ayran 1 lt,Arslan,"Günlük Içecekler, Süt Yoğurt Ve Günlük Paketli, Ayran",migros,Espark Eskişehir Mmm Migros,89.95,"89,95 ₺/kg",02.06.2025 10:19,0,ESKİŞEHİR
Ayran,Sütaş Ayran 300 ml,Sütaş,"Süt Ve Sütlü Mamüller, Günlük Içecekler, Süt Yoğurt Ve Günlük Paketli, Ayran, Ayran Ve Kefirler",migros,Mjet Sıhhiye Meydanı Eskişehir,14.0,"46,67 ₺/lt",02.06.2025 10:19,0,ESKİŞEHİR
Ayran,Eker Ayran 1 lt,Eker,"Günlük Içecek, Gıda, Günlük Içecekler, Self Servıs, Günlük, Süt Yoğurt Ve Günlük Paketli, Ayran",carrefour,Eskışehır Yedıler Süper,38.95,"38,95 ₺/lt",02.06.2025 10:19,0,ESKİŞEHİR
Ayran,Eker Ayran 1 lt,Eker,"Günlük Içecek, Gıda, Günlük Içecekler, Self Servıs, Günlük, Süt Yoğurt Ve Günlük Paketli, Ayran",migros,Cengiz Topel Eskişehir M,39.5,"39,50 ₺/lt",02.06.2025 10:19,0,ESKİŞEHİR
Ayran,Sek 300 Ml Naneli Ayran,Sek,"1702-sütlü Mamuller, 17-grup Spot, 170214-küçük Ayran",bim,Hat Boyutepebaşıeskişehir,11.5,"38,33 ₺/lt",02.06.2025 10:18,0,ESKİŞEHİR
Ayran,Migros Bardak Ayran 300 ml,Migros,"Pl Ayran, Pl Süt Yoğurt Ve Günlük Paketli, Pl Günlük Içecekler",migros,Cengiz Topel Eskişehir M,10.5,"35,00 ₺/lt",02.06.2025 10:19,0,ESKİŞEHİR
Ayran,Arslan Karamaya Ayran 245 Ml,Arslan,"Günlük Içecekler, Süt Yoğurt Ve Günlük Paketli, Ayran",migros,Espark Eskişehir Mmm Migros,27.95,"114,08 ₺/lt",02.06.2025 10:18,0,ESKİŞEHİR
Ayran,Sütaş Ayran Şişe 250 Ml,Sütaş,"Süt Ve Sütlü Mamüller, Günlük Içecekler, Süt Yoğurt Ve Günlük Paketli, Ayran, Ayran Ve Kefirler",a101,Sıhhiye Tepebaşı Eskişehir,12.5,"50,00 ₺/lt",02.06.2025 10:18,0,ESKİŞEHİR
Ayran,İçim 1.5 Lt Şişe Ayran,Ülker,"Günlük Içecek, Gıda, 020402-büyük Ayran, Self Servıs, Günlük, Günlük Içecekler, 0204-ayran, 02-sütlü Mamuller, Süt Yoğurt Ve Günlük Paketli, Ayran",bim,Hat Boyutepebaşıeskişehir,52.5,"35,00 ₺/lt",02.06.2025 10:18,0,ESKİŞEHİR
Ayran,İçim 1.5 Lt Şişe Ayran,Ülker,"Günlük Içecek, Gıda, 020402-büyük Ayran, Self Servıs, Günlük, Günlük Içecekler, 0204-ayran, 02-sütlü Mamuller, Süt Yoğurt Ve Günlük Paketli, Ayran",carrefour,Eskışehır Neo Hıper,53.95,"35,97 ₺/lt",02.06.2025 10:18,0,ESKİŞEHİR
Ayran,Tarım Kredi Ayran 200 Ml,Tarım Kredi,"Gıda, Yoğurt-ayran-kefi̇r, Süt Ve Süt Ürünleri, Ayran",tarim_kredi,Eskişehir Tepebaşı Market,7.0,"35,00 ₺/lt",02.06.2025 10:19,0,ESKİŞEHİR
Ayran,Tarım Kredi Ayran 285 Ml,Tarım Kredi,"Gıda, Yoğurt-ayran-kefi̇r, Süt Ve Süt Ürünleri, Ayran",tarim_kredi,Eskişehir Tepebaşı Market,9.9,"34,74 ₺/lt",02.06.2025 10:19,0,ESKİŞEHİR
Ayran,Ayran Bardak 200 ml Dost,Dost,"020401-küçük Ayran, 0204-ayran, 02-sütlü Mamuller",bim,Hat Boyutepebaşıeskişehir,7.0,"35,00 ₺/lt",02.06.2025 10:19,0,ESKİŞEHİR
Ayran,Ayran Şişe 1500 Ml Dost,Dost,"020402-büyük Ayran, 0204-ayran, 02-sütlü Mamuller",bim,Hat Boyutepebaşıeskişehir,41.5,"27,67 ₺/lt",02.06.2025 10:19,0,ESKİŞEHİR
Ayran,Eker Tombul Ayran 195 Ml,Eker,"Günlük Içecek, Gıda, Günlük Içecekler, Self Servıs, Günlük, Süt Yoğurt Ve Günlük Paketli, Ayran",migros,Espark Eskişehir Mmm Migros,14.5,"74,36 ₺/lt",02.06.2025 10:19,0,ESKİŞEHİR
Ayran,Ayran Şişe 1 Lt Binvezir,Binvezir,"020402-büyük Ayran, 0204-ayran, 02-sütlü Mamuller",bim,Hat Boyutepebaşıeskişehir,24.5,"24,50 ₺/lt",02.06.2025 10:19,0,ESKİŞEHİR
Ayran,"Ayran %0,8 Yağlı 170 Ml Yörükoğlu",Yörükoğlu,"1702-sütlü Mamuller, 17-grup Spot, 170214-küçük Ayran",bim,Hat Boyutepebaşıeskişehir,5.0,"5.000,00 ₺/lt",02.06.2025 10:19,0,ESKİŞEHİR
Ayran,"%0,8 Yağlı Ayran 200 Ml Sek",Sek,"1702-sütlü Mamuller, 17-grup Spot, 170214-küçük Ayran",bim,Hat Boyutepebaşıeskişehir,6.5,"32,50 ₺/lt",02.06.2025 10:18,0,ESKİŞEHİR
Ayran,"Dost 2 Lt %1,2 Yağlı Ayran",Dost,"1702-sütlü Mamuller, 17-grup Spot, 170215-büyük Ayran",bim,Hat Boyutepebaşıeskişehir,49.5,"49.500,00 ₺/lt",02.06.2025 10:18,0,ESKİŞEHİR
Ayran,Tam Yağlı Ayran İçim 2 Lt,İçim,"1702-sütlü Mamuller, 17-grup Spot, 170215-büyük Ayran",bim,Hat Boyutepebaşıeskişehir,59.0,"29,50 ₺/lt",02.06.2025 10:18,0,ESKİŞEHİR
Ayran,Özerhisar Ayran Cam Şişe 245 Ml,Özerhisar,"Günlük Içecekler, Süt Yoğurt Ve Günlük Paketli, Ayran",migros,Mjet Sıhhiye Meydanı Eskişehir,34.95,"142,65 ₺/lt",02.06.2025 10:18,0,ESKİŞEHİR
Ayran,Mis Ayran Tam Yağlı 1.5 Lt,Mis,"Süt-yoğurt-günlük Paketli-katı Yağ, Ayran, Şişe Ayran, Günlük Ve Diğer Şarküteri",sok,Eskişehir Sıhhiye,37.0,"24,67 ₺/lt",02.06.2025 10:19,0,ESKİŞEHİR
Ayran,Sütaş Pratik Şişe Ayran 2 lt,Sütaş,"Gıda, Yoğurt-ayran-kefi̇r, Ayranlar, Günlük Içecekler, Süt Ve Süt Ürünleri, Süt Yoğurt Ve Günlük Paketli, Ayran",tarim_kredi,Eskişehir Tepebaşı Market,59.9,"29,95 ₺/lt",02.06.2025 10:19,0,ESKİŞEHİR
Ayran,Sütaş Pratik Şişe Ayran 2 lt,Sütaş,"Gıda, Yoğurt-ayran-kefi̇r, Ayranlar, Günlük Içecekler, Süt Ve Süt Ürünleri, Süt Yoğurt Ve Günlük Paketli, Ayran",migros,Espark Eskişehir Mmm Migros,69.95,"34,97 ₺/lt",02.06.2025 10:19,0,ESKİŞEHİR
Ayran,Torku 1 Lt Ayran,Torku,"1702-sütlü Mamuller, 17-grup Spot, 170215-büyük Ayran",bim,Şehitler  Gaziantep,32.5,"32.500,00 ₺/lt",02.06.2025 10:19,0,GAZİANTEP
Ayran,Sütaş 200 Ml Ayran,Sütaş,"Günlük Içecekler, Süt Yoğurt Ve Günlük Paketli, Ayran",migros,Mjet Bey Mahallesi Gaziantep,9.85,"49,25 ₺/lt",02.06.2025 10:19,0,GAZİANTEP
Ayran,Torku Ayran 2 l,Torku,"020402-büyük Ayran, Günlük Içecekler, 0204-ayran, Süt Yoğurt Ve Günlük Paketli, Ayran, 02-sütlü Mamuller",bim,Şehitler  Gaziantep,72.5,"36,25 ₺/lt",02.06.2025 10:19,0,GAZİANTEP
Ayran,Sütaş Ayran 300 ml,Sütaş,"Süt Ve Sütlü Mamüller, Günlük Içecekler, Süt Yoğurt Ve Günlük Paketli, Ayran, Ayran Ve Kefirler",migros,Mjet Bey Mahallesi Gaziantep,14.0,"46,67 ₺/lt",02.06.2025 10:19,0,GAZİANTEP
Ayran,Eker Ayran 1 lt,Eker,"Günlük Içecek, Gıda, Günlük Içecekler, Self Servıs, Günlük, Süt Yoğurt Ve Günlük Paketli, Ayran",migros,Sanko Park Avm Gaziantep Mmm,39.5,"39,50 ₺/lt",02.06.2025 10:19,0,GAZİANTEP
Ayran,Sek 300 Ml Naneli Ayran,Sek,"1702-sütlü Mamuller, 17-grup Spot, 170214-küçük Ayran",bim,Şehitler  Gaziantep,11.5,"38,33 ₺/lt",02.06.2025 10:18,0,GAZİANTEP
Ayran,Migros Bardak Ayran 300 ml,Migros,"Pl Ayran, Pl Süt Yoğurt Ve Günlük Paketli, Pl Günlük Içecekler",migros,Mjet Bey Mahallesi Gaziantep,10.5,"35,00 ₺/lt",02.06.2025 10:19,0,GAZİANTEP
Ayran,Sütaş Ayran Şişe 250 Ml,Sütaş,"Süt Ve Sütlü Mamüller, Günlük Içecekler, Süt Yoğurt Ve Günlük Paketli, Ayran, Ayran Ve Kefirler",a101,Yeşil Su Şahinbey Gaziantep,12.5,"50,00 ₺/lt",02.06.2025 10:18,0,GAZİANTEP
Ayran,İçim 1.5 Lt Şişe Ayran,Ülker,"Günlük Içecek, Gıda, 020402-büyük Ayran, Self Servıs, Günlük, Günlük Içecekler, 0204-ayran, 02-sütlü Mamuller, Süt Yoğurt Ve Günlük Paketli, Ayran",bim,Şehitler  Gaziantep,52.5,"35,00 ₺/lt",02.06.2025 10:18,0,GAZİANTEP
Ayran,Tarım Kredi Ayran 200 Ml,Tarım Kredi,"Gıda, Yoğurt-ayran-kefi̇r, Süt Ve Süt Ürünleri, Ayran",tarim_kredi,Gaziantep Şehitkamil Şirinevler,7.0,"35,00 ₺/lt",02.06.2025 10:19,0,GAZİANTEP
Ayran,Tarım Kredi Ayran 285 Ml,Tarım Kredi,"Gıda, Yoğurt-ayran-kefi̇r, Süt Ve Süt Ürünleri, Ayran",tarim_kredi,Gaziantep Şehitkamil Şirinevler,9.9,"34,74 ₺/lt",02.06.2025 10:19,0,GAZİANTEP
Ayran,Ayran Bardak 200 ml Dost,Dost,"020401-küçük Ayran, 0204-ayran, 02-sütlü Mamuller",bim,Şehitler  Gaziantep,7.0,"35,00 ₺/lt",02.06.2025 10:19,0,GAZİANTEP
Ayran,Ayran Şişe 1500 Ml Dost,Dost,"020402-büyük Ayran, 0204-ayran, 02-sütlü Mamuller",bim,Şehitler  Gaziantep,41.5,"27,67 ₺/lt",02.06.2025 10:19,0,GAZİANTEP
Ayran,Eker Tombul Ayran 195 Ml,Eker,"Günlük Içecek, Gıda, Günlük Içecekler, Self Servıs, Günlük, Süt Yoğurt Ve Günlük Paketli, Ayran",migros,Sanko Park Avm Gaziantep Mmm,14.5,"74,36 ₺/lt",02.06.2025 10:19,0,GAZİANTEP
Ayran,Ayran Şişe 1 Lt Binvezir,Binvezir,"020402-büyük Ayran, 0204-ayran, 02-sütlü Mamuller",bim,Şehitler  Gaziantep,24.5,"24,50 ₺/lt",02.06.2025 10:19,0,GAZİANTEP
Ayran,"Ayran %0,8 Yağlı 170 Ml Yörükoğlu",Yörükoğlu,"1702-sütlü Mamuller, 17-grup Spot, 170214-küçük Ayran",bim,Şehitler  Gaziantep,5.0,"5.000,00 ₺/lt",02.06.2025 10:19,0,GAZİANTEP
Ayran,"%0,8 Yağlı Ayran 200 Ml Sek",Sek,"1702-sütlü Mamuller, 17-grup Spot, 170214-küçük Ayran",bim,Şehitler  Gaziantep,6.5,"32,50 ₺/lt",02.06.2025 10:18,0,GAZİANTEP
Ayran,"Dost 2 Lt %1,2 Yağlı Ayran",Dost,"1702-sütlü Mamuller, 17-grup Spot, 170215-büyük Ayran",bim,Şehitler  Gaziantep,49.5,"49.500,00 ₺/lt",02.06.2025 10:18,0,GAZİANTEP
Ayran,Tam Yağlı Ayran İçim 2 Lt,İçim,"1702-sütlü Mamuller, 17-grup Spot, 170215-büyük Ayran",bim,Şehitler  Gaziantep,59.0,"29,50 ₺/lt",02.06.2025 10:18,0,GAZİANTEP
Ayran,Mis Ayran Tam Yağlı 1.5 Lt,Mis,"Süt-yoğurt-günlük Paketli-katı Yağ, Ayran, Şişe Ayran, Günlük Ve Diğer Şarküteri",sok,Gaziantep Alleben,37.0,"24,67 ₺/lt",02.06.2025 10:19,0,GAZİANTEP
Ayran,Sütaş Pratik Şişe Ayran 2 lt,Sütaş,"Gıda, Yoğurt-ayran-kefi̇r, Ayranlar, Günlük Içecekler, Süt Ve Süt Ürünleri, Süt Yoğurt Ve Günlük Paketli, Ayran",tarim_kredi,Gaziantep Şehitkamil Şirinevler,59.9,"29,95 ₺/lt",02.06.2025 10:19,0,GAZİANTEP
Ayran,Sütaş Pratik Şişe Ayran 2 lt,Sütaş,"Gıda, Yoğurt-ayran-kefi̇r, Ayranlar, Günlük Içecekler, Süt Ve Süt Ürünleri, Süt Yoğurt Ve Günlük Paketli, Ayran",migros,Sanko Park Avm Gaziantep Mmm,69.95,"34,97 ₺/lt",02.06.2025 10:19,0,GAZİANTEP
Ayran,Torku Tam Yağlı Ayran 200 Ml,Torku,"Günlük Içecekler, Süt Yoğurt Ve Günlük Paketli, Ayran",migros,Mjet Bey Mahallesi Gaziantep,8.5,"42,50 ₺/lt",02.06.2025 10:19,0,GAZİANTEP
Ayran,Tarım Kredi Şişe Ayran 1500 Ml,Tarım Kredi,"Gıda, Yoğurt-ayran-kefi̇r, Süt Ve Süt Ürünleri, Ayran",tarim_kredi,Gaziantep Şehitkamil Şirinevler,41.5,"27,67 ₺/lt",02.06.2025 10:19,0,GAZİANTEP
Ayran,Mis Bardak Ayran Tam Yağlı 285 Ml,Mis,"Süt-yoğurt-günlük Paketli-katı Yağ, Bardak Ayran, Ayran, Günlük Ve Diğer Şarküteri",sok,Gaziantep Alleben,9.25,"32,46 ₺/lt",02.06.2025 10:19,0,GAZİANTEP
Ayran,Mis Bardak Ayran Tam Yağlı 200 Ml,Mis,"Süt-yoğurt-günlük Paketli-katı Yağ, Bardak Ayran, Ayran, Günlük Ve Diğer Şarküteri",sok,Gaziantep Alleben,7.0,"35,00 ₺/lt",02.06.2025 10:19,0,GAZİANTEP
Ayran,Torku 1 Lt Ayran,Torku,"1702-sütlü Mamuller, 17-grup Spot, 170215-büyük Ayran",bim,100yıl  Kırıkhan  Hatay,32.5,"32.500,00 ₺/lt",02.06.2025 10:19,0,HATAY
Ayran,Torku Ayran 2 l,Torku,"020402-büyük Ayran, Günlük Içecekler, 0204-ayran, Süt Yoğurt Ve Günlük Paketli, Ayran, 02-sütlü Mamuller",bim,100yıl  Kırıkhan  Hatay,72.5,"36,25 ₺/lt",02.06.2025 10:19,0,HATAY
Ayran,Sütaş Ayran 300 ml,Sütaş,"Süt Ve Sütlü Mamüller, Günlük Içecekler, Süt Yoğurt Ve Günlük Paketli, Ayran, Ayran Ve Kefirler",a101,Özlem Yüzgüleç Kırıkhan Hatay,13.9,"46,33 ₺/lt",02.06.2025 10:19,0,HATAY
Ayran,Sek 300 Ml Naneli Ayran,Sek,"1702-sütlü Mamuller, 17-grup Spot, 170214-küçük Ayran",bim,100yıl  Kırıkhan  Hatay,11.5,"38,33 ₺/lt",02.06.2025 10:18,0,HATAY
Ayran,Sütaş Ayran Şişe 250 Ml,Sütaş,"Süt Ve Sütlü Mamüller, Günlük Içecekler, Süt Yoğurt Ve Günlük Paketli, Ayran, Ayran Ve Kefirler",a101,Özlem Yüzgüleç Kırıkhan Hatay,12.5,"50,00 ₺/lt",02.06.2025 10:18,0,HATAY
Ayran,İçim 1.5 Lt Şişe Ayran,Ülker,"Günlük Içecek, Gıda, 020402-büyük Ayran, Self Servıs, Günlük, Günlük Içecekler, 0204-ayran, 02-sütlü Mamuller, Süt Yoğurt Ve Günlük Paketli, Ayran",bim,100yıl  Kırıkhan  Hatay,52.5,"35,00 ₺/lt",02.06.2025 10:18,0,HATAY
Ayran,Tarım Kredi Ayran 200 Ml,Tarım Kredi,"Gıda, Yoğurt-ayran-kefi̇r, Süt Ve Süt Ürünleri, Ayran",tarim_kredi,Hatay Kırıkhan Toki,7.0,"35,00 ₺/lt",02.06.2025 10:19,0,HATAY
Ayran,Tarım Kredi Ayran 285 Ml,Tarım Kredi,"Gıda, Yoğurt-ayran-kefi̇r, Süt Ve Süt Ürünleri, Ayran",tarim_kredi,Hatay Kırıkhan Toki,9.9,"34,74 ₺/lt",02.06.2025 10:19,0,HATAY
Ayran,Ayran Bardak 200 ml Dost,Dost,"020401-küçük Ayran, 0204-ayran, 02-sütlü Mamuller",bim,100yıl  Kırıkhan  Hatay,7.0,"35,00 ₺/lt",02.06.2025 10:19,0,HATAY
Ayran,Ayran Şişe 1500 Ml Dost,Dost,"020402-büyük Ayran, 0204-ayran, 02-sütlü Mamuller",bim,100yıl  Kırıkhan  Hatay,41.5,"27,67 ₺/lt",02.06.2025 10:19,0,HATAY
Ayran,Ayran Şişe 1 Lt Binvezir,Binvezir,"020402-büyük Ayran, 0204-ayran, 02-sütlü Mamuller",bim,100yıl  Kırıkhan  Hatay,24.5,"24,50 ₺/lt",02.06.2025 10:19,0,HATAY
Ayran,"Ayran %0,8 Yağlı 170 Ml Yörükoğlu",Yörükoğlu,"1702-sütlü Mamuller, 17-grup Spot, 170214-küçük Ayran",bim,100yıl  Kırıkhan  Hatay,5.0,"5.000,00 ₺/lt",02.06.2025 10:19,0,HATAY
Ayran,"%0,8 Yağlı Ayran 200 Ml Sek",Sek,"1702-sütlü Mamuller, 17-grup Spot, 170214-küçük Ayran",bim,100yıl  Kırıkhan  Hatay,6.5,"32,50 ₺/lt",02.06.2025 10:18,0,HATAY
Ayran,"Dost 2 Lt %1,2 Yağlı Ayran",Dost,"1702-sütlü Mamuller, 17-grup Spot, 170215-büyük Ayran",bim,100yıl  Kırıkhan  Hatay,49.5,"49.500,00 ₺/lt",02.06.2025 10:18,0,HATAY
Ayran,Tam Yağlı Ayran İçim 2 Lt,İçim,"1702-sütlü Mamuller, 17-grup Spot, 170215-büyük Ayran",bim,100yıl  Kırıkhan  Hatay,59.0,"29,50 ₺/lt",02.06.2025 10:18,0,HATAY
Ayran,Mis Ayran Tam Yağlı 1.5 Lt,Mis,"Süt-yoğurt-günlük Paketli-katı Yağ, Ayran, Şişe Ayran, Günlük Ve Diğer Şarküteri",sok,Kırıkhan Feyzullah Kıyılı,37.0,"24,67 ₺/lt",02.06.2025 10:19,0,HATAY
Ayran,Tarım Kredi Şişe Ayran 1500 Ml,Tarım Kredi,"Gıda, Yoğurt-ayran-kefi̇r, Süt Ve Süt Ürünleri, Ayran",tarim_kredi,Hatay Kırıkhan Toki,41.5,"27,67 ₺/lt",02.06.2025 10:19,0,HATAY
Ayran,Mis Bardak Ayran Tam Yağlı 285 Ml,Mis,"Süt-yoğurt-günlük Paketli-katı Yağ, Bardak Ayran, Ayran, Günlük Ve Diğer Şarküteri",sok,Kırıkhan Feyzullah Kıyılı,9.25,"32,46 ₺/lt",02.06.2025 10:19,0,HATAY
Ayran,Mis Bardak Ayran Tam Yağlı 200 Ml,Mis,"Süt-yoğurt-günlük Paketli-katı Yağ, Bardak Ayran, Ayran, Günlük Ve Diğer Şarküteri",sok,Kırıkhan Feyzullah Kıyılı,7.0,"35,00 ₺/lt",02.06.2025 10:19,0,HATAY
Ayran,Torku 1 Lt Ayran,Torku,"1702-sütlü Mamuller, 17-grup Spot, 170215-büyük Ayran",bim,Sinanağafatih,32.5,"32.500,00 ₺/lt",02.06.2025 10:19,0,İSTANBUL
Ayran,Sütaş 200 Ml Ayran,Sütaş,"Günlük Içecekler, Süt Yoğurt Ve Günlük Paketli, Ayran",migros,Mjet Cağaloğlu Istanbul,9.85,"49,25 ₺/lt",02.06.2025 10:19,0,İSTANBUL
Ayran,Torku Ayran 2 l,Torku,"020402-büyük Ayran, Günlük Içecekler, 0204-ayran, Süt Yoğurt Ve Günlük Paketli, Ayran, 02-sütlü Mamuller",bim,Sinanağafatih,72.5,"36,25 ₺/lt",02.06.2025 10:19,0,İSTANBUL
Ayran,Sütaş Ayran 300 ml,Sütaş,"Süt Ve Sütlü Mamüller, Günlük Içecekler, Süt Yoğurt Ve Günlük Paketli, Ayran, Ayran Ve Kefirler",migros,Mjet Cağaloğlu Istanbul,14.0,"46,67 ₺/lt",02.06.2025 10:19,0,İSTANBUL
Ayran,Eker Ayran 1 lt,Eker,"Günlük Içecek, Gıda, Günlük Içecekler, Self Servıs, Günlük, Süt Yoğurt Ve Günlük Paketli, Ayran",carrefour,Istanbul Fatıh Molla Güranı,38.95,"38,95 ₺/lt",02.06.2025 10:19,0,İSTANBUL
Ayran,Sek 300 Ml Naneli Ayran,Sek,"1702-sütlü Mamuller, 17-grup Spot, 170214-küçük Ayran",bim,Sinanağafatih,11.5,"38,33 ₺/lt",02.06.2025 10:18,0,İSTANBUL
Ayran,Migros Bardak Ayran 300 ml,Migros,"Pl Ayran, Pl Süt Yoğurt Ve Günlük Paketli, Pl Günlük Içecekler",migros,Mjet Cağaloğlu Istanbul,10.5,"35,00 ₺/lt",02.06.2025 10:19,0,İSTANBUL
Ayran,Sütaş Ayran Şişe 250 Ml,Sütaş,"Süt Ve Sütlü Mamüller, Günlük Içecekler, Süt Yoğurt Ve Günlük Paketli, Ayran, Ayran Ve Kefirler",a101,Atlamataşı Fatih Istanbul,12.5,"50,00 ₺/lt",02.06.2025 10:18,0,İSTANBUL
Ayran,İçim 1.5 Lt Şişe Ayran,Ülker,"Günlük Içecek, Gıda, 020402-büyük Ayran, Self Servıs, Günlük, Günlük Içecekler, 0204-ayran, 02-sütlü Mamuller, Süt Yoğurt Ve Günlük Paketli, Ayran",bim,Sinanağafatih,52.5,"35,00 ₺/lt",02.06.2025 10:18,0,İSTANBUL
Ayran,İçim 1.5 Lt Şişe Ayran,Ülker,"Günlük Içecek, Gıda, 020402-büyük Ayran, Self Servıs, Günlük, Günlük Içecekler, 0204-ayran, 02-sütlü Mamuller, Süt Yoğurt Ve Günlük Paketli, Ayran",carrefour,Istanbul Cıhangır Gurme,53.95,"35,97 ₺/lt",02.06.2025 10:18,0,İSTANBUL
Ayran,Tarım Kredi Ayran 200 Ml,Tarım Kredi,"Gıda, Yoğurt-ayran-kefi̇r, Süt Ve Süt Ürünleri, Ayran",tarim_kredi,Istanbul Beyoğlu Piyalepaşa,7.0,"35,00 ₺/lt",02.06.2025 10:19,0,İSTANBUL
Ayran,Tarım Kredi Ayran 285 Ml,Tarım Kredi,"Gıda, Yoğurt-ayran-kefi̇r, Süt Ve Süt Ürünleri, Ayran",tarim_kredi,Istanbul Beyoğlu Piyalepaşa,9.9,"34,74 ₺/lt",02.06.2025 10:19,0,İSTANBUL
Ayran,Ayran Bardak 200 ml Dost,Dost,"020401-küçük Ayran, 0204-ayran, 02-sütlü Mamuller",bim,Sinanağafatih,7.0,"35,00 ₺/lt",02.06.2025 10:19,0,İSTANBUL
Ayran,Ayran Şişe 1500 Ml Dost,Dost,"020402-büyük Ayran, 0204-ayran, 02-sütlü Mamuller",bim,Sinanağafatih,41.5,"27,67 ₺/lt",02.06.2025 10:19,0,İSTANBUL
Ayran,Eker Tombul Ayran 195 Ml,Eker,"Günlük Içecek, Gıda, Günlük Içecekler, Self Servıs, Günlük, Süt Yoğurt Ve Günlük Paketli, Ayran",carrefour,Istanbul Karaköy Mını,13.1,"67,18 ₺/lt",02.06.2025 10:19,0,İSTANBUL
Ayran,Ayran Şişe 1 Lt Binvezir,Binvezir,"020402-büyük Ayran, 0204-ayran, 02-sütlü Mamuller",bim,Sinanağafatih,24.5,"24,50 ₺/lt",02.06.2025 10:19,0,İSTANBUL
Ayran,"Ayran %0,8 Yağlı 170 Ml Yörükoğlu",Yörükoğlu,"1702-sütlü Mamuller, 17-grup Spot, 170214-küçük Ayran",bim,Sinanağafatih,5.0,"5.000,00 ₺/lt",02.06.2025 10:19,0,İSTANBUL
Ayran,"%0,8 Yağlı Ayran 200 Ml Sek",Sek,"1702-sütlü Mamuller, 17-grup Spot, 170214-küçük Ayran",bim,Sinanağafatih,6.5,"32,50 ₺/lt",02.06.2025 10:18,0,İSTANBUL
Ayran,"Dost 2 Lt %1,2 Yağlı Ayran",Dost,"1702-sütlü Mamuller, 17-grup Spot, 170215-büyük Ayran",bim,Sinanağafatih,49.5,"49.500,00 ₺/lt",02.06.2025 10:18,0,İSTANBUL
Ayran,Tam Yağlı Ayran İçim 2 Lt,İçim,"1702-sütlü Mamuller, 17-grup Spot, 170215-büyük Ayran",bim,Sinanağafatih,59.0,"29,50 ₺/lt",02.06.2025 10:18,0,İSTANBUL
Ayran,Özerhisar Ayran Cam Şişe 1 lt,Özerhisar,"Günlük Içecekler, Süt Yoğurt Ve Günlük Paketli, Ayran",migros,Mjet Cağaloğlu Istanbul,83.9,"83,90 ₺/lt",02.06.2025 10:18,0,İSTANBUL
Ayran,Özerhisar Ayran Cam Şişe 245 Ml,Özerhisar,"Günlük Içecekler, Süt Yoğurt Ve Günlük Paketli, Ayran",migros,Mjet Kumkapı Istanbul,34.95,"142,65 ₺/lt",02.06.2025 10:18,0,İSTANBUL
Ayran,Mis Ayran Tam Yağlı 1.5 Lt,Mis,"Süt-yoğurt-günlük Paketli-katı Yağ, Ayran, Şişe Ayran, Günlük Ve Diğer Şarküteri",sok,Mercan Mheminönü,37.0,"24,67 ₺/lt",02.06.2025 10:19,0,İSTANBUL
Ayran,Sütaş Pratik Şişe Ayran 2 lt,Sütaş,"Gıda, Yoğurt-ayran-kefi̇r, Ayranlar, Günlük Içecekler, Süt Ve Süt Ürünleri, Süt Yoğurt Ve Günlük Paketli, Ayran",tarim_kredi,Istanbul Beyoğlu Piyalepaşa,59.9,"29,95 ₺/lt",02.06.2025 10:19,0,İSTANBUL
Ayran,Sütaş Pratik Şişe Ayran 2 lt,Sütaş,"Gıda, Yoğurt-ayran-kefi̇r, Ayranlar, Günlük Içecekler, Süt Ve Süt Ürünleri, Süt Yoğurt Ve Günlük Paketli, Ayran",hakmar,Valide  Üsküdar,69.5,"34,75 ₺/lt",02.06.2025 10:19,0,İSTANBUL
Ayran,Torku Tam Yağlı Ayran 200 Ml,Torku,"Günlük Içecekler, Süt Yoğurt Ve Günlük Paketli, Ayran",migros,Mjet Cağaloğlu Istanbul,8.5,"42,50 ₺/lt",02.06.2025 10:19,0,İSTANBUL
Ayran,Tarım Kredi Şişe Ayran 1500 Ml,Tarım Kredi,"Gıda, Yoğurt-ayran-kefi̇r, Süt Ve Süt Ürünleri, Ayran",tarim_kredi,Istanbul Fatih Market,41.5,"27,67 ₺/lt",02.06.2025 10:19,0,İSTANBUL
Ayran,Torku 1 Lt Ayran,Torku,"1702-sütlü Mamuller, 17-grup Spot, 170215-büyük Ayran",bim,Dere  Konak,32.5,"32.500,00 ₺/lt",02.06.2025 10:19,0,İZMİR
Ayran,Sütaş 200 Ml Ayran,Sütaş,"Günlük Içecekler, Süt Yoğurt Ve Günlük Paketli, Ayran",migros,Konak Hükümet Konağı M Migros,9.85,"49,25 ₺/lt",02.06.2025 10:19,0,İZMİR
Ayran,Torku Ayran 2 l,Torku,"020402-büyük Ayran, Günlük Içecekler, 0204-ayran, Süt Yoğurt Ve Günlük Paketli, Ayran, 02-sütlü Mamuller",bim,Dere  Konak,72.5,"36,25 ₺/lt",02.06.2025 10:19,0,İZMİR
Ayran,Sütaş Ayran 300 ml,Sütaş,"Süt Ve Sütlü Mamüller, Günlük Içecekler, Süt Yoğurt Ve Günlük Paketli, Ayran, Ayran Ve Kefirler",migros,Konak Hükümet Konağı M Migros,14.0,"46,67 ₺/lt",02.06.2025 10:19,0,İZMİR
Ayran,Eker Ayran 1 lt,Eker,"Günlük Içecek, Gıda, Günlük Içecekler, Self Servıs, Günlük, Süt Yoğurt Ve Günlük Paketli, Ayran",migros,Konak Hükümet Konağı M Migros,39.5,"39,50 ₺/lt",02.06.2025 10:19,0,İZMİR
Ayran,Eker Ayran 1 lt,Eker,"Günlük Içecek, Gıda, Günlük Içecekler, Self Servıs, Günlük, Süt Yoğurt Ve Günlük Paketli, Ayran",carrefour,Izmır Karşıyaka Yalı Cad Mını,47.25,"47,25 ₺/lt",02.06.2025 10:19,0,İZMİR
Ayran,Sek 300 Ml Naneli Ayran,Sek,"1702-sütlü Mamuller, 17-grup Spot, 170214-küçük Ayran",bim,Dere  Konak,11.5,"38,33 ₺/lt",02.06.2025 10:18,0,İZMİR
Ayran,Migros Bardak Ayran 300 ml,Migros,"Pl Ayran, Pl Süt Yoğurt Ve Günlük Paketli, Pl Günlük Içecekler",migros,Konak Hükümet Konağı M Migros,10.5,"35,00 ₺/lt",02.06.2025 10:19,0,İZMİR
Ayran,Arslan Karamaya Ayran 245 Ml,Arslan,"Günlük Içecekler, Süt Yoğurt Ve Günlük Paketli, Ayran",migros,Mjet Eşrefpaşa Izmir,27.95,"114,08 ₺/lt",02.06.2025 10:18,0,İZMİR
Ayran,Sütaş Ayran Şişe 250 Ml,Sütaş,"Süt Ve Sütlü Mamüller, Günlük Içecekler, Süt Yoğurt Ve Günlük Paketli, Ayran, Ayran Ve Kefirler",a101,Agora Konak Izmir,12.5,"50,00 ₺/lt",02.06.2025 10:18,0,İZMİR
Ayran,İçim 1.5 Lt Şişe Ayran,Ülker,"Günlük Içecek, Gıda, 020402-büyük Ayran, Self Servıs, Günlük, Günlük Içecekler, 0204-ayran, 02-sütlü Mamuller, Süt Yoğurt Ve Günlük Paketli, Ayran",bim,Dere  Konak,52.5,"35,00 ₺/lt",02.06.2025 10:18,0,İZMİR
Ayran,Sakıpağa Maxi Ayran 295 Ml,Sakıpağa,"Günlük Içecek, Gıda, Günlük Içecekler, Self Servıs, Günlük, Süt Yoğurt Ve Günlük Paketli, Ayran",migros,Mjet Gazi Bulvarı Konak Izmir,16.0,"54,24 ₺/lt",02.06.2025 10:19,0,İZMİR
Ayran,Sakıpağa Maxi Ayran 295 Ml,Sakıpağa,"Günlük Içecek, Gıda, Günlük Içecekler, Self Servıs, Günlük, Süt Yoğurt Ve Günlük Paketli, Ayran",carrefour,Izmır Karşıyaka Yalı Cad Mını,16.1,"54,58 ₺/lt",02.06.2025 10:19,0,İZMİR
Ayran,Ayran Bardak 200 ml Dost,Dost,"020401-küçük Ayran, 0204-ayran, 02-sütlü Mamuller",bim,Dere  Konak,7.0,"35,00 ₺/lt",02.06.2025 10:19,0,İZMİR
Ayran,Ayran Şişe 1500 Ml Dost,Dost,"020402-büyük Ayran, 0204-ayran, 02-sütlü Mamuller",bim,Dere  Konak,41.5,"27,67 ₺/lt",02.06.2025 10:19,0,İZMİR
Ayran,Ayran Şişe 1 Lt Binvezir,Binvezir,"020402-büyük Ayran, 0204-ayran, 02-sütlü Mamuller",bim,Dere  Konak,24.5,"24,50 ₺/lt",02.06.2025 10:19,0,İZMİR
Ayran,"Ayran %0,8 Yağlı 170 Ml Yörükoğlu",Yörükoğlu,"1702-sütlü Mamuller, 17-grup Spot, 170214-küçük Ayran",bim,Dere  Konak,5.0,"5.000,00 ₺/lt",02.06.2025 10:19,0,İZMİR
Ayran,"%0,8 Yağlı Ayran 200 Ml Sek",Sek,"1702-sütlü Mamuller, 17-grup Spot, 170214-küçük Ayran",bim,Dere  Konak,6.5,"32,50 ₺/lt",02.06.2025 10:18,0,İZMİR
Ayran,"Dost 2 Lt %1,2 Yağlı Ayran",Dost,"1702-sütlü Mamuller, 17-grup Spot, 170215-büyük Ayran",bim,Dere  Konak,49.5,"49.500,00 ₺/lt",02.06.2025 10:18,0,İZMİR
Ayran,Tam Yağlı Ayran İçim 2 Lt,İçim,"1702-sütlü Mamuller, 17-grup Spot, 170215-büyük Ayran",bim,Dere  Konak,59.0,"29,50 ₺/lt",02.06.2025 10:18,0,İZMİR
Ayran,Mis Ayran Tam Yağlı 1.5 Lt,Mis,"Süt-yoğurt-günlük Paketli-katı Yağ, Ayran, Şişe Ayran, Günlük Ve Diğer Şarküteri",sok,Izmir Çankaya Gümrük,37.0,"24,67 ₺/lt",02.06.2025 10:19,0,İZMİR
Ayran,Sütaş Pratik Şişe Ayran 2 lt,Sütaş,"Gıda, Yoğurt-ayran-kefi̇r, Ayranlar, Günlük Içecekler, Süt Ve Süt Ürünleri, Süt Yoğurt Ve Günlük Paketli, Ayran",migros,Mjet Konak Borsa Izmir,69.95,"34,97 ₺/lt",02.06.2025 10:19,0,İZMİR
Ayran,Torku Tam Yağlı Ayran 200 Ml,Torku,"Günlük Içecekler, Süt Yoğurt Ve Günlük Paketli, Ayran",migros,Mjet Çankaya Izmir,8.0,"40,00 ₺/lt",02.06.2025 10:19,0,İZMİR
Ayran,Mis Bardak Ayran Tam Yağlı 285 Ml,Mis,"Süt-yoğurt-günlük Paketli-katı Yağ, Bardak Ayran, Ayran, Günlük Ve Diğer Şarküteri",sok,Izmir Çankaya Gümrük,9.25,"32,46 ₺/lt",02.06.2025 10:19,0,İZMİR
Ayran,"Yörsan Susurluk Ayran %2,3 Yağlı 1 lt",Yörsan,"Günlük Içecekler, Süt Yoğurt Ve Günlük Paketli, Ayran",migros,Konak Hükümet Konağı M Migros,47.5,"47,50 ₺/lt",02.06.2025 10:18,0,İZMİR
Ayran,Mis Bardak Ayran Tam Yağlı 200 Ml,Mis,"Süt-yoğurt-günlük Paketli-katı Yağ, Bardak Ayran, Ayran, Günlük Ve Diğer Şarküteri",sok,Izmir Çankaya Gümrük,7.0,"35,00 ₺/lt",02.06.2025 10:19,0,İZMİR
Ayran,Özerhisar Ayranı 245 Ml,Özerhisar,"Günlük Içecekler, Süt Yoğurt Ve Günlük Paketli, Ayran",migros,Mjet Gazi Bulvarı Konak Izmir,28.95,"115,80 ₺/lt",02.06.2025 10:19,0,İZMİR
Ayran,Torku 1 Lt Ayran,Torku,"1702-sütlü Mamuller, 17-grup Spot, 170215-büyük Ayran",bim,Örnek  Kars,32.5,"32.500,00 ₺/lt",02.06.2025 10:19,0,KARS
Ayran,Sek Ayran 285 Ml,Sek,"Günlük Içecekler, Süt Yoğurt Ve Günlük Paketli, Ayran",migros,Ortakapı Kars Mm Migros,13.95,"48,95 ₺/lt",02.06.2025 10:19,0,KARS
Ayran,Sütaş 200 Ml Ayran,Sütaş,"Günlük Içecekler, Süt Yoğurt Ve Günlük Paketli, Ayran",migros,Ortakapı Kars Mm Migros,9.85,"49,25 ₺/lt",02.06.2025 10:19,0,KARS
Ayran,Torku Ayran 2 l,Torku,"020402-büyük Ayran, Günlük Içecekler, 0204-ayran, Süt Yoğurt Ve Günlük Paketli, Ayran, 02-sütlü Mamuller",bim,Örnek  Kars,72.5,"36,25 ₺/lt",02.06.2025 10:19,0,KARS
Ayran,Sütaş Ayran 300 ml,Sütaş,"Süt Ve Sütlü Mamüller, Günlük Içecekler, Süt Yoğurt Ve Günlük Paketli, Ayran, Ayran Ve Kefirler",a101,Stadyum Merkez Kars,13.9,"46,33 ₺/lt",02.06.2025 10:19,0,KARS
Ayran,Sütaş Ayran 300 ml,Sütaş,"Süt Ve Sütlü Mamüller, Günlük Içecekler, Süt Yoğurt Ve Günlük Paketli, Ayran, Ayran Ve Kefirler",migros,Şehitler Kars M Migros,14.0,"46,67 ₺/lt",02.06.2025 10:19,0,KARS
Ayran,Eker Ayran 1 lt,Eker,"Günlük Içecek, Gıda, Günlük Içecekler, Self Servıs, Günlük, Süt Yoğurt Ve Günlük Paketli, Ayran",migros,Karacaören Mh Kars M Migros,39.5,"39,50 ₺/lt",02.06.2025 10:19,0,KARS
Ayran,Sek 300 Ml Naneli Ayran,Sek,"1702-sütlü Mamuller, 17-grup Spot, 170214-küçük Ayran",bim,Örnek  Kars,11.5,"38,33 ₺/lt",02.06.2025 10:18,0,KARS
Ayran,Migros Bardak Ayran 300 ml,Migros,"Pl Ayran, Pl Süt Yoğurt Ve Günlük Paketli, Pl Günlük Içecekler",migros,Kale Kars M Migros,10.5,"35,00 ₺/lt",02.06.2025 10:19,0,KARS
Ayran,Sütaş Ayran Şişe 250 Ml,Sütaş,"Süt Ve Sütlü Mamüller, Günlük Içecekler, Süt Yoğurt Ve Günlük Paketli, Ayran, Ayran Ve Kefirler",a101,Stadyum Merkez Kars,12.5,"50,00 ₺/lt",02.06.2025 10:18,0,KARS
Ayran,İçim 1.5 Lt Şişe Ayran,Ülker,"Günlük Içecek, Gıda, 020402-büyük Ayran, Self Servıs, Günlük, Günlük Içecekler, 0204-ayran, 02-sütlü Mamuller, Süt Yoğurt Ve Günlük Paketli, Ayran",bim,Örnek  Kars,52.5,"35,00 ₺/lt",02.06.2025 10:18,0,KARS
Ayran,Tarım Kredi Ayran 200 Ml,Tarım Kredi,"Gıda, Yoğurt-ayran-kefi̇r, Süt Ve Süt Ürünleri, Ayran",tarim_kredi,Kars Merkez Cumhuriyet,7.0,"35,00 ₺/lt",02.06.2025 10:19,0,KARS
Ayran,Tarım Kredi Ayran 285 Ml,Tarım Kredi,"Gıda, Yoğurt-ayran-kefi̇r, Süt Ve Süt Ürünleri, Ayran",tarim_kredi,Kars Merkez Cumhuriyet,9.9,"34,74 ₺/lt",02.06.2025 10:19,0,KARS
Ayran,Ayran Bardak 200 ml Dost,Dost,"020401-küçük Ayran, 0204-ayran, 02-sütlü Mamuller",bim,Örnek  Kars,7.0,"35,00 ₺/lt",02.06.2025 10:19,0,KARS
Ayran,Ayran Şişe 1500 Ml Dost,Dost,"020402-büyük Ayran, 0204-ayran, 02-sütlü Mamuller",bim,Örnek  Kars,41.5,"27,67 ₺/lt",02.06.2025 10:19,0,KARS
Ayran,Ayran Şişe 1 Lt Binvezir,Binvezir,"020402-büyük Ayran, 0204-ayran, 02-sütlü Mamuller",bim,Örnek  Kars,24.5,"24,50 ₺/lt",02.06.2025 10:19,0,KARS
Ayran,"Ayran %0,8 Yağlı 170 Ml Yörükoğlu",Yörükoğlu,"1702-sütlü Mamuller, 17-grup Spot, 170214-küçük Ayran",bim,Örnek  Kars,5.0,"5.000,00 ₺/lt",02.06.2025 10:19,0,KARS
Ayran,"%0,8 Yağlı Ayran 200 Ml Sek",Sek,"1702-sütlü Mamuller, 17-grup Spot, 170214-küçük Ayran",bim,Örnek  Kars,6.5,"32,50 ₺/lt",02.06.2025 10:18,0,KARS
Ayran,"Dost 2 Lt %1,2 Yağlı Ayran",Dost,"1702-sütlü Mamuller, 17-grup Spot, 170215-büyük Ayran",bim,Örnek  Kars,49.5,"49.500,00 ₺/lt",02.06.2025 10:18,0,KARS
Ayran,Tam Yağlı Ayran İçim 2 Lt,İçim,"1702-sütlü Mamuller, 17-grup Spot, 170215-büyük Ayran",bim,Örnek  Kars,59.0,"29,50 ₺/lt",02.06.2025 10:18,0,KARS
Ayran,Mis Ayran Tam Yağlı 1.5 Lt,Mis,"Süt-yoğurt-günlük Paketli-katı Yağ, Ayran, Şişe Ayran, Günlük Ve Diğer Şarküteri",sok,Kars Mihralibey,37.0,"24,67 ₺/lt",02.06.2025 10:19,0,KARS
Ayran,Sütaş Pratik Şişe Ayran 2 lt,Sütaş,"Gıda, Yoğurt-ayran-kefi̇r, Ayranlar, Günlük Içecekler, Süt Ve Süt Ürünleri, Süt Yoğurt Ve Günlük Paketli, Ayran",tarim_kredi,Kars Merkez Cumhuriyet,59.9,"29,95 ₺/lt",02.06.2025 10:19,0,KARS
Ayran,Tarım Kredi Şişe Ayran 1500 Ml,Tarım Kredi,"Gıda, Yoğurt-ayran-kefi̇r, Süt Ve Süt Ürünleri, Ayran",tarim_kredi,Kars Merkez Cumhuriyet,41.5,"27,67 ₺/lt",02.06.2025 10:19,0,KARS
Ayran,Mis Bardak Ayran Tam Yağlı 285 Ml,Mis,"Süt-yoğurt-günlük Paketli-katı Yağ, Bardak Ayran, Ayran, Günlük Ve Diğer Şarküteri",sok,Kars Mihralibey,9.25,"32,46 ₺/lt",02.06.2025 10:19,0,KARS
Ayran,Mis Bardak Ayran Tam Yağlı 200 Ml,Mis,"Süt-yoğurt-günlük Paketli-katı Yağ, Bardak Ayran, Ayran, Günlük Ve Diğer Şarküteri",sok,Kars Mihralibey,7.0,"35,00 ₺/lt",02.06.2025 10:19,0,KARS
Ayran,Torku 1 Lt Ayran,Torku,"1702-sütlü Mamuller, 17-grup Spot, 170215-büyük Ayran",bim,Salı Pazarı  Kastamonu,32.5,"32.500,00 ₺/lt",02.06.2025 10:19,0,KASTAMONU
Ayran,Sek Ayran 285 Ml,Sek,"Günlük Içecekler, Süt Yoğurt Ve Günlük Paketli, Ayran",migros,Salı Pazarı Kastamonu Mm,13.95,"48,95 ₺/lt",02.06.2025 10:19,0,KASTAMONU
Ayran,Sütaş 200 Ml Ayran,Sütaş,"Günlük Içecekler, Süt Yoğurt Ve Günlük Paketli, Ayran",migros,Kastamonu Mm Migros,9.85,"49,25 ₺/lt",02.06.2025 10:19,0,KASTAMONU
Ayran,Torku Ayran 2 l,Torku,"020402-büyük Ayran, Günlük Içecekler, 0204-ayran, Süt Yoğurt Ve Günlük Paketli, Ayran, 02-sütlü Mamuller",migros,Kastamall Avm Mm Migros,59.9,"29,95 ₺/lt",02.06.2025 10:19,0,KASTAMONU
Ayran,Torku Ayran 2 l,Torku,"020402-büyük Ayran, Günlük Içecekler, 0204-ayran, Süt Yoğurt Ve Günlük Paketli, Ayran, 02-sütlü Mamuller",bim,Salı Pazarı  Kastamonu,72.5,"36,25 ₺/lt",02.06.2025 10:19,0,KASTAMONU
Ayran,Arslan Ayran 1 lt,Arslan,"Günlük Içecekler, Süt Yoğurt Ve Günlük Paketli, Ayran",migros,Kastamall Avm Mm Migros,89.95,"89,95 ₺/kg",02.06.2025 10:19,0,KASTAMONU
Ayran,Sütaş Ayran 300 ml,Sütaş,"Süt Ve Sütlü Mamüller, Günlük Içecekler, Süt Yoğurt Ve Günlük Paketli, Ayran, Ayran Ve Kefirler",a101,Kulepark Merkez Kastamonu,13.9,"46,33 ₺/lt",02.06.2025 10:19,0,KASTAMONU
Ayran,Sütaş Ayran 300 ml,Sütaş,"Süt Ve Sütlü Mamüller, Günlük Içecekler, Süt Yoğurt Ve Günlük Paketli, Ayran, Ayran Ve Kefirler",migros,Kastamonu Mm Migros,14.0,"46,67 ₺/lt",02.06.2025 10:19,0,KASTAMONU
Ayran,Torku Ayran 300 Ml,Torku,"Günlük Içecekler, Süt Yoğurt Ve Günlük Paketli, Ayran",migros,Kastamonu Mm Migros,13.95,"46,50 ₺/lt",02.06.2025 10:18,0,KASTAMONU
Ayran,Eker Ayran 1 lt,Eker,"Günlük Içecek, Gıda, Günlük Içecekler, Self Servıs, Günlük, Süt Yoğurt Ve Günlük Paketli, Ayran",carrefour,Kastamonu Süper,38.95,"38,95 ₺/lt",02.06.2025 10:19,0,KASTAMONU
Ayran,Eker Ayran 1 lt,Eker,"Günlük Içecek, Gıda, Günlük Içecekler, Self Servıs, Günlük, Süt Yoğurt Ve Günlük Paketli, Ayran",migros,Kastamonu Mm Migros,39.5,"39,50 ₺/lt",02.06.2025 10:19,0,KASTAMONU
Ayran,Sek 300 Ml Naneli Ayran,Sek,"1702-sütlü Mamuller, 17-grup Spot, 170214-küçük Ayran",bim,Salı Pazarı  Kastamonu,11.5,"38,33 ₺/lt",02.06.2025 10:18,0,KASTAMONU
Ayran,Migros Bardak Ayran 300 ml,Migros,"Pl Ayran, Pl Süt Yoğurt Ve Günlük Paketli, Pl Günlük Içecekler",migros,Kastamonu Mm Migros,10.5,"35,00 ₺/lt",02.06.2025 10:19,0,KASTAMONU
Ayran,Sütaş Ayran Şişe 250 Ml,Sütaş,"Süt Ve Sütlü Mamüller, Günlük Içecekler, Süt Yoğurt Ve Günlük Paketli, Ayran, Ayran Ve Kefirler",a101,Kulepark Merkez Kastamonu,12.5,"50,00 ₺/lt",02.06.2025 10:18,0,KASTAMONU
Ayran,İçim 1.5 Lt Şişe Ayran,Ülker,"Günlük Içecek, Gıda, 020402-büyük Ayran, Self Servıs, Günlük, Günlük Içecekler, 0204-ayran, 02-sütlü Mamuller, Süt Yoğurt Ve Günlük Paketli, Ayran",bim,Salı Pazarı  Kastamonu,52.5,"35,00 ₺/lt",02.06.2025 10:18,0,KASTAMONU
Ayran,Tarım Kredi Ayran 200 Ml,Tarım Kredi,"Gıda, Yoğurt-ayran-kefi̇r, Süt Ve Süt Ürünleri, Ayran",tarim_kredi,Kastamonu Merkez Esenşehir,7.0,"35,00 ₺/lt",02.06.2025 10:19,0,KASTAMONU
Ayran,Tarım Kredi Ayran 285 Ml,Tarım Kredi,"Gıda, Yoğurt-ayran-kefi̇r, Süt Ve Süt Ürünleri, Ayran",tarim_kredi,Kastamonu Merkez Esenşehir,9.9,"34,74 ₺/lt",02.06.2025 10:19,0,KASTAMONU
Ayran,Ayran Bardak 200 ml Dost,Dost,"020401-küçük Ayran, 0204-ayran, 02-sütlü Mamuller",bim,Salı Pazarı  Kastamonu,7.0,"35,00 ₺/lt",02.06.2025 10:19,0,KASTAMONU
Ayran,Ayran Şişe 1500 Ml Dost,Dost,"020402-büyük Ayran, 0204-ayran, 02-sütlü Mamuller",bim,Salı Pazarı  Kastamonu,41.5,"27,67 ₺/lt",02.06.2025 10:19,0,KASTAMONU
Ayran,Eker Tombul Ayran 195 Ml,Eker,"Günlük Içecek, Gıda, Günlük Içecekler, Self Servıs, Günlük, Süt Yoğurt Ve Günlük Paketli, Ayran",migros,Kastamonu Mm Migros,14.5,"74,36 ₺/lt",02.06.2025 10:19,0,KASTAMONU
Ayran,Ayran Şişe 1 Lt Binvezir,Binvezir,"020402-büyük Ayran, 0204-ayran, 02-sütlü Mamuller",bim,Salı Pazarı  Kastamonu,24.5,"24,50 ₺/lt",02.06.2025 10:19,0,KASTAMONU
Ayran,"Ayran %0,8 Yağlı 170 Ml Yörükoğlu",Yörükoğlu,"1702-sütlü Mamuller, 17-grup Spot, 170214-küçük Ayran",bim,Salı Pazarı  Kastamonu,5.0,"5.000,00 ₺/lt",02.06.2025 10:19,0,KASTAMONU
Ayran,"%0,8 Yağlı Ayran 200 Ml Sek",Sek,"1702-sütlü Mamuller, 17-grup Spot, 170214-küçük Ayran",bim,Salı Pazarı  Kastamonu,6.5,"32,50 ₺/lt",02.06.2025 10:18,0,KASTAMONU
Ayran,"Dost 2 Lt %1,2 Yağlı Ayran",Dost,"1702-sütlü Mamuller, 17-grup Spot, 170215-büyük Ayran",bim,Salı Pazarı  Kastamonu,49.5,"49.500,00 ₺/lt",02.06.2025 10:18,0,KASTAMONU
Ayran,Tam Yağlı Ayran İçim 2 Lt,İçim,"1702-sütlü Mamuller, 17-grup Spot, 170215-büyük Ayran",bim,Salı Pazarı  Kastamonu,59.0,"29,50 ₺/lt",02.06.2025 10:18,0,KASTAMONU
Ayran,Mis Ayran Tam Yağlı 1.5 Lt,Mis,"Süt-yoğurt-günlük Paketli-katı Yağ, Ayran, Şişe Ayran, Günlük Ve Diğer Şarküteri",sok,Kastamonu Pazaryeri,37.0,"24,67 ₺/lt",02.06.2025 10:19,0,KASTAMONU
Ayran,Sütaş Pratik Şişe Ayran 2 lt,Sütaş,"Gıda, Yoğurt-ayran-kefi̇r, Ayranlar, Günlük Içecekler, Süt Ve Süt Ürünleri, Süt Yoğurt Ve Günlük Paketli, Ayran",tarim_kredi,Kastamonu Merkez Rauf Denktaş,59.9,"29,95 ₺/lt",02.06.2025 10:19,0,KASTAMONU
Ayran,Sütaş Pratik Şişe Ayran 2 lt,Sütaş,"Gıda, Yoğurt-ayran-kefi̇r, Ayranlar, Günlük Içecekler, Süt Ve Süt Ürünleri, Süt Yoğurt Ve Günlük Paketli, Ayran",migros,Salı Pazarı Kastamonu Mm,69.95,"34,97 ₺/lt",02.06.2025 10:19,0,KASTAMONU
Ayran,Torku Tam Yağlı Ayran 200 Ml,Torku,"Günlük Içecekler, Süt Yoğurt Ve Günlük Paketli, Ayran",migros,Kastamall Avm Mm Migros,8.0,"40,00 ₺/lt",02.06.2025 10:19,0,KASTAMONU
Ayran,Torku 1 Lt Ayran,Torku,"1702-sütlü Mamuller, 17-grup Spot, 170215-büyük Ayran",bim,Gevher Nesibe  Kayseri,32.5,"32.500,00 ₺/lt",02.06.2025 10:19,0,KAYSERİ
Ayran,Sek Ayran 285 Ml,Sek,"Günlük Içecekler, Süt Yoğurt Ve Günlük Paketli, Ayran",migros,Hunat  Mh Kayseri M Migros,13.95,"48,95 ₺/lt",02.06.2025 10:19,0,KAYSERİ
Ayran,Sütaş 200 Ml Ayran,Sütaş,"Günlük Içecekler, Süt Yoğurt Ve Günlük Paketli, Ayran",migros,Barbaros Mah Kayseri M,9.85,"49,25 ₺/lt",02.06.2025 10:19,0,KAYSERİ
Ayran,Torku Ayran 2 l,Torku,"020402-büyük Ayran, Günlük Içecekler, 0204-ayran, Süt Yoğurt Ve Günlük Paketli, Ayran, 02-sütlü Mamuller",migros,Hunat  Mh Kayseri M Migros,59.9,"29,95 ₺/lt",02.06.2025 10:19,0,KAYSERİ
Ayran,Torku Ayran 2 l,Torku,"020402-büyük Ayran, Günlük Içecekler, 0204-ayran, Süt Yoğurt Ve Günlük Paketli, Ayran, 02-sütlü Mamuller",bim,Gevher Nesibe  Kayseri,72.5,"36,25 ₺/lt",02.06.2025 10:19,0,KAYSERİ
Ayran,Sütaş Ayran 300 ml,Sütaş,"Süt Ve Sütlü Mamüller, Günlük Içecekler, Süt Yoğurt Ve Günlük Paketli, Ayran, Ayran Ve Kefirler",migros,Barbaros Mah Kayseri M,14.0,"46,67 ₺/lt",02.06.2025 10:19,0,KAYSERİ
Ayran,Eker Ayran 1 lt,Eker,"Günlük Içecek, Gıda, Günlük Içecekler, Self Servıs, Günlük, Süt Yoğurt Ve Günlük Paketli, Ayran",migros,Hunat  Mh Kayseri M Migros,39.5,"39,50 ₺/lt",02.06.2025 10:19,0,KAYSERİ
Ayran,Sek 300 Ml Naneli Ayran,Sek,"1702-sütlü Mamuller, 17-grup Spot, 170214-küçük Ayran",bim,Gevher Nesibe  Kayseri,11.5,"38,33 ₺/lt",02.06.2025 10:18,0,KAYSERİ
Ayran,Migros Bardak Ayran 300 ml,Migros,"Pl Ayran, Pl Süt Yoğurt Ve Günlük Paketli, Pl Günlük Içecekler",migros,Yakut Mh Kayseri M Migros,10.5,"35,00 ₺/lt",02.06.2025 10:19,0,KAYSERİ
Ayran,Sütaş Ayran Şişe 250 Ml,Sütaş,"Süt Ve Sütlü Mamüller, Günlük Içecekler, Süt Yoğurt Ve Günlük Paketli, Ayran, Ayran Ve Kefirler",a101,Hastaneler Kocasinan Kayseri,12.5,"50,00 ₺/lt",02.06.2025 10:18,0,KAYSERİ
Ayran,İçim 1.5 Lt Şişe Ayran,Ülker,"Günlük Içecek, Gıda, 020402-büyük Ayran, Self Servıs, Günlük, Günlük Içecekler, 0204-ayran, 02-sütlü Mamuller, Süt Yoğurt Ve Günlük Paketli, Ayran",bim,Gevher Nesibe  Kayseri,52.5,"35,00 ₺/lt",02.06.2025 10:18,0,KAYSERİ
Ayran,Tarım Kredi Ayran 200 Ml,Tarım Kredi,"Gıda, Yoğurt-ayran-kefi̇r, Süt Ve Süt Ürünleri, Ayran",tarim_kredi,Kayseri Kocasinan Ahmet Paşa,7.0,"35,00 ₺/lt",02.06.2025 10:19,0,KAYSERİ
Ayran,Tarım Kredi Ayran 285 Ml,Tarım Kredi,"Gıda, Yoğurt-ayran-kefi̇r, Süt Ve Süt Ürünleri, Ayran",tarim_kredi,Kayseri Kocasinan Ahmet Paşa,9.9,"34,74 ₺/lt",02.06.2025 10:19,0,KAYSERİ
Ayran,Ayran Bardak 200 ml Dost,Dost,"020401-küçük Ayran, 0204-ayran, 02-sütlü Mamuller",bim,Gevher Nesibe  Kayseri,7.0,"35,00 ₺/lt",02.06.2025 10:19,0,KAYSERİ
Ayran,Ayran Şişe 1500 Ml Dost,Dost,"020402-büyük Ayran, 0204-ayran, 02-sütlü Mamuller",bim,Gevher Nesibe  Kayseri,41.5,"27,67 ₺/lt",02.06.2025 10:19,0,KAYSERİ
Ayran,Eker Tombul Ayran 195 Ml,Eker,"Günlük Içecek, Gıda, Günlük Içecekler, Self Servıs, Günlük, Süt Yoğurt Ve Günlük Paketli, Ayran",migros,Ahmet Paşa Caddesi Kayseri M,14.5,"74,36 ₺/lt",02.06.2025 10:19,0,KAYSERİ
Ayran,Ayran Şişe 1 Lt Binvezir,Binvezir,"020402-büyük Ayran, 0204-ayran, 02-sütlü Mamuller",bim,Gevher Nesibe  Kayseri,24.5,"24,50 ₺/lt",02.06.2025 10:19,0,KAYSERİ
Ayran,"Ayran %0,8 Yağlı 170 Ml Yörükoğlu",Yörükoğlu,"1702-sütlü Mamuller, 17-grup Spot, 170214-küçük Ayran",bim,Gevher Nesibe  Kayseri,5.0,"5.000,00 ₺/lt",02.06.2025 10:19,0,KAYSERİ
Ayran,"%0,8 Yağlı Ayran 200 Ml Sek",Sek,"1702-sütlü Mamuller, 17-grup Spot, 170214-küçük Ayran",bim,Gevher Nesibe  Kayseri,6.5,"32,50 ₺/lt",02.06.2025 10:18,0,KAYSERİ
Ayran,"Dost 2 Lt %1,2 Yağlı Ayran",Dost,"1702-sütlü Mamuller, 17-grup Spot, 170215-büyük Ayran",bim,Gevher Nesibe  Kayseri,49.5,"49.500,00 ₺/lt",02.06.2025 10:18,0,KAYSERİ
Ayran,Tam Yağlı Ayran İçim 2 Lt,İçim,"1702-sütlü Mamuller, 17-grup Spot, 170215-büyük Ayran",bim,Gevher Nesibe  Kayseri,59.0,"29,50 ₺/lt",02.06.2025 10:18,0,KAYSERİ
Ayran,Mis Ayran Tam Yağlı 1.5 Lt,Mis,"Süt-yoğurt-günlük Paketli-katı Yağ, Ayran, Şişe Ayran, Günlük Ve Diğer Şarküteri",sok,Kayseri Yeni Mahalle,37.0,"24,67 ₺/lt",02.06.2025 10:19,0,KAYSERİ
Ayran,Sütaş Pratik Şişe Ayran 2 lt,Sütaş,"Gıda, Yoğurt-ayran-kefi̇r, Ayranlar, Günlük Içecekler, Süt Ve Süt Ürünleri, Süt Yoğurt Ve Günlük Paketli, Ayran",tarim_kredi,Kayseri Kocasinan Ahmet Paşa,59.9,"29,95 ₺/lt",02.06.2025 10:19,0,KAYSERİ
Ayran,Sütaş Pratik Şişe Ayran 2 lt,Sütaş,"Gıda, Yoğurt-ayran-kefi̇r, Ayranlar, Günlük Içecekler, Süt Ve Süt Ürünleri, Süt Yoğurt Ve Günlük Paketli, Ayran",migros,Hunat  Mh Kayseri M Migros,69.95,"34,97 ₺/lt",02.06.2025 10:19,0,KAYSERİ
Ayran,Torku Tam Yağlı Ayran 200 Ml,Torku,"Günlük Içecekler, Süt Yoğurt Ve Günlük Paketli, Ayran",migros,Hunat  Mh Kayseri M Migros,8.0,"40,00 ₺/lt",02.06.2025 10:19,0,KAYSERİ
Ayran,Tarım Kredi Şişe Ayran 1500 Ml,Tarım Kredi,"Gıda, Yoğurt-ayran-kefi̇r, Süt Ve Süt Ürünleri, Ayran",tarim_kredi,Kayseri Kocasinan Ahmet Paşa,41.5,"27,67 ₺/lt",02.06.2025 10:19,0,KAYSERİ
Ayran,Mis Bardak Ayran Tam Yağlı 285 Ml,Mis,"Süt-yoğurt-günlük Paketli-katı Yağ, Bardak Ayran, Ayran, Günlük Ve Diğer Şarküteri",sok,Kayseri Yeni Mahalle,9.25,"32,46 ₺/lt",02.06.2025 10:19,0,KAYSERİ
Ayran,Torku 1 Lt Ayran,Torku,"1702-sütlü Mamuller, 17-grup Spot, 170215-büyük Ayran",bim,Tüysüzler Izmit,32.5,"32.500,00 ₺/lt",02.06.2025 10:19,0,KOCAELİ
Ayran,Sütaş 200 Ml Ayran,Sütaş,"Günlük Içecekler, Süt Yoğurt Ve Günlük Paketli, Ayran",migros,Mjet Bağçeşme Kocaeli,9.85,"49,25 ₺/lt",02.06.2025 10:19,0,KOCAELİ
Ayran,Torku Ayran 2 l,Torku,"020402-büyük Ayran, Günlük Içecekler, 0204-ayran, Süt Yoğurt Ve Günlük Paketli, Ayran, 02-sütlü Mamuller",bim,Tüysüzler Izmit,72.5,"36,25 ₺/lt",02.06.2025 10:19,0,KOCAELİ
Ayran,Sütaş Ayran 300 ml,Sütaş,"Süt Ve Sütlü Mamüller, Günlük Içecekler, Süt Yoğurt Ve Günlük Paketli, Ayran, Ayran Ve Kefirler",migros,Mjet Bağçeşme Kocaeli,14.0,"46,67 ₺/lt",02.06.2025 10:19,0,KOCAELİ
Ayran,Sek 300 Ml Naneli Ayran,Sek,"1702-sütlü Mamuller, 17-grup Spot, 170214-küçük Ayran",bim,Tüysüzler Izmit,11.5,"38,33 ₺/lt",02.06.2025 10:18,0,KOCAELİ
Ayran,Migros Bardak Ayran 300 ml,Migros,"Pl Ayran, Pl Süt Yoğurt Ve Günlük Paketli, Pl Günlük Içecekler",migros,Mjet Kocaeli Üniversitesi,10.5,"35,00 ₺/lt",02.06.2025 10:19,0,KOCAELİ
Ayran,Sütaş Ayran Şişe 250 Ml,Sütaş,"Süt Ve Sütlü Mamüller, Günlük Içecekler, Süt Yoğurt Ve Günlük Paketli, Ayran, Ayran Ve Kefirler",a101,Ishakçılar Derince Kocaeli,12.5,"50,00 ₺/lt",02.06.2025 10:18,0,KOCAELİ
Ayran,İçim 1.5 Lt Şişe Ayran,Ülker,"Günlük Içecek, Gıda, 020402-büyük Ayran, Self Servıs, Günlük, Günlük Içecekler, 0204-ayran, 02-sütlü Mamuller, Süt Yoğurt Ve Günlük Paketli, Ayran",bim,Tüysüzler Izmit,52.5,"35,00 ₺/lt",02.06.2025 10:18,0,KOCAELİ
Ayran,Tarım Kredi Ayran 200 Ml,Tarım Kredi,"Gıda, Yoğurt-ayran-kefi̇r, Süt Ve Süt Ürünleri, Ayran",tarim_kredi,Kocaeli Yeşilova,7.0,"35,00 ₺/lt",02.06.2025 10:19,0,KOCAELİ
Ayran,Tarım Kredi Ayran 285 Ml,Tarım Kredi,"Gıda, Yoğurt-ayran-kefi̇r, Süt Ve Süt Ürünleri, Ayran",tarim_kredi,Kocaeli Yeşilova,9.9,"34,74 ₺/lt",02.06.2025 10:19,0,KOCAELİ
Ayran,Ayran Bardak 200 ml Dost,Dost,"020401-küçük Ayran, 0204-ayran, 02-sütlü Mamuller",bim,Tüysüzler Izmit,7.0,"35,00 ₺/lt",02.06.2025 10:19,0,KOCAELİ
Ayran,Ayran Şişe 1500 Ml Dost,Dost,"020402-büyük Ayran, 0204-ayran, 02-sütlü Mamuller",bim,Tüysüzler Izmit,41.5,"27,67 ₺/lt",02.06.2025 10:19,0,KOCAELİ
Ayran,Ayran Şişe 1 Lt Binvezir,Binvezir,"020402-büyük Ayran, 0204-ayran, 02-sütlü Mamuller",bim,Tüysüzler Izmit,24.5,"24,50 ₺/lt",02.06.2025 10:19,0,KOCAELİ
Ayran,"Ayran %0,8 Yağlı 170 Ml Yörükoğlu",Yörükoğlu,"1702-sütlü Mamuller, 17-grup Spot, 170214-küçük Ayran",bim,Tüysüzler Izmit,5.0,"5.000,00 ₺/lt",02.06.2025 10:19,0,KOCAELİ
Ayran,"%0,8 Yağlı Ayran 200 Ml Sek",Sek,"1702-sütlü Mamuller, 17-grup Spot, 170214-küçük Ayran",bim,Tüysüzler Izmit,6.5,"32,50 ₺/lt",02.06.2025 10:18,0,KOCAELİ
Ayran,"Dost 2 Lt %1,2 Yağlı Ayran",Dost,"1702-sütlü Mamuller, 17-grup Spot, 170215-büyük Ayran",bim,Tüysüzler Izmit,49.5,"49.500,00 ₺/lt",02.06.2025 10:18,0,KOCAELİ
Ayran,Tam Yağlı Ayran İçim 2 Lt,İçim,"1702-sütlü Mamuller, 17-grup Spot, 170215-büyük Ayran",bim,Tüysüzler Izmit,59.0,"29,50 ₺/lt",02.06.2025 10:18,0,KOCAELİ
Ayran,Özerhisar Ayran Cam Şişe 245 Ml,Özerhisar,"Günlük Içecekler, Süt Yoğurt Ve Günlük Paketli, Ayran",migros,Mjet Bağçeşme Kocaeli,34.95,"142,65 ₺/lt",02.06.2025 10:18,0,KOCAELİ
Ayran,Mis Ayran Tam Yağlı 1.5 Lt,Mis,"Süt-yoğurt-günlük Paketli-katı Yağ, Ayran, Şişe Ayran, Günlük Ve Diğer Şarküteri",sok,Bağçeşme Devran Cadde,37.0,"24,67 ₺/lt",02.06.2025 10:19,0,KOCAELİ
Ayran,Sütaş Pratik Şişe Ayran 2 lt,Sütaş,"Gıda, Yoğurt-ayran-kefi̇r, Ayranlar, Günlük Içecekler, Süt Ve Süt Ürünleri, Süt Yoğurt Ve Günlük Paketli, Ayran",tarim_kredi,Kocaeli Derince Ertuğrul Gazi,59.9,"29,95 ₺/lt",02.06.2025 10:19,0,KOCAELİ
Ayran,Sütaş Pratik Şişe Ayran 2 lt,Sütaş,"Gıda, Yoğurt-ayran-kefi̇r, Ayranlar, Günlük Içecekler, Süt Ve Süt Ürünleri, Süt Yoğurt Ve Günlük Paketli, Ayran",hakmar,Seyyid  Izmit,69.5,"34,75 ₺/lt",02.06.2025 10:19,0,KOCAELİ
Ayran,Torku Tam Yağlı Ayran 200 Ml,Torku,"Günlük Içecekler, Süt Yoğurt Ve Günlük Paketli, Ayran",migros,Mjet Bağçeşme Kocaeli,8.0,"40,00 ₺/lt",02.06.2025 10:19,0,KOCAELİ
Ayran,Tarım Kredi Şişe Ayran 1500 Ml,Tarım Kredi,"Gıda, Yoğurt-ayran-kefi̇r, Süt Ve Süt Ürünleri, Ayran",tarim_kredi,Kocaeli Yeşilova,41.5,"27,67 ₺/lt",02.06.2025 10:19,0,KOCAELİ
Ayran,Ayran Tam Yağlı 150 ml Eker,Eker,"Ayranlar, Süt Ve Süt Ürünleri",hakmar,Seyyid  Izmit,7.5,"50,00 ₺/lt",02.06.2025 10:19,0,KOCAELİ
Ayran,Ayran Tam Yağlı 200 ml Göynük,Göynük,"Ayranlar, Süt Ve Süt Ürünleri",hakmar,Seyyid  Izmit,7.0,"35,00 ₺/lt",02.06.2025 10:19,0,KOCAELİ
Ayran,Ayran Tam Yağlı 1500 ml Göynük,Göynük,"Ayranlar, Süt Ve Süt Ürünleri",hakmar,Seyyid  Izmit,41.5,"27,67 ₺/lt",02.06.2025 10:19,0,KOCAELİ
Ayran,Torku 1 Lt Ayran,Torku,"1702-sütlü Mamuller, 17-grup Spot, 170215-büyük Ayran",bim,Anıt  Konya,32.5,"32.500,00 ₺/lt",02.06.2025 10:19,0,KONYA
Ayran,Sütaş 200 Ml Ayran,Sütaş,"Günlük Içecekler, Süt Yoğurt Ve Günlük Paketli, Ayran",migros,Istasyon Konya M Migros,9.85,"49,25 ₺/lt",02.06.2025 10:19,0,KONYA
Ayran,Torku Ayran 2 l,Torku,"020402-büyük Ayran, Günlük Içecekler, 0204-ayran, Süt Yoğurt Ve Günlük Paketli, Ayran, 02-sütlü Mamuller",migros,Istasyon Konya M Migros,64.9,"32,45 ₺/lt",02.06.2025 10:19,0,KONYA
Ayran,Torku Ayran 2 l,Torku,"020402-büyük Ayran, Günlük Içecekler, 0204-ayran, Süt Yoğurt Ve Günlük Paketli, Ayran, 02-sütlü Mamuller",bim,Anıt  Konya,72.5,"36,25 ₺/lt",02.06.2025 10:19,0,KONYA
Ayran,Sütaş Ayran 300 ml,Sütaş,"Süt Ve Sütlü Mamüller, Günlük Içecekler, Süt Yoğurt Ve Günlük Paketli, Ayran, Ayran Ve Kefirler",migros,Istasyon Konya M Migros,14.0,"46,67 ₺/lt",02.06.2025 10:19,0,KONYA
Ayran,Eker Ayran 1 lt,Eker,"Günlük Içecek, Gıda, Günlük Içecekler, Self Servıs, Günlük, Süt Yoğurt Ve Günlük Paketli, Ayran",carrefour,Konya Kent Plaza Süper,38.95,"38,95 ₺/lt",02.06.2025 10:19,0,KONYA
Ayran,Eker Ayran 1 lt,Eker,"Günlük Içecek, Gıda, Günlük Içecekler, Self Servıs, Günlük, Süt Yoğurt Ve Günlük Paketli, Ayran",migros,Meram Konya Mm Migros,39.5,"39,50 ₺/lt",02.06.2025 10:19,0,KONYA
Ayran,Sek 300 Ml Naneli Ayran,Sek,"1702-sütlü Mamuller, 17-grup Spot, 170214-küçük Ayran",bim,Anıt  Konya,11.5,"38,33 ₺/lt",02.06.2025 10:18,0,KONYA
Ayran,Migros Bardak Ayran 300 ml,Migros,"Pl Ayran, Pl Süt Yoğurt Ve Günlük Paketli, Pl Günlük Içecekler",migros,Istasyon Konya M Migros,10.5,"35,00 ₺/lt",02.06.2025 10:19,0,KONYA
Ayran,Eker Tombul Ayran 6x195 Ml,Eker,"Günlük Içecek, Gıda, Günlük Içecekler, Self Servıs, Günlük, Süt Yoğurt Ve Günlük Paketli, Ayran",migros,Meram Konya Mm Migros,72.5,"60,42 ₺/lt",02.06.2025 10:18,0,KONYA
Ayran,Sütaş Ayran Şişe 250 Ml,Sütaş,"Süt Ve Sütlü Mamüller, Günlük Içecekler, Süt Yoğurt Ve Günlük Paketli, Ayran, Ayran Ve Kefirler",a101,Balık Hali Meram Konya,12.5,"50,00 ₺/lt",02.06.2025 10:18,0,KONYA
Ayran,İçim 1.5 Lt Şişe Ayran,Ülker,"Günlük Içecek, Gıda, 020402-büyük Ayran, Self Servıs, Günlük, Günlük Içecekler, 0204-ayran, 02-sütlü Mamuller, Süt Yoğurt Ve Günlük Paketli, Ayran",bim,Anıt  Konya,52.5,"35,00 ₺/lt",02.06.2025 10:18,0,KONYA
Ayran,Tarım Kredi Ayran 200 Ml,Tarım Kredi,"Gıda, Yoğurt-ayran-kefi̇r, Süt Ve Süt Ürünleri, Ayran",tarim_kredi,Konya Meram Abdürreşit,7.0,"35,00 ₺/lt",02.06.2025 10:19,0,KONYA
Ayran,Tarım Kredi Ayran 285 Ml,Tarım Kredi,"Gıda, Yoğurt-ayran-kefi̇r, Süt Ve Süt Ürünleri, Ayran",tarim_kredi,Konya Meram Abdürreşit,9.9,"34,74 ₺/lt",02.06.2025 10:19,0,KONYA
Ayran,Ayran Bardak 200 ml Dost,Dost,"020401-küçük Ayran, 0204-ayran, 02-sütlü Mamuller",bim,Anıt  Konya,7.0,"35,00 ₺/lt",02.06.2025 10:19,0,KONYA
Ayran,Ayran Şişe 1500 Ml Dost,Dost,"020402-büyük Ayran, 0204-ayran, 02-sütlü Mamuller",bim,Anıt  Konya,41.5,"27,67 ₺/lt",02.06.2025 10:19,0,KONYA
Ayran,Eker Tombul Ayran 195 Ml,Eker,"Günlük Içecek, Gıda, Günlük Içecekler, Self Servıs, Günlük, Süt Yoğurt Ve Günlük Paketli, Ayran",carrefour,Konya Kent Plaza Süper,15.15,"77,69 ₺/lt",02.06.2025 10:19,0,KONYA
Ayran,Ayran Şişe 1 Lt Binvezir,Binvezir,"020402-büyük Ayran, 0204-ayran, 02-sütlü Mamuller",bim,Anıt  Konya,24.5,"24,50 ₺/lt",02.06.2025 10:19,0,KONYA
Ayran,"Ayran %0,8 Yağlı 170 Ml Yörükoğlu",Yörükoğlu,"1702-sütlü Mamuller, 17-grup Spot, 170214-küçük Ayran",bim,Anıt  Konya,5.0,"5.000,00 ₺/lt",02.06.2025 10:19,0,KONYA
Ayran,"%0,8 Yağlı Ayran 200 Ml Sek",Sek,"1702-sütlü Mamuller, 17-grup Spot, 170214-küçük Ayran",bim,Anıt  Konya,6.5,"32,50 ₺/lt",02.06.2025 10:18,0,KONYA
Ayran,"Dost 2 Lt %1,2 Yağlı Ayran",Dost,"1702-sütlü Mamuller, 17-grup Spot, 170215-büyük Ayran",bim,Anıt  Konya,49.5,"49.500,00 ₺/lt",02.06.2025 10:18,0,KONYA
Ayran,Tam Yağlı Ayran İçim 2 Lt,İçim,"1702-sütlü Mamuller, 17-grup Spot, 170215-büyük Ayran",bim,Anıt  Konya,59.0,"29,50 ₺/lt",02.06.2025 10:18,0,KONYA
Ayran,Mis Ayran Tam Yağlı 1.5 Lt,Mis,"Süt-yoğurt-günlük Paketli-katı Yağ, Ayran, Şişe Ayran, Günlük Ve Diğer Şarküteri",sok,Konya Alaaddin Bulvarı,37.0,"24,67 ₺/lt",02.06.2025 10:19,0,KONYA
Ayran,Sütaş Pratik Şişe Ayran 2 lt,Sütaş,"Gıda, Yoğurt-ayran-kefi̇r, Ayranlar, Günlük Içecekler, Süt Ve Süt Ürünleri, Süt Yoğurt Ve Günlük Paketli, Ayran",tarim_kredi,Konya Meram Abdürreşit,59.9,"29,95 ₺/lt",02.06.2025 10:19,0,KONYA
Ayran,Torku Tam Yağlı Ayran 200 Ml,Torku,"Günlük Içecekler, Süt Yoğurt Ve Günlük Paketli, Ayran",migros,Istasyon Konya M Migros,8.0,"40,00 ₺/lt",02.06.2025 10:19,0,KONYA
Ayran,Tarım Kredi Şişe Ayran 1500 Ml,Tarım Kredi,"Gıda, Yoğurt-ayran-kefi̇r, Süt Ve Süt Ürünleri, Ayran",tarim_kredi,Konya Meram Abdürreşit,41.5,"27,67 ₺/lt",02.06.2025 10:19,0,KONYA
Ayran,Mis Bardak Ayran Tam Yağlı 285 Ml,Mis,"Süt-yoğurt-günlük Paketli-katı Yağ, Bardak Ayran, Ayran, Günlük Ve Diğer Şarküteri",sok,Konya Alaaddin Bulvarı,9.25,"32,46 ₺/lt",02.06.2025 10:19,0,KONYA
Ayran,Torku 1 Lt Ayran,Torku,"1702-sütlü Mamuller, 17-grup Spot, 170215-büyük Ayran",bim,Barguzu  Yeşilyurt  Malatya,32.5,"32.500,00 ₺/lt",02.06.2025 10:19,0,MALATYA
Ayran,Sek Ayran 285 Ml,Sek,"Günlük Içecekler, Süt Yoğurt Ve Günlük Paketli, Ayran",migros,Turgut Özal Bulvarı Malatya M,13.95,"48,95 ₺/lt",02.06.2025 10:19,0,MALATYA
Ayran,Sütaş 200 Ml Ayran,Sütaş,"Günlük Içecekler, Süt Yoğurt Ve Günlük Paketli, Ayran",migros,Turgut Özal Bulvarı Malatya M,9.85,"49,25 ₺/lt",02.06.2025 10:19,0,MALATYA
Ayran,Torku Ayran 2 l,Torku,"020402-büyük Ayran, Günlük Içecekler, 0204-ayran, Süt Yoğurt Ve Günlük Paketli, Ayran, 02-sütlü Mamuller",migros,Turgut Özal Bulvarı Malatya M,59.9,"29,95 ₺/lt",02.06.2025 10:19,0,MALATYA
Ayran,Torku Ayran 2 l,Torku,"020402-büyük Ayran, Günlük Içecekler, 0204-ayran, Süt Yoğurt Ve Günlük Paketli, Ayran, 02-sütlü Mamuller",bim,Barguzu  Yeşilyurt  Malatya,72.5,"36,25 ₺/lt",02.06.2025 10:19,0,MALATYA
Ayran,Sütaş Ayran 300 ml,Sütaş,"Süt Ve Sütlü Mamüller, Günlük Içecekler, Süt Yoğurt Ve Günlük Paketli, Ayran, Ayran Ve Kefirler",a101,Hüseyinbey Battalgazi Malatya,13.9,"46,33 ₺/lt",02.06.2025 10:19,0,MALATYA
Ayran,Sütaş Ayran 300 ml,Sütaş,"Süt Ve Sütlü Mamüller, Günlük Içecekler, Süt Yoğurt Ve Günlük Paketli, Ayran, Ayran Ve Kefirler",migros,Cengiz Topel Cad Malatya M,14.0,"46,67 ₺/lt",02.06.2025 10:19,0,MALATYA
Ayran,Eker Ayran 1 lt,Eker,"Günlük Içecek, Gıda, Günlük Içecekler, Self Servıs, Günlük, Süt Yoğurt Ve Günlük Paketli, Ayran",migros,Turgut Özal Bulvarı Malatya M,39.5,"39,50 ₺/lt",02.06.2025 10:19,0,MALATYA
Ayran,Sek 300 Ml Naneli Ayran,Sek,"1702-sütlü Mamuller, 17-grup Spot, 170214-küçük Ayran",bim,Barguzu  Yeşilyurt  Malatya,11.5,"38,33 ₺/lt",02.06.2025 10:18,0,MALATYA
Ayran,Migros Bardak Ayran 300 ml,Migros,"Pl Ayran, Pl Süt Yoğurt Ve Günlük Paketli, Pl Günlük Içecekler",migros,Cengiz Topel Cad Malatya M,10.5,"35,00 ₺/lt",02.06.2025 10:19,0,MALATYA
Ayran,Sütaş Ayran Şişe 250 Ml,Sütaş,"Süt Ve Sütlü Mamüller, Günlük Içecekler, Süt Yoğurt Ve Günlük Paketli, Ayran, Ayran Ve Kefirler",a101,Melekbaba Yeşilyurt Malatya,12.5,"50,00 ₺/lt",02.06.2025 10:18,0,MALATYA
Ayran,İçim 1.5 Lt Şişe Ayran,Ülker,"Günlük Içecek, Gıda, 020402-büyük Ayran, Self Servıs, Günlük, Günlük Içecekler, 0204-ayran, 02-sütlü Mamuller, Süt Yoğurt Ve Günlük Paketli, Ayran",bim,Barguzu  Yeşilyurt  Malatya,52.5,"35,00 ₺/lt",02.06.2025 10:18,0,MALATYA
Ayran,Tarım Kredi Ayran 200 Ml,Tarım Kredi,"Gıda, Yoğurt-ayran-kefi̇r, Süt Ve Süt Ürünleri, Ayran",tarim_kredi,Malatya Yeşilyurt,7.0,"35,00 ₺/lt",02.06.2025 10:19,0,MALATYA
Ayran,Tarım Kredi Ayran 285 Ml,Tarım Kredi,"Gıda, Yoğurt-ayran-kefi̇r, Süt Ve Süt Ürünleri, Ayran",tarim_kredi,Malatya Yeşilyurt,9.9,"34,74 ₺/lt",02.06.2025 10:19,0,MALATYA
Ayran,Ayran Bardak 200 ml Dost,Dost,"020401-küçük Ayran, 0204-ayran, 02-sütlü Mamuller",bim,Barguzu  Yeşilyurt  Malatya,7.0,"35,00 ₺/lt",02.06.2025 10:19,0,MALATYA
Ayran,Ayran Şişe 1500 Ml Dost,Dost,"020402-büyük Ayran, 0204-ayran, 02-sütlü Mamuller",bim,Barguzu  Yeşilyurt  Malatya,41.5,"27,67 ₺/lt",02.06.2025 10:19,0,MALATYA
Ayran,Eker Tombul Ayran 195 Ml,Eker,"Günlük Içecek, Gıda, Günlük Içecekler, Self Servıs, Günlük, Süt Yoğurt Ve Günlük Paketli, Ayran",migros,Cengiz Topel Cad Malatya M,14.5,"74,36 ₺/lt",02.06.2025 10:19,0,MALATYA
Ayran,Ayran Şişe 1 Lt Binvezir,Binvezir,"020402-büyük Ayran, 0204-ayran, 02-sütlü Mamuller",bim,Barguzu  Yeşilyurt  Malatya,24.5,"24,50 ₺/lt",02.06.2025 10:19,0,MALATYA
Ayran,"Ayran %0,8 Yağlı 170 Ml Yörükoğlu",Yörükoğlu,"1702-sütlü Mamuller, 17-grup Spot, 170214-küçük Ayran",bim,Barguzu  Yeşilyurt  Malatya,5.0,"5.000,00 ₺/lt",02.06.2025 10:19,0,MALATYA
Ayran,"%0,8 Yağlı Ayran 200 Ml Sek",Sek,"1702-sütlü Mamuller, 17-grup Spot, 170214-küçük Ayran",bim,Barguzu  Yeşilyurt  Malatya,6.5,"32,50 ₺/lt",02.06.2025 10:18,0,MALATYA
Ayran,"Dost 2 Lt %1,2 Yağlı Ayran",Dost,"1702-sütlü Mamuller, 17-grup Spot, 170215-büyük Ayran",bim,Barguzu  Yeşilyurt  Malatya,49.5,"49.500,00 ₺/lt",02.06.2025 10:18,0,MALATYA
Ayran,Tam Yağlı Ayran İçim 2 Lt,İçim,"1702-sütlü Mamuller, 17-grup Spot, 170215-büyük Ayran",bim,Barguzu  Yeşilyurt  Malatya,59.0,"29,50 ₺/lt",02.06.2025 10:18,0,MALATYA
Ayran,Mis Ayran Tam Yağlı 1.5 Lt,Mis,"Süt-yoğurt-günlük Paketli-katı Yağ, Ayran, Şişe Ayran, Günlük Ve Diğer Şarküteri",sok,Malatya Emeksiz,37.0,"24,67 ₺/lt",02.06.2025 10:19,0,MALATYA
Ayran,Sütaş Pratik Şişe Ayran 2 lt,Sütaş,"Gıda, Yoğurt-ayran-kefi̇r, Ayranlar, Günlük Içecekler, Süt Ve Süt Ürünleri, Süt Yoğurt Ve Günlük Paketli, Ayran",tarim_kredi,Malatya Yeşilyurt,59.9,"29,95 ₺/lt",02.06.2025 10:19,0,MALATYA
Ayran,Sütaş Pratik Şişe Ayran 2 lt,Sütaş,"Gıda, Yoğurt-ayran-kefi̇r, Ayranlar, Günlük Içecekler, Süt Ve Süt Ürünleri, Süt Yoğurt Ve Günlük Paketli, Ayran",migros,5m Malatya Park,69.95,"34,97 ₺/lt",02.06.2025 10:19,0,MALATYA
Ayran,Torku Tam Yağlı Ayran 200 Ml,Torku,"Günlük Içecekler, Süt Yoğurt Ve Günlük Paketli, Ayran",migros,Mjet Turgut Temelli Cd Malatya,8.0,"40,00 ₺/lt",02.06.2025 10:19,0,MALATYA
Ayran,Tarım Kredi Şişe Ayran 1500 Ml,Tarım Kredi,"Gıda, Yoğurt-ayran-kefi̇r, Süt Ve Süt Ürünleri, Ayran",tarim_kredi,Malatya Yeşilyurt,41.5,"27,67 ₺/lt",02.06.2025 10:19,0,MALATYA
Ayran,Mis Bardak Ayran Tam Yağlı 285 Ml,Mis,"Süt-yoğurt-günlük Paketli-katı Yağ, Bardak Ayran, Ayran, Günlük Ve Diğer Şarküteri",sok,Malatya Emeksiz,9.25,"32,46 ₺/lt",02.06.2025 10:19,0,MALATYA
Ayran,Torku 1 Lt Ayran,Torku,"1702-sütlü Mamuller, 17-grup Spot, 170215-büyük Ayran",bim,Ardamanisa,32.5,"32.500,00 ₺/lt",02.06.2025 10:19,0,MANİSA
Ayran,Sütaş 200 Ml Ayran,Sütaş,"Günlük Içecekler, Süt Yoğurt Ve Günlük Paketli, Ayran",migros,Mjet Manisa Anafartalar,9.85,"49,25 ₺/lt",02.06.2025 10:19,0,MANİSA
Ayran,Torku Ayran 2 l,Torku,"020402-büyük Ayran, Günlük Içecekler, 0204-ayran, Süt Yoğurt Ve Günlük Paketli, Ayran, 02-sütlü Mamuller",bim,Ardamanisa,72.5,"36,25 ₺/lt",02.06.2025 10:19,0,MANİSA
Ayran,Arslan Ayran 1 lt,Arslan,"Günlük Içecekler, Süt Yoğurt Ve Günlük Paketli, Ayran",migros,Manisa Mağazası,89.95,"89,95 ₺/kg",02.06.2025 10:19,0,MANİSA
Ayran,Sütaş Ayran 300 ml,Sütaş,"Süt Ve Sütlü Mamüller, Günlük Içecekler, Süt Yoğurt Ve Günlük Paketli, Ayran, Ayran Ve Kefirler",migros,Mjet Manisa Anafartalar,14.0,"46,67 ₺/lt",02.06.2025 10:19,0,MANİSA
Ayran,Eker Ayran 1 lt,Eker,"Günlük Içecek, Gıda, Günlük Içecekler, Self Servıs, Günlük, Süt Yoğurt Ve Günlük Paketli, Ayran",carrefour,Manısa Yunus Emre Prıme Mall,38.95,"38,95 ₺/lt",02.06.2025 10:19,0,MANİSA
Ayran,Eker Ayran 1 lt,Eker,"Günlük Içecek, Gıda, Günlük Içecekler, Self Servıs, Günlük, Süt Yoğurt Ve Günlük Paketli, Ayran",migros,Manisa Mağazası,39.5,"39,50 ₺/lt",02.06.2025 10:19,0,MANİSA
Ayran,Sek 300 Ml Naneli Ayran,Sek,"1702-sütlü Mamuller, 17-grup Spot, 170214-küçük Ayran",bim,Ardamanisa,11.5,"38,33 ₺/lt",02.06.2025 10:18,0,MANİSA
Ayran,Migros Bardak Ayran 300 ml,Migros,"Pl Ayran, Pl Süt Yoğurt Ve Günlük Paketli, Pl Günlük Içecekler",migros,Mjet Manisa Anafartalar,10.5,"35,00 ₺/lt",02.06.2025 10:19,0,MANİSA
Ayran,Arslan Karamaya Ayran 245 Ml,Arslan,"Günlük Içecekler, Süt Yoğurt Ve Günlük Paketli, Ayran",migros,Manisa Mağazası,27.95,"114,08 ₺/lt",02.06.2025 10:18,0,MANİSA
Ayran,Sütaş Ayran Şişe 250 Ml,Sütaş,"Süt Ve Sütlü Mamüller, Günlük Içecekler, Süt Yoğurt Ve Günlük Paketli, Ayran, Ayran Ve Kefirler",a101,1anafartalar Manisa,12.5,"50,00 ₺/lt",02.06.2025 10:18,0,MANİSA
Ayran,İçim 1.5 Lt Şişe Ayran,Ülker,"Günlük Içecek, Gıda, 020402-büyük Ayran, Self Servıs, Günlük, Günlük Içecekler, 0204-ayran, 02-sütlü Mamuller, Süt Yoğurt Ve Günlük Paketli, Ayran",bim,Ardamanisa,52.5,"35,00 ₺/lt",02.06.2025 10:18,0,MANİSA
Ayran,Ayran Bardak 200 ml Dost,Dost,"020401-küçük Ayran, 0204-ayran, 02-sütlü Mamuller",bim,Ardamanisa,7.0,"35,00 ₺/lt",02.06.2025 10:19,0,MANİSA
Ayran,Ayran Şişe 1500 Ml Dost,Dost,"020402-büyük Ayran, 0204-ayran, 02-sütlü Mamuller",bim,Ardamanisa,41.5,"27,67 ₺/lt",02.06.2025 10:19,0,MANİSA
Ayran,Eker Tombul Ayran 195 Ml,Eker,"Günlük Içecek, Gıda, Günlük Içecekler, Self Servıs, Günlük, Süt Yoğurt Ve Günlük Paketli, Ayran",carrefour,Manısa Yunus Emre Prıme Mall,15.15,"77,69 ₺/lt",02.06.2025 10:19,0,MANİSA
Ayran,Ayran Şişe 1 Lt Binvezir,Binvezir,"020402-büyük Ayran, 0204-ayran, 02-sütlü Mamuller",bim,Ardamanisa,24.5,"24,50 ₺/lt",02.06.2025 10:19,0,MANİSA
Ayran,"Ayran %0,8 Yağlı 170 Ml Yörükoğlu",Yörükoğlu,"1702-sütlü Mamuller, 17-grup Spot, 170214-küçük Ayran",bim,Ardamanisa,5.0,"5.000,00 ₺/lt",02.06.2025 10:19,0,MANİSA
Ayran,"%0,8 Yağlı Ayran 200 Ml Sek",Sek,"1702-sütlü Mamuller, 17-grup Spot, 170214-küçük Ayran",bim,Ardamanisa,6.5,"32,50 ₺/lt",02.06.2025 10:18,0,MANİSA
Ayran,"Dost 2 Lt %1,2 Yağlı Ayran",Dost,"1702-sütlü Mamuller, 17-grup Spot, 170215-büyük Ayran",bim,Ardamanisa,49.5,"49.500,00 ₺/lt",02.06.2025 10:18,0,MANİSA
Ayran,Tam Yağlı Ayran İçim 2 Lt,İçim,"1702-sütlü Mamuller, 17-grup Spot, 170215-büyük Ayran",bim,Ardamanisa,59.0,"29,50 ₺/lt",02.06.2025 10:18,0,MANİSA
Ayran,Özerhisar Ayran Cam Şişe 245 Ml,Özerhisar,"Günlük Içecekler, Süt Yoğurt Ve Günlük Paketli, Ayran",migros,Mjet Manisa Seyfettin Bey Cad,34.95,"142,65 ₺/lt",02.06.2025 10:18,0,MANİSA
Ayran,Mis Ayran Tam Yağlı 1.5 Lt,Mis,"Süt-yoğurt-günlük Paketli-katı Yağ, Ayran, Şişe Ayran, Günlük Ve Diğer Şarküteri",sok,Manisa Sevgiyolu,37.0,"24,67 ₺/lt",02.06.2025 10:19,0,MANİSA
Ayran,Sütaş Pratik Şişe Ayran 2 lt,Sütaş,"Gıda, Yoğurt-ayran-kefi̇r, Ayranlar, Günlük Içecekler, Süt Ve Süt Ürünleri, Süt Yoğurt Ve Günlük Paketli, Ayran",migros,Mjet Sevgi Yolu Manisa,69.95,"34,97 ₺/lt",02.06.2025 10:19,0,MANİSA
Ayran,Torku Tam Yağlı Ayran 200 Ml,Torku,"Günlük Içecekler, Süt Yoğurt Ve Günlük Paketli, Ayran",migros,Mjet Manisa Anafartalar,8.0,"40,00 ₺/lt",02.06.2025 10:19,0,MANİSA
Ayran,Mis Bardak Ayran Tam Yağlı 285 Ml,Mis,"Süt-yoğurt-günlük Paketli-katı Yağ, Bardak Ayran, Ayran, Günlük Ve Diğer Şarküteri",sok,Manisa Sevgiyolu,9.25,"32,46 ₺/lt",02.06.2025 10:19,0,MANİSA
Ayran,"Yörsan Susurluk Ayran %2,3 Yağlı 1 lt",Yörsan,"Günlük Içecekler, Süt Yoğurt Ve Günlük Paketli, Ayran",migros,Manisa Mağazası,47.5,"47,50 ₺/lt",02.06.2025 10:18,0,MANİSA
Ayran,Torku 1 Lt Ayran,Torku,"1702-sütlü Mamuller, 17-grup Spot, 170215-büyük Ayran",bim,Divanlı  Kmaraş,32.5,"32.500,00 ₺/lt",02.06.2025 10:19,0,KAHRAMANMARAŞ
Ayran,Sek Ayran 285 Ml,Sek,"Günlük Içecekler, Süt Yoğurt Ve Günlük Paketli, Ayran",migros,Oniki Şubat Kahramanmaraş Mm,13.95,"48,95 ₺/lt",02.06.2025 10:19,0,KAHRAMANMARAŞ
Ayran,Sütaş 200 Ml Ayran,Sütaş,"Günlük Içecekler, Süt Yoğurt Ve Günlük Paketli, Ayran",migros,Oniki Şubat Kahramanmaraş Mm,9.85,"49,25 ₺/lt",02.06.2025 10:19,0,KAHRAMANMARAŞ
Ayran,Torku Ayran 2 l,Torku,"020402-büyük Ayran, Günlük Içecekler, 0204-ayran, Süt Yoğurt Ve Günlük Paketli, Ayran, 02-sütlü Mamuller",migros,Şehit Abdullah Çavuş Mah M,64.9,"32,45 ₺/lt",02.06.2025 10:19,0,KAHRAMANMARAŞ
Ayran,Torku Ayran 2 l,Torku,"020402-büyük Ayran, Günlük Içecekler, 0204-ayran, Süt Yoğurt Ve Günlük Paketli, Ayran, 02-sütlü Mamuller",bim,Divanlı  Kmaraş,72.5,"36,25 ₺/lt",02.06.2025 10:19,0,KAHRAMANMARAŞ
Ayran,Sütaş Ayran 300 ml,Sütaş,"Süt Ve Sütlü Mamüller, Günlük Içecekler, Süt Yoğurt Ve Günlük Paketli, Ayran, Ayran Ve Kefirler",migros,Piazza Avm Kahramanmaraş Mmm,14.0,"46,67 ₺/lt",02.06.2025 10:19,0,KAHRAMANMARAŞ
Ayran,Torku Ayran 300 Ml,Torku,"Günlük Içecekler, Süt Yoğurt Ve Günlük Paketli, Ayran",migros,Piazza Avm Kahramanmaraş Mmm,12.5,"41,67 ₺/lt",02.06.2025 10:18,0,KAHRAMANMARAŞ
Ayran,Eker Ayran 1 lt,Eker,"Günlük Içecek, Gıda, Günlük Içecekler, Self Servıs, Günlük, Süt Yoğurt Ve Günlük Paketli, Ayran",migros,Oniki Şubat Kahramanmaraş Mm,39.5,"39,50 ₺/lt",02.06.2025 10:19,0,KAHRAMANMARAŞ
Ayran,Sek 300 Ml Naneli Ayran,Sek,"1702-sütlü Mamuller, 17-grup Spot, 170214-küçük Ayran",bim,Divanlı  Kmaraş,11.5,"38,33 ₺/lt",02.06.2025 10:18,0,KAHRAMANMARAŞ
Ayran,Migros Bardak Ayran 300 ml,Migros,"Pl Ayran, Pl Süt Yoğurt Ve Günlük Paketli, Pl Günlük Içecekler",migros,Oniki Şubat Kahramanmaraş Mm,10.5,"35,00 ₺/lt",02.06.2025 10:19,0,KAHRAMANMARAŞ
Ayran,Sütaş Ayran Şişe 250 Ml,Sütaş,"Süt Ve Sütlü Mamüller, Günlük Içecekler, Süt Yoğurt Ve Günlük Paketli, Ayran, Ayran Ve Kefirler",a101,Fetih Dulkadiroğlu Kahramanmaraş,12.5,"50,00 ₺/lt",02.06.2025 10:18,0,KAHRAMANMARAŞ
Ayran,İçim 1.5 Lt Şişe Ayran,Ülker,"Günlük Içecek, Gıda, 020402-büyük Ayran, Self Servıs, Günlük, Günlük Içecekler, 0204-ayran, 02-sütlü Mamuller, Süt Yoğurt Ve Günlük Paketli, Ayran",bim,Divanlı  Kmaraş,52.5,"35,00 ₺/lt",02.06.2025 10:18,0,KAHRAMANMARAŞ
Ayran,Tarım Kredi Ayran 200 Ml,Tarım Kredi,"Gıda, Yoğurt-ayran-kefi̇r, Süt Ve Süt Ürünleri, Ayran",tarim_kredi,Kahramanmaraş Onikişubat Ismet Karaokur,7.0,"35,00 ₺/lt",02.06.2025 10:19,0,KAHRAMANMARAŞ
Ayran,Tarım Kredi Ayran 285 Ml,Tarım Kredi,"Gıda, Yoğurt-ayran-kefi̇r, Süt Ve Süt Ürünleri, Ayran",tarim_kredi,Kahramanmaraş Onikişubat Ismet Karaokur,9.9,"34,74 ₺/lt",02.06.2025 10:19,0,KAHRAMANMARAŞ
Ayran,Ayran Bardak 200 ml Dost,Dost,"020401-küçük Ayran, 0204-ayran, 02-sütlü Mamuller",bim,Divanlı  Kmaraş,7.0,"35,00 ₺/lt",02.06.2025 10:19,0,KAHRAMANMARAŞ
Ayran,Ayran Şişe 1500 Ml Dost,Dost,"020402-büyük Ayran, 0204-ayran, 02-sütlü Mamuller",bim,Divanlı  Kmaraş,41.5,"27,67 ₺/lt",02.06.2025 10:19,0,KAHRAMANMARAŞ
Ayran,Eker Tombul Ayran 195 Ml,Eker,"Günlük Içecek, Gıda, Günlük Içecekler, Self Servıs, Günlük, Süt Yoğurt Ve Günlük Paketli, Ayran",migros,Oniki Şubat Kahramanmaraş Mm,14.5,"74,36 ₺/lt",02.06.2025 10:19,0,KAHRAMANMARAŞ
Ayran,Ayran Şişe 1 Lt Binvezir,Binvezir,"020402-büyük Ayran, 0204-ayran, 02-sütlü Mamuller",bim,Divanlı  Kmaraş,24.5,"24,50 ₺/lt",02.06.2025 10:19,0,KAHRAMANMARAŞ
Ayran,"Ayran %0,8 Yağlı 170 Ml Yörükoğlu",Yörükoğlu,"1702-sütlü Mamuller, 17-grup Spot, 170214-küçük Ayran",bim,Divanlı  Kmaraş,5.0,"5.000,00 ₺/lt",02.06.2025 10:19,0,KAHRAMANMARAŞ
Ayran,"%0,8 Yağlı Ayran 200 Ml Sek",Sek,"1702-sütlü Mamuller, 17-grup Spot, 170214-küçük Ayran",bim,Divanlı  Kmaraş,6.5,"32,50 ₺/lt",02.06.2025 10:18,0,KAHRAMANMARAŞ
Ayran,"Dost 2 Lt %1,2 Yağlı Ayran",Dost,"1702-sütlü Mamuller, 17-grup Spot, 170215-büyük Ayran",bim,Divanlı  Kmaraş,49.5,"49.500,00 ₺/lt",02.06.2025 10:18,0,KAHRAMANMARAŞ
Ayran,Tam Yağlı Ayran İçim 2 Lt,İçim,"1702-sütlü Mamuller, 17-grup Spot, 170215-büyük Ayran",bim,Divanlı  Kmaraş,59.0,"29,50 ₺/lt",02.06.2025 10:18,0,KAHRAMANMARAŞ
Ayran,Mis Ayran Tam Yağlı 1.5 Lt,Mis,"Süt-yoğurt-günlük Paketli-katı Yağ, Ayran, Şişe Ayran, Günlük Ve Diğer Şarküteri",sok,Kmaraş Yeni Sarayaltı,37.0,"24,67 ₺/lt",02.06.2025 10:19,0,KAHRAMANMARAŞ
Ayran,Sütaş Pratik Şişe Ayran 2 lt,Sütaş,"Gıda, Yoğurt-ayran-kefi̇r, Ayranlar, Günlük Içecekler, Süt Ve Süt Ürünleri, Süt Yoğurt Ve Günlük Paketli, Ayran",tarim_kredi,Kahramanmaraş Mimar Sinan,59.9,"29,95 ₺/lt",02.06.2025 10:19,0,KAHRAMANMARAŞ
Ayran,Sütaş Pratik Şişe Ayran 2 lt,Sütaş,"Gıda, Yoğurt-ayran-kefi̇r, Ayranlar, Günlük Içecekler, Süt Ve Süt Ürünleri, Süt Yoğurt Ve Günlük Paketli, Ayran",migros,Piazza Avm Kahramanmaraş Mmm,69.95,"34,97 ₺/lt",02.06.2025 10:19,0,KAHRAMANMARAŞ
Ayran,Torku Tam Yağlı Ayran 200 Ml,Torku,"Günlük Içecekler, Süt Yoğurt Ve Günlük Paketli, Ayran",migros,Piazza Avm Kahramanmaraş Mmm,8.0,"40,00 ₺/lt",02.06.2025 10:19,0,KAHRAMANMARAŞ
Ayran,Tarım Kredi Şişe Ayran 1500 Ml,Tarım Kredi,"Gıda, Yoğurt-ayran-kefi̇r, Süt Ve Süt Ürünleri, Ayran",tarim_kredi,Kahramanmaraş Onikişubat Ismet Karaokur,41.5,"27,67 ₺/lt",02.06.2025 10:19,0,KAHRAMANMARAŞ
Ayran,Torku 1 Lt Ayran,Torku,"1702-sütlü Mamuller, 17-grup Spot, 170215-büyük Ayran",bim,Dibek  Artuklu  Mardin,32.5,"32.500,00 ₺/lt",02.06.2025 10:19,0,MARDİN
Ayran,Sek Ayran 285 Ml,Sek,"Günlük Içecekler, Süt Yoğurt Ve Günlük Paketli, Ayran",migros,Ptt Mah Mardin M Migros,13.95,"48,95 ₺/lt",02.06.2025 10:19,0,MARDİN
Ayran,Sütaş 200 Ml Ayran,Sütaş,"Günlük Içecekler, Süt Yoğurt Ve Günlük Paketli, Ayran",migros,Yalım Mh Artuklu Mardin M,9.85,"49,25 ₺/lt",02.06.2025 10:19,0,MARDİN
Ayran,Torku Ayran 2 l,Torku,"020402-büyük Ayran, Günlük Içecekler, 0204-ayran, Süt Yoğurt Ve Günlük Paketli, Ayran, 02-sütlü Mamuller",migros,Mardian Mall Mardin Mm,59.9,"29,95 ₺/lt",02.06.2025 10:19,0,MARDİN
Ayran,Torku Ayran 2 l,Torku,"020402-büyük Ayran, Günlük Içecekler, 0204-ayran, Süt Yoğurt Ve Günlük Paketli, Ayran, 02-sütlü Mamuller",bim,Dibek  Artuklu  Mardin,72.5,"36,25 ₺/lt",02.06.2025 10:19,0,MARDİN
Ayran,Sütaş Ayran 300 ml,Sütaş,"Süt Ve Sütlü Mamüller, Günlük Içecekler, Süt Yoğurt Ve Günlük Paketli, Ayran, Ayran Ve Kefirler",a101,Ravza Artuklu Mardin,13.9,"46,33 ₺/lt",02.06.2025 10:19,0,MARDİN
Ayran,Sütaş Ayran 300 ml,Sütaş,"Süt Ve Sütlü Mamüller, Günlük Içecekler, Süt Yoğurt Ve Günlük Paketli, Ayran, Ayran Ve Kefirler",migros,Yalım Mh Artuklu Mardin M,14.0,"46,67 ₺/lt",02.06.2025 10:19,0,MARDİN
Ayran,Sek 300 Ml Naneli Ayran,Sek,"1702-sütlü Mamuller, 17-grup Spot, 170214-küçük Ayran",bim,Dibek  Artuklu  Mardin,11.5,"38,33 ₺/lt",02.06.2025 10:18,0,MARDİN
Ayran,Migros Bardak Ayran 300 ml,Migros,"Pl Ayran, Pl Süt Yoğurt Ve Günlük Paketli, Pl Günlük Içecekler",migros,Mardian Mall Mardin Mm,10.5,"35,00 ₺/lt",02.06.2025 10:19,0,MARDİN
Ayran,Sütaş Ayran Şişe 250 Ml,Sütaş,"Süt Ve Sütlü Mamüller, Günlük Içecekler, Süt Yoğurt Ve Günlük Paketli, Ayran, Ayran Ve Kefirler",a101,Ravza Artuklu Mardin,12.5,"50,00 ₺/lt",02.06.2025 10:18,0,MARDİN
Ayran,İçim 1.5 Lt Şişe Ayran,Ülker,"Günlük Içecek, Gıda, 020402-büyük Ayran, Self Servıs, Günlük, Günlük Içecekler, 0204-ayran, 02-sütlü Mamuller, Süt Yoğurt Ve Günlük Paketli, Ayran",bim,Dibek  Artuklu  Mardin,52.5,"35,00 ₺/lt",02.06.2025 10:18,0,MARDİN
Ayran,Tarım Kredi Ayran 200 Ml,Tarım Kredi,"Gıda, Yoğurt-ayran-kefi̇r, Süt Ve Süt Ürünleri, Ayran",tarim_kredi,Mardin Artuklu 13 Mart,7.0,"35,00 ₺/lt",02.06.2025 10:19,0,MARDİN
Ayran,Tarım Kredi Ayran 285 Ml,Tarım Kredi,"Gıda, Yoğurt-ayran-kefi̇r, Süt Ve Süt Ürünleri, Ayran",tarim_kredi,Mardin Artuklu Yalım,9.9,"34,74 ₺/lt",02.06.2025 10:19,0,MARDİN
Ayran,Ayran Bardak 200 ml Dost,Dost,"020401-küçük Ayran, 0204-ayran, 02-sütlü Mamuller",bim,Dibek  Artuklu  Mardin,7.0,"35,00 ₺/lt",02.06.2025 10:19,0,MARDİN
Ayran,Ayran Şişe 1500 Ml Dost,Dost,"020402-büyük Ayran, 0204-ayran, 02-sütlü Mamuller",bim,Dibek  Artuklu  Mardin,41.5,"27,67 ₺/lt",02.06.2025 10:19,0,MARDİN
Ayran,Eker Tombul Ayran 195 Ml,Eker,"Günlük Içecek, Gıda, Günlük Içecekler, Self Servıs, Günlük, Süt Yoğurt Ve Günlük Paketli, Ayran",migros,Yalım Mh Artuklu Mardin M,14.5,"74,36 ₺/lt",02.06.2025 10:19,0,MARDİN
Ayran,Ayran Şişe 1 Lt Binvezir,Binvezir,"020402-büyük Ayran, 0204-ayran, 02-sütlü Mamuller",bim,Dibek  Artuklu  Mardin,24.5,"24,50 ₺/lt",02.06.2025 10:19,0,MARDİN
Ayran,"Ayran %0,8 Yağlı 170 Ml Yörükoğlu",Yörükoğlu,"1702-sütlü Mamuller, 17-grup Spot, 170214-küçük Ayran",bim,Dibek  Artuklu  Mardin,5.0,"5.000,00 ₺/lt",02.06.2025 10:19,0,MARDİN
Ayran,"%0,8 Yağlı Ayran 200 Ml Sek",Sek,"1702-sütlü Mamuller, 17-grup Spot, 170214-küçük Ayran",bim,Dibek  Artuklu  Mardin,6.5,"32,50 ₺/lt",02.06.2025 10:18,0,MARDİN
Ayran,"Dost 2 Lt %1,2 Yağlı Ayran",Dost,"1702-sütlü Mamuller, 17-grup Spot, 170215-büyük Ayran",bim,Dibek  Artuklu  Mardin,49.5,"49.500,00 ₺/lt",02.06.2025 10:18,0,MARDİN
Ayran,Tam Yağlı Ayran İçim 2 Lt,İçim,"1702-sütlü Mamuller, 17-grup Spot, 170215-büyük Ayran",bim,Dibek  Artuklu  Mardin,59.0,"29,50 ₺/lt",02.06.2025 10:18,0,MARDİN
Ayran,Mis Ayran Tam Yağlı 1.5 Lt,Mis,"Süt-yoğurt-günlük Paketli-katı Yağ, Ayran, Şişe Ayran, Günlük Ve Diğer Şarküteri",sok,Mardin Keyfi Seyran,37.0,"24,67 ₺/lt",02.06.2025 10:19,0,MARDİN
Ayran,Sütaş Pratik Şişe Ayran 2 lt,Sütaş,"Gıda, Yoğurt-ayran-kefi̇r, Ayranlar, Günlük Içecekler, Süt Ve Süt Ürünleri, Süt Yoğurt Ve Günlük Paketli, Ayran",tarim_kredi,Mardin Artuklu 13 Mart,59.9,"29,95 ₺/lt",02.06.2025 10:19,0,MARDİN
Ayran,Torku Tam Yağlı Ayran 200 Ml,Torku,"Günlük Içecekler, Süt Yoğurt Ve Günlük Paketli, Ayran",migros,Yalım Mh Artuklu Mardin M,8.0,"40,00 ₺/lt",02.06.2025 10:19,0,MARDİN
Ayran,Tarım Kredi Şişe Ayran 1500 Ml,Tarım Kredi,"Gıda, Yoğurt-ayran-kefi̇r, Süt Ve Süt Ürünleri, Ayran",tarim_kredi,Mardin Artuklu 13 Mart,41.5,"27,67 ₺/lt",02.06.2025 10:19,0,MARDİN
Ayran,Mis Bardak Ayran Tam Yağlı 285 Ml,Mis,"Süt-yoğurt-günlük Paketli-katı Yağ, Bardak Ayran, Ayran, Günlük Ve Diğer Şarküteri",sok,Mardin Keyfi Seyran,9.25,"32,46 ₺/lt",02.06.2025 10:19,0,MARDİN
Ayran,Mis Bardak Ayran Tam Yağlı 200 Ml,Mis,"Süt-yoğurt-günlük Paketli-katı Yağ, Bardak Ayran, Ayran, Günlük Ve Diğer Şarküteri",sok,Mardin Keyfi Seyran,7.0,"35,00 ₺/lt",02.06.2025 10:19,0,MARDİN
Ayran,Torku 1 Lt Ayran,Torku,"1702-sütlü Mamuller, 17-grup Spot, 170215-büyük Ayran",bim,Mithatpaşaserdivansakarya,32.5,"32.500,00 ₺/lt",02.06.2025 10:19,0,SAKARYA
Ayran,Sek Ayran 285 Ml,Sek,"Günlük Içecekler, Süt Yoğurt Ve Günlük Paketli, Ayran",migros,Altınova Sakarya Mmm Migros,13.95,"48,95 ₺/lt",02.06.2025 10:19,0,SAKARYA
Ayran,Sütaş 200 Ml Ayran,Sütaş,"Günlük Içecekler, Süt Yoğurt Ve Günlük Paketli, Ayran",migros,Adapazarı Erenler Mm Migros,9.85,"49,25 ₺/lt",02.06.2025 10:19,0,SAKARYA
Ayran,Torku Ayran 2 l,Torku,"020402-büyük Ayran, Günlük Içecekler, 0204-ayran, Süt Yoğurt Ve Günlük Paketli, Ayran, 02-sütlü Mamuller",migros,Adapazarı Erenler Mm Migros,59.9,"29,95 ₺/lt",02.06.2025 10:19,0,SAKARYA
Ayran,Torku Ayran 2 l,Torku,"020402-büyük Ayran, Günlük Içecekler, 0204-ayran, Süt Yoğurt Ve Günlük Paketli, Ayran, 02-sütlü Mamuller",bim,Mithatpaşaserdivansakarya,72.5,"36,25 ₺/lt",02.06.2025 10:19,0,SAKARYA
Ayran,Sütaş Ayran 300 ml,Sütaş,"Süt Ve Sütlü Mamüller, Günlük Içecekler, Süt Yoğurt Ve Günlük Paketli, Ayran, Ayran Ve Kefirler",migros,Adapazarı Erenler Mm Migros,14.0,"46,67 ₺/lt",02.06.2025 10:19,0,SAKARYA
Ayran,Torku Ayran 300 Ml,Torku,"Günlük Içecekler, Süt Yoğurt Ve Günlük Paketli, Ayran",migros,Altınova Sakarya Mmm Migros,12.5,"41,67 ₺/lt",02.06.2025 10:18,0,SAKARYA
Ayran,Eker Ayran 1 lt,Eker,"Günlük Içecek, Gıda, Günlük Içecekler, Self Servıs, Günlük, Süt Yoğurt Ve Günlük Paketli, Ayran",carrefour,Adapazarı Serdıvan Cadde 54 Sü,38.95,"38,95 ₺/lt",02.06.2025 10:19,0,SAKARYA
Ayran,Eker Ayran 1 lt,Eker,"Günlük Içecek, Gıda, Günlük Içecekler, Self Servıs, Günlük, Süt Yoğurt Ve Günlük Paketli, Ayran",migros,Adapazarı Erenler Mm Migros,39.5,"39,50 ₺/lt",02.06.2025 10:19,0,SAKARYA
Ayran,Sek 300 Ml Naneli Ayran,Sek,"1702-sütlü Mamuller, 17-grup Spot, 170214-küçük Ayran",bim,Mithatpaşaserdivansakarya,11.5,"38,33 ₺/lt",02.06.2025 10:18,0,SAKARYA
Ayran,Migros Bardak Ayran 300 ml,Migros,"Pl Ayran, Pl Süt Yoğurt Ve Günlük Paketli, Pl Günlük Içecekler",migros,Adapazarı Erenler Mm Migros,10.5,"35,00 ₺/lt",02.06.2025 10:19,0,SAKARYA
Ayran,Arslan Karamaya Ayran 245 Ml,Arslan,"Günlük Içecekler, Süt Yoğurt Ve Günlük Paketli, Ayran",migros,Altınova Sakarya Mmm Migros,27.95,"114,08 ₺/lt",02.06.2025 10:18,0,SAKARYA
Ayran,Sütaş Ayran Şişe 250 Ml,Sütaş,"Süt Ve Sütlü Mamüller, Günlük Içecekler, Süt Yoğurt Ve Günlük Paketli, Ayran, Ayran Ve Kefirler",a101,Neva Serdivan Sakarya,12.5,"50,00 ₺/lt",02.06.2025 10:18,0,SAKARYA
Ayran,İçim 1.5 Lt Şişe Ayran,Ülker,"Günlük Içecek, Gıda, 020402-büyük Ayran, Self Servıs, Günlük, Günlük Içecekler, 0204-ayran, 02-sütlü Mamuller, Süt Yoğurt Ve Günlük Paketli, Ayran",bim,Mithatpaşaserdivansakarya,52.5,"35,00 ₺/lt",02.06.2025 10:18,0,SAKARYA
Ayran,Tarım Kredi Ayran 200 Ml,Tarım Kredi,"Gıda, Yoğurt-ayran-kefi̇r, Süt Ve Süt Ürünleri, Ayran",tarim_kredi,Sakarya Hızırtepe,7.0,"35,00 ₺/lt",02.06.2025 10:19,0,SAKARYA
Ayran,Tarım Kredi Ayran 285 Ml,Tarım Kredi,"Gıda, Yoğurt-ayran-kefi̇r, Süt Ve Süt Ürünleri, Ayran",tarim_kredi,Sakarya Hızırtepe,9.9,"34,74 ₺/lt",02.06.2025 10:19,0,SAKARYA
Ayran,Ayran Bardak 200 ml Dost,Dost,"020401-küçük Ayran, 0204-ayran, 02-sütlü Mamuller",bim,Mithatpaşaserdivansakarya,7.0,"35,00 ₺/lt",02.06.2025 10:19,0,SAKARYA
Ayran,Ayran Şişe 1500 Ml Dost,Dost,"020402-büyük Ayran, 0204-ayran, 02-sütlü Mamuller",bim,Mithatpaşaserdivansakarya,41.5,"27,67 ₺/lt",02.06.2025 10:19,0,SAKARYA
Ayran,Eker Tombul Ayran 195 Ml,Eker,"Günlük Içecek, Gıda, Günlük Içecekler, Self Servıs, Günlük, Süt Yoğurt Ve Günlük Paketli, Ayran",carrefour,Adapazarı Serdıvan Cadde 54 Sü,13.1,"67,18 ₺/lt",02.06.2025 10:19,0,SAKARYA
Ayran,Eker Tombul Ayran 195 Ml,Eker,"Günlük Içecek, Gıda, Günlük Içecekler, Self Servıs, Günlük, Süt Yoğurt Ve Günlük Paketli, Ayran",migros,Adapazarı Erenler Mm Migros,14.5,"74,36 ₺/lt",02.06.2025 10:19,0,SAKARYA
Ayran,Ayran Şişe 1 Lt Binvezir,Binvezir,"020402-büyük Ayran, 0204-ayran, 02-sütlü Mamuller",bim,Mithatpaşaserdivansakarya,24.5,"24,50 ₺/lt",02.06.2025 10:19,0,SAKARYA
Ayran,"Ayran %0,8 Yağlı 170 Ml Yörükoğlu",Yörükoğlu,"1702-sütlü Mamuller, 17-grup Spot, 170214-küçük Ayran",bim,Mithatpaşaserdivansakarya,5.0,"5.000,00 ₺/lt",02.06.2025 10:19,0,SAKARYA
Ayran,"%0,8 Yağlı Ayran 200 Ml Sek",Sek,"1702-sütlü Mamuller, 17-grup Spot, 170214-küçük Ayran",bim,Mithatpaşaserdivansakarya,6.5,"32,50 ₺/lt",02.06.2025 10:18,0,SAKARYA
Ayran,"Dost 2 Lt %1,2 Yağlı Ayran",Dost,"1702-sütlü Mamuller, 17-grup Spot, 170215-büyük Ayran",bim,Mithatpaşaserdivansakarya,49.5,"49.500,00 ₺/lt",02.06.2025 10:18,0,SAKARYA
Ayran,Tam Yağlı Ayran İçim 2 Lt,İçim,"1702-sütlü Mamuller, 17-grup Spot, 170215-büyük Ayran",bim,Mithatpaşaserdivansakarya,59.0,"29,50 ₺/lt",02.06.2025 10:18,0,SAKARYA
Ayran,Özerhisar Ayran Cam Şişe 245 Ml,Özerhisar,"Günlük Içecekler, Süt Yoğurt Ve Günlük Paketli, Ayran",migros,Mjet Serdivan Istiklal,34.95,"142,65 ₺/lt",02.06.2025 10:18,0,SAKARYA
Ayran,Mis Ayran Tam Yağlı 1.5 Lt,Mis,"Süt-yoğurt-günlük Paketli-katı Yağ, Ayran, Şişe Ayran, Günlük Ve Diğer Şarküteri",sok,Serdivan Altınova,37.0,"24,67 ₺/lt",02.06.2025 10:19,0,SAKARYA
Ayran,Sütaş Pratik Şişe Ayran 2 lt,Sütaş,"Gıda, Yoğurt-ayran-kefi̇r, Ayranlar, Günlük Içecekler, Süt Ve Süt Ürünleri, Süt Yoğurt Ve Günlük Paketli, Ayran",tarim_kredi,Sakarya Serdivan Bağlar,59.9,"29,95 ₺/lt",02.06.2025 10:19,0,SAKARYA
Ayran,Sütaş Pratik Şişe Ayran 2 lt,Sütaş,"Gıda, Yoğurt-ayran-kefi̇r, Ayranlar, Günlük Içecekler, Süt Ve Süt Ürünleri, Süt Yoğurt Ve Günlük Paketli, Ayran",hakmar,Adakuleadapazarı,69.5,"34,75 ₺/lt",02.06.2025 10:19,0,SAKARYA
Ayran,Sütaş Pratik Şişe Ayran 2 lt,Sütaş,"Gıda, Yoğurt-ayran-kefi̇r, Ayranlar, Günlük Içecekler, Süt Ve Süt Ürünleri, Süt Yoğurt Ve Günlük Paketli, Ayran",migros,Adapazarı Erenler Mm Migros,69.95,"34,97 ₺/lt",02.06.2025 10:19,0,SAKARYA
Ayran,Torku 1 Lt Ayran,Torku,"1702-sütlü Mamuller, 17-grup Spot, 170215-büyük Ayran",bim,Yüzüncüyıl  Ilkadım  Samsun,32.5,"32.500,00 ₺/lt",02.06.2025 10:19,0,SAMSUN
Ayran,Sek Ayran 285 Ml,Sek,"Günlük Içecekler, Süt Yoğurt Ve Günlük Paketli, Ayran",migros,Bulvar Samsun M Migros,13.95,"48,95 ₺/lt",02.06.2025 10:19,0,SAMSUN
Ayran,Sütaş 200 Ml Ayran,Sütaş,"Günlük Içecekler, Süt Yoğurt Ve Günlük Paketli, Ayran",migros,Cumhuriyet Meydanı Samsun M,9.85,"49,25 ₺/lt",02.06.2025 10:19,0,SAMSUN
Ayran,Torku Ayran 2 l,Torku,"020402-büyük Ayran, Günlük Içecekler, 0204-ayran, Süt Yoğurt Ve Günlük Paketli, Ayran, 02-sütlü Mamuller",bim,Yüzüncüyıl  Ilkadım  Samsun,72.5,"36,25 ₺/lt",02.06.2025 10:19,0,SAMSUN
Ayran,Sütaş Ayran 300 ml,Sütaş,"Süt Ve Sütlü Mamüller, Günlük Içecekler, Süt Yoğurt Ve Günlük Paketli, Ayran, Ayran Ve Kefirler",migros,Cumhuriyet Meydanı Samsun M,14.0,"46,67 ₺/lt",02.06.2025 10:19,0,SAMSUN
Ayran,Eker Ayran 1 lt,Eker,"Günlük Içecek, Gıda, Günlük Içecekler, Self Servıs, Günlük, Süt Yoğurt Ve Günlük Paketli, Ayran",carrefour,Samsun Gürbüz,38.95,"38,95 ₺/lt",02.06.2025 10:19,0,SAMSUN
Ayran,Sek 300 Ml Naneli Ayran,Sek,"1702-sütlü Mamuller, 17-grup Spot, 170214-küçük Ayran",bim,Yüzüncüyıl  Ilkadım  Samsun,11.5,"38,33 ₺/lt",02.06.2025 10:18,0,SAMSUN
Ayran,Migros Bardak Ayran 300 ml,Migros,"Pl Ayran, Pl Süt Yoğurt Ve Günlük Paketli, Pl Günlük Içecekler",migros,Mjet Samsun Gazi,10.5,"35,00 ₺/lt",02.06.2025 10:19,0,SAMSUN
Ayran,Sütaş Ayran Şişe 250 Ml,Sütaş,"Süt Ve Sütlü Mamüller, Günlük Içecekler, Süt Yoğurt Ve Günlük Paketli, Ayran, Ayran Ve Kefirler",a101,Kurşunlu Ilkadım Samsun,12.5,"50,00 ₺/lt",02.06.2025 10:18,0,SAMSUN
Ayran,İçim 1.5 Lt Şişe Ayran,Ülker,"Günlük Içecek, Gıda, 020402-büyük Ayran, Self Servıs, Günlük, Günlük Içecekler, 0204-ayran, 02-sütlü Mamuller, Süt Yoğurt Ve Günlük Paketli, Ayran",bim,Yüzüncüyıl  Ilkadım  Samsun,52.5,"35,00 ₺/lt",02.06.2025 10:18,0,SAMSUN
Ayran,Tarım Kredi Ayran 200 Ml,Tarım Kredi,"Gıda, Yoğurt-ayran-kefi̇r, Süt Ve Süt Ürünleri, Ayran",tarim_kredi,Samsun Ilkadım Selahiye,7.0,"35,00 ₺/lt",02.06.2025 10:19,0,SAMSUN
Ayran,Tarım Kredi Ayran 285 Ml,Tarım Kredi,"Gıda, Yoğurt-ayran-kefi̇r, Süt Ve Süt Ürünleri, Ayran",tarim_kredi,Samsun Ilkadım Selahiye,9.9,"34,74 ₺/lt",02.06.2025 10:19,0,SAMSUN
Ayran,Ayran Bardak 200 ml Dost,Dost,"020401-küçük Ayran, 0204-ayran, 02-sütlü Mamuller",bim,Yüzüncüyıl  Ilkadım  Samsun,7.0,"35,00 ₺/lt",02.06.2025 10:19,0,SAMSUN
Ayran,Ayran Şişe 1500 Ml Dost,Dost,"020402-büyük Ayran, 0204-ayran, 02-sütlü Mamuller",bim,Yüzüncüyıl  Ilkadım  Samsun,41.5,"27,67 ₺/lt",02.06.2025 10:19,0,SAMSUN
Ayran,Ayran Şişe 1 Lt Binvezir,Binvezir,"020402-büyük Ayran, 0204-ayran, 02-sütlü Mamuller",bim,Yüzüncüyıl  Ilkadım  Samsun,24.5,"24,50 ₺/lt",02.06.2025 10:19,0,SAMSUN
Ayran,"Ayran %0,8 Yağlı 170 Ml Yörükoğlu",Yörükoğlu,"1702-sütlü Mamuller, 17-grup Spot, 170214-küçük Ayran",bim,Yüzüncüyıl  Ilkadım  Samsun,5.0,"5.000,00 ₺/lt",02.06.2025 10:19,0,SAMSUN
Ayran,"%0,8 Yağlı Ayran 200 Ml Sek",Sek,"1702-sütlü Mamuller, 17-grup Spot, 170214-küçük Ayran",bim,Yüzüncüyıl  Ilkadım  Samsun,6.5,"32,50 ₺/lt",02.06.2025 10:18,0,SAMSUN
Ayran,"Dost 2 Lt %1,2 Yağlı Ayran",Dost,"1702-sütlü Mamuller, 17-grup Spot, 170215-büyük Ayran",bim,Yüzüncüyıl  Ilkadım  Samsun,49.5,"49.500,00 ₺/lt",02.06.2025 10:18,0,SAMSUN
Ayran,Tam Yağlı Ayran İçim 2 Lt,İçim,"1702-sütlü Mamuller, 17-grup Spot, 170215-büyük Ayran",bim,Yüzüncüyıl  Ilkadım  Samsun,59.0,"29,50 ₺/lt",02.06.2025 10:18,0,SAMSUN
Ayran,Mis Ayran Tam Yağlı 1.5 Lt,Mis,"Süt-yoğurt-günlük Paketli-katı Yağ, Ayran, Şişe Ayran, Günlük Ve Diğer Şarküteri",sok,Samsun Hançerli,37.0,"24,67 ₺/lt",02.06.2025 10:19,0,SAMSUN
Ayran,Sütaş Pratik Şişe Ayran 2 lt,Sütaş,"Gıda, Yoğurt-ayran-kefi̇r, Ayranlar, Günlük Içecekler, Süt Ve Süt Ürünleri, Süt Yoğurt Ve Günlük Paketli, Ayran",tarim_kredi,Samsun Ilkadım Selahiye,59.9,"29,95 ₺/lt",02.06.2025 10:19,0,SAMSUN
Ayran,Sütaş Pratik Şişe Ayran 2 lt,Sütaş,"Gıda, Yoğurt-ayran-kefi̇r, Ayranlar, Günlük Içecekler, Süt Ve Süt Ürünleri, Süt Yoğurt Ve Günlük Paketli, Ayran",migros,Bulvar Samsun M Migros,69.95,"34,97 ₺/lt",02.06.2025 10:19,0,SAMSUN
Ayran,Torku Tam Yağlı Ayran 200 Ml,Torku,"Günlük Içecekler, Süt Yoğurt Ve Günlük Paketli, Ayran",migros,Mjet Samsun Gazi,8.0,"40,00 ₺/lt",02.06.2025 10:19,0,SAMSUN
Ayran,Tarım Kredi Şişe Ayran 1500 Ml,Tarım Kredi,"Gıda, Yoğurt-ayran-kefi̇r, Süt Ve Süt Ürünleri, Ayran",tarim_kredi,Samsun Ilkadım Selahiye,41.5,"27,67 ₺/lt",02.06.2025 10:19,0,SAMSUN
Ayran,Mis Bardak Ayran Tam Yağlı 285 Ml,Mis,"Süt-yoğurt-günlük Paketli-katı Yağ, Bardak Ayran, Ayran, Günlük Ve Diğer Şarküteri",sok,Samsun Hançerli,9.25,"32,46 ₺/lt",02.06.2025 10:19,0,SAMSUN
Ayran,"Yörsan Susurluk Ayran %2,3 Yağlı 1 lt",Yörsan,"Günlük Içecekler, Süt Yoğurt Ve Günlük Paketli, Ayran",migros,Cumhuriyet Meydanı Samsun M,47.5,"47,50 ₺/lt",02.06.2025 10:18,0,SAMSUN
Ayran,Torku 1 Lt Ayran,Torku,"1702-sütlü Mamuller, 17-grup Spot, 170215-büyük Ayran",bim,Kepeneksivas,32.5,"32.500,00 ₺/lt",02.06.2025 10:19,0,SİVAS
Ayran,Sek Ayran 285 Ml,Sek,"Günlük Içecekler, Süt Yoğurt Ve Günlük Paketli, Ayran",migros,Aşık Veysel Blv Sivas M Migros,13.95,"48,95 ₺/lt",02.06.2025 10:19,0,SİVAS
Ayran,Sütaş 200 Ml Ayran,Sütaş,"Günlük Içecekler, Süt Yoğurt Ve Günlük Paketli, Ayran",migros,Bağdat Cd Sivas M Migros,9.85,"49,25 ₺/lt",02.06.2025 10:19,0,SİVAS
Ayran,Torku Ayran 2 l,Torku,"020402-büyük Ayran, Günlük Içecekler, 0204-ayran, Süt Yoğurt Ve Günlük Paketli, Ayran, 02-sütlü Mamuller",migros,Sivas Mmm Migros,59.9,"29,95 ₺/lt",02.06.2025 10:19,0,SİVAS
Ayran,Torku Ayran 2 l,Torku,"020402-büyük Ayran, Günlük Içecekler, 0204-ayran, Süt Yoğurt Ve Günlük Paketli, Ayran, 02-sütlü Mamuller",bim,Kepeneksivas,72.5,"36,25 ₺/lt",02.06.2025 10:19,0,SİVAS
Ayran,Sütaş Ayran 300 ml,Sütaş,"Süt Ve Sütlü Mamüller, Günlük Içecekler, Süt Yoğurt Ve Günlük Paketli, Ayran, Ayran Ve Kefirler",migros,Sivas Mmm Migros,14.0,"46,67 ₺/lt",02.06.2025 10:19,0,SİVAS
Ayran,Eker Ayran 1 lt,Eker,"Günlük Içecek, Gıda, Günlük Içecekler, Self Servıs, Günlük, Süt Yoğurt Ve Günlük Paketli, Ayran",migros,Bağdat Cd Sivas M Migros,39.5,"39,50 ₺/lt",02.06.2025 10:19,0,SİVAS
Ayran,Sek 300 Ml Naneli Ayran,Sek,"1702-sütlü Mamuller, 17-grup Spot, 170214-küçük Ayran",bim,Kepeneksivas,11.5,"38,33 ₺/lt",02.06.2025 10:18,0,SİVAS
Ayran,Migros Bardak Ayran 300 ml,Migros,"Pl Ayran, Pl Süt Yoğurt Ve Günlük Paketli, Pl Günlük Içecekler",migros,Aşık Veysel Blv Sivas M Migros,10.5,"35,00 ₺/lt",02.06.2025 10:19,0,SİVAS
Ayran,Sütaş Ayran Şişe 250 Ml,Sütaş,"Süt Ve Sütlü Mamüller, Günlük Içecekler, Süt Yoğurt Ve Günlük Paketli, Ayran, Ayran Ve Kefirler",a101,Şemsi Sivasi Merkez Sivas,12.5,"50,00 ₺/lt",02.06.2025 10:18,0,SİVAS
Ayran,İçim 1.5 Lt Şişe Ayran,Ülker,"Günlük Içecek, Gıda, 020402-büyük Ayran, Self Servıs, Günlük, Günlük Içecekler, 0204-ayran, 02-sütlü Mamuller, Süt Yoğurt Ve Günlük Paketli, Ayran",bim,Kepeneksivas,52.5,"35,00 ₺/lt",02.06.2025 10:18,0,SİVAS
Ayran,Tarım Kredi Ayran 200 Ml,Tarım Kredi,"Gıda, Yoğurt-ayran-kefi̇r, Süt Ve Süt Ürünleri, Ayran",tarim_kredi,Sivas Merkez Kazancılar,7.0,"35,00 ₺/lt",02.06.2025 10:19,0,SİVAS
Ayran,Tarım Kredi Ayran 285 Ml,Tarım Kredi,"Gıda, Yoğurt-ayran-kefi̇r, Süt Ve Süt Ürünleri, Ayran",tarim_kredi,Sivas Merkez Aşık Veysel,9.9,"34,74 ₺/lt",02.06.2025 10:19,0,SİVAS
Ayran,Ayran Bardak 200 ml Dost,Dost,"020401-küçük Ayran, 0204-ayran, 02-sütlü Mamuller",bim,Kepeneksivas,7.0,"35,00 ₺/lt",02.06.2025 10:19,0,SİVAS
Ayran,Ayran Şişe 1500 Ml Dost,Dost,"020402-büyük Ayran, 0204-ayran, 02-sütlü Mamuller",bim,Kepeneksivas,41.5,"27,67 ₺/lt",02.06.2025 10:19,0,SİVAS
Ayran,Eker Tombul Ayran 195 Ml,Eker,"Günlük Içecek, Gıda, Günlük Içecekler, Self Servıs, Günlük, Süt Yoğurt Ve Günlük Paketli, Ayran",migros,Sivas Mmm Migros,14.5,"74,36 ₺/lt",02.06.2025 10:19,0,SİVAS
Ayran,Ayran Şişe 1 Lt Binvezir,Binvezir,"020402-büyük Ayran, 0204-ayran, 02-sütlü Mamuller",bim,Kepeneksivas,24.5,"24,50 ₺/lt",02.06.2025 10:19,0,SİVAS
Ayran,"Ayran %0,8 Yağlı 170 Ml Yörükoğlu",Yörükoğlu,"1702-sütlü Mamuller, 17-grup Spot, 170214-küçük Ayran",bim,Kepeneksivas,5.0,"5.000,00 ₺/lt",02.06.2025 10:19,0,SİVAS
Ayran,"%0,8 Yağlı Ayran 200 Ml Sek",Sek,"1702-sütlü Mamuller, 17-grup Spot, 170214-küçük Ayran",bim,Kepeneksivas,6.5,"32,50 ₺/lt",02.06.2025 10:18,0,SİVAS
Ayran,"Dost 2 Lt %1,2 Yağlı Ayran",Dost,"1702-sütlü Mamuller, 17-grup Spot, 170215-büyük Ayran",bim,Kepeneksivas,49.5,"49.500,00 ₺/lt",02.06.2025 10:18,0,SİVAS
Ayran,Tam Yağlı Ayran İçim 2 Lt,İçim,"1702-sütlü Mamuller, 17-grup Spot, 170215-büyük Ayran",bim,Kepeneksivas,59.0,"29,50 ₺/lt",02.06.2025 10:18,0,SİVAS
Ayran,Mis Ayran Tam Yağlı 1.5 Lt,Mis,"Süt-yoğurt-günlük Paketli-katı Yağ, Ayran, Şişe Ayran, Günlük Ve Diğer Şarküteri",sok,Sivas Mşehit Akyüz,37.0,"24,67 ₺/lt",02.06.2025 10:19,0,SİVAS
Ayran,Sütaş Pratik Şişe Ayran 2 lt,Sütaş,"Gıda, Yoğurt-ayran-kefi̇r, Ayranlar, Günlük Içecekler, Süt Ve Süt Ürünleri, Süt Yoğurt Ve Günlük Paketli, Ayran",tarim_kredi,Sivas Merkez Aşık Veysel,59.9,"29,95 ₺/lt",02.06.2025 10:19,0,SİVAS
Ayran,Sütaş Pratik Şişe Ayran 2 lt,Sütaş,"Gıda, Yoğurt-ayran-kefi̇r, Ayranlar, Günlük Içecekler, Süt Ve Süt Ürünleri, Süt Yoğurt Ve Günlük Paketli, Ayran",migros,Aşık Veysel Blv Sivas M Migros,69.95,"34,97 ₺/lt",02.06.2025 10:19,0,SİVAS
Ayran,Torku Tam Yağlı Ayran 200 Ml,Torku,"Günlük Içecekler, Süt Yoğurt Ve Günlük Paketli, Ayran",migros,Sivas Mmm Migros,8.0,"40,00 ₺/lt",02.06.2025 10:19,0,SİVAS
Ayran,Tarım Kredi Şişe Ayran 1500 Ml,Tarım Kredi,"Gıda, Yoğurt-ayran-kefi̇r, Süt Ve Süt Ürünleri, Ayran",tarim_kredi,Sivas Merkez Aşık Veysel,41.5,"27,67 ₺/lt",02.06.2025 10:19,0,SİVAS
Ayran,Mis Bardak Ayran Tam Yağlı 285 Ml,Mis,"Süt-yoğurt-günlük Paketli-katı Yağ, Bardak Ayran, Ayran, Günlük Ve Diğer Şarküteri",sok,Sivas Mşehit Akyüz,9.25,"32,46 ₺/lt",02.06.2025 10:19,0,SİVAS
Ayran,Torku 1 Lt Ayran,Torku,"1702-sütlü Mamuller, 17-grup Spot, 170215-büyük Ayran",bim,Sigortasüleymanpaşatekirdağ,32.5,"32.500,00 ₺/lt",02.06.2025 10:19,0,TEKİRDAĞ
Ayran,Sütaş 200 Ml Ayran,Sütaş,"Günlük Içecekler, Süt Yoğurt Ve Günlük Paketli, Ayran",migros,Çiftlikönü S Paşa Tekirdağ M,9.85,"49,25 ₺/lt",02.06.2025 10:19,0,TEKİRDAĞ
Ayran,Torku Ayran 2 l,Torku,"020402-büyük Ayran, Günlük Içecekler, 0204-ayran, Süt Yoğurt Ve Günlük Paketli, Ayran, 02-sütlü Mamuller",bim,Sigortasüleymanpaşatekirdağ,72.5,"36,25 ₺/lt",02.06.2025 10:19,0,TEKİRDAĞ
Ayran,Sütaş Ayran 300 ml,Sütaş,"Süt Ve Sütlü Mamüller, Günlük Içecekler, Süt Yoğurt Ve Günlük Paketli, Ayran, Ayran Ve Kefirler",migros,Çiftlikönü S Paşa Tekirdağ M,14.0,"46,67 ₺/lt",02.06.2025 10:19,0,TEKİRDAĞ
Ayran,Eker Ayran 1 lt,Eker,"Günlük Içecek, Gıda, Günlük Içecekler, Self Servıs, Günlük, Süt Yoğurt Ve Günlük Paketli, Ayran",carrefour,Tekırdağ Eroğlu Hıper,38.95,"38,95 ₺/lt",02.06.2025 10:19,0,TEKİRDAĞ
Ayran,Sek 300 Ml Naneli Ayran,Sek,"1702-sütlü Mamuller, 17-grup Spot, 170214-küçük Ayran",bim,Sigortasüleymanpaşatekirdağ,11.5,"38,33 ₺/lt",02.06.2025 10:18,0,TEKİRDAĞ
Ayran,Migros Bardak Ayran 300 ml,Migros,"Pl Ayran, Pl Süt Yoğurt Ve Günlük Paketli, Pl Günlük Içecekler",migros,Çiftlikönü S Paşa Tekirdağ M,10.5,"35,00 ₺/lt",02.06.2025 10:19,0,TEKİRDAĞ
Ayran,Sütaş Ayran Şişe 250 Ml,Sütaş,"Süt Ve Sütlü Mamüller, Günlük Içecekler, Süt Yoğurt Ve Günlük Paketli, Ayran, Ayran Ve Kefirler",a101,Çiftlikönü Süleymanpaşa Tekirdağ,12.5,"50,00 ₺/lt",02.06.2025 10:18,0,TEKİRDAĞ
Ayran,İçim 1.5 Lt Şişe Ayran,Ülker,"Günlük Içecek, Gıda, 020402-büyük Ayran, Self Servıs, Günlük, Günlük Içecekler, 0204-ayran, 02-sütlü Mamuller, Süt Yoğurt Ve Günlük Paketli, Ayran",bim,Sigortasüleymanpaşatekirdağ,52.5,"35,00 ₺/lt",02.06.2025 10:18,0,TEKİRDAĞ
Ayran,İçim 1.5 Lt Şişe Ayran,Ülker,"Günlük Içecek, Gıda, 020402-büyük Ayran, Self Servıs, Günlük, Günlük Içecekler, 0204-ayran, 02-sütlü Mamuller, Süt Yoğurt Ve Günlük Paketli, Ayran",carrefour,Tekırdağ Eroğlu Hıper,53.95,"35,97 ₺/lt",02.06.2025 10:18,0,TEKİRDAĞ
Ayran,Tarım Kredi Ayran 200 Ml,Tarım Kredi,"Gıda, Yoğurt-ayran-kefi̇r, Süt Ve Süt Ürünleri, Ayran",tarim_kredi,Tekirdağ Süleymanpaşa Gündoğdu,7.0,"35,00 ₺/lt",02.06.2025 10:19,0,TEKİRDAĞ
Ayran,Tarım Kredi Ayran 285 Ml,Tarım Kredi,"Gıda, Yoğurt-ayran-kefi̇r, Süt Ve Süt Ürünleri, Ayran",tarim_kredi,Tekirdağ Süleymanpaşa Gündoğdu,9.9,"34,74 ₺/lt",02.06.2025 10:19,0,TEKİRDAĞ
Ayran,Ayran Bardak 200 ml Dost,Dost,"020401-küçük Ayran, 0204-ayran, 02-sütlü Mamuller",bim,Sigortasüleymanpaşatekirdağ,7.0,"35,00 ₺/lt",02.06.2025 10:19,0,TEKİRDAĞ
Ayran,Ayran Şişe 1500 Ml Dost,Dost,"020402-büyük Ayran, 0204-ayran, 02-sütlü Mamuller",bim,Sigortasüleymanpaşatekirdağ,41.5,"27,67 ₺/lt",02.06.2025 10:19,0,TEKİRDAĞ
Ayran,Ayran Şişe 1 Lt Binvezir,Binvezir,"020402-büyük Ayran, 0204-ayran, 02-sütlü Mamuller",bim,Sigortasüleymanpaşatekirdağ,24.5,"24,50 ₺/lt",02.06.2025 10:19,0,TEKİRDAĞ
Ayran,"Ayran %0,8 Yağlı 170 Ml Yörükoğlu",Yörükoğlu,"1702-sütlü Mamuller, 17-grup Spot, 170214-küçük Ayran",bim,Sigortasüleymanpaşatekirdağ,5.0,"5.000,00 ₺/lt",02.06.2025 10:19,0,TEKİRDAĞ
Ayran,"%0,8 Yağlı Ayran 200 Ml Sek",Sek,"1702-sütlü Mamuller, 17-grup Spot, 170214-küçük Ayran",bim,Sigortasüleymanpaşatekirdağ,6.5,"32,50 ₺/lt",02.06.2025 10:18,0,TEKİRDAĞ
Ayran,"Dost 2 Lt %1,2 Yağlı Ayran",Dost,"1702-sütlü Mamuller, 17-grup Spot, 170215-büyük Ayran",bim,Sigortasüleymanpaşatekirdağ,49.5,"49.500,00 ₺/lt",02.06.2025 10:18,0,TEKİRDAĞ
Ayran,Tam Yağlı Ayran İçim 2 Lt,İçim,"1702-sütlü Mamuller, 17-grup Spot, 170215-büyük Ayran",bim,Sigortasüleymanpaşatekirdağ,59.0,"29,50 ₺/lt",02.06.2025 10:18,0,TEKİRDAĞ
Ayran,Özerhisar Ayran Cam Şişe 245 Ml,Özerhisar,"Günlük Içecekler, Süt Yoğurt Ve Günlük Paketli, Ayran",migros,Mjet Istiklal Marşı Tekirdağ,34.95,"142,65 ₺/lt",02.06.2025 10:18,0,TEKİRDAĞ
Ayran,Mis Ayran Tam Yağlı 1.5 Lt,Mis,"Süt-yoğurt-günlük Paketli-katı Yağ, Ayran, Şişe Ayran, Günlük Ve Diğer Şarküteri",sok,Tekirdağ 3 Mağazası,37.0,"24,67 ₺/lt",02.06.2025 10:19,0,TEKİRDAĞ
Ayran,Sütaş Pratik Şişe Ayran 2 lt,Sütaş,"Gıda, Yoğurt-ayran-kefi̇r, Ayranlar, Günlük Içecekler, Süt Ve Süt Ürünleri, Süt Yoğurt Ve Günlük Paketli, Ayran",tarim_kredi,Tekirdağ Süleymanpaşa Gündoğdu,59.9,"29,95 ₺/lt",02.06.2025 10:19,0,TEKİRDAĞ
Ayran,Torku Tam Yağlı Ayran 200 Ml,Torku,"Günlük Içecekler, Süt Yoğurt Ve Günlük Paketli, Ayran",migros,Mjet Istiklal Marşı Tekirdağ,8.0,"40,00 ₺/lt",02.06.2025 10:19,0,TEKİRDAĞ
Ayran,Tarım Kredi Şişe Ayran 1500 Ml,Tarım Kredi,"Gıda, Yoğurt-ayran-kefi̇r, Süt Ve Süt Ürünleri, Ayran",tarim_kredi,Tekirdağ Süleymanpaşa Gündoğdu,41.5,"27,67 ₺/lt",02.06.2025 10:19,0,TEKİRDAĞ
Ayran,Mis Bardak Ayran Tam Yağlı 285 Ml,Mis,"Süt-yoğurt-günlük Paketli-katı Yağ, Bardak Ayran, Ayran, Günlük Ve Diğer Şarküteri",sok,Tekirdağ 3 Mağazası,9.25,"32,46 ₺/lt",02.06.2025 10:19,0,TEKİRDAĞ
Ayran,Mis Bardak Ayran Tam Yağlı 200 Ml,Mis,"Süt-yoğurt-günlük Paketli-katı Yağ, Bardak Ayran, Ayran, Günlük Ve Diğer Şarküteri",sok,Tekirdağ 3 Mağazası,7.0,"35,00 ₺/lt",02.06.2025 10:19,0,TEKİRDAĞ
Ayran,Torku 1 Lt Ayran,Torku,"1702-sütlü Mamuller, 17-grup Spot, 170215-büyük Ayran",bim,Meydan  Trabzon,32.5,"32.500,00 ₺/lt",02.06.2025 10:19,0,TRABZON
Ayran,Sütaş 200 Ml Ayran,Sütaş,"Günlük Içecekler, Süt Yoğurt Ve Günlük Paketli, Ayran",migros,Mjet Yavuz Selim Blv Trabzon,9.85,"49,25 ₺/lt",02.06.2025 10:19,0,TRABZON
Ayran,Torku Ayran 2 l,Torku,"020402-büyük Ayran, Günlük Içecekler, 0204-ayran, Süt Yoğurt Ve Günlük Paketli, Ayran, 02-sütlü Mamuller",migros,Çukurçayır Trabzon M Migros,59.9,"29,95 ₺/lt",02.06.2025 10:19,0,TRABZON
Ayran,Torku Ayran 2 l,Torku,"020402-büyük Ayran, Günlük Içecekler, 0204-ayran, Süt Yoğurt Ve Günlük Paketli, Ayran, 02-sütlü Mamuller",bim,Meydan  Trabzon,72.5,"36,25 ₺/lt",02.06.2025 10:19,0,TRABZON
Ayran,Sütaş Ayran 300 ml,Sütaş,"Süt Ve Sütlü Mamüller, Günlük Içecekler, Süt Yoğurt Ve Günlük Paketli, Ayran, Ayran Ve Kefirler",a101,Esentepe Mah Ortahisar,13.9,"46,33 ₺/lt",02.06.2025 10:19,0,TRABZON
Ayran,Sütaş Ayran 300 ml,Sütaş,"Süt Ve Sütlü Mamüller, Günlük Içecekler, Süt Yoğurt Ve Günlük Paketli, Ayran, Ayran Ve Kefirler",migros,Merkez Boztepe Trabzon M,14.0,"46,67 ₺/lt",02.06.2025 10:19,0,TRABZON
Ayran,Eker Ayran 1 lt,Eker,"Günlük Içecek, Gıda, Günlük Içecekler, Self Servıs, Günlük, Süt Yoğurt Ve Günlük Paketli, Ayran",carrefour,Trabzon Vardarlar Süper,38.95,"38,95 ₺/lt",02.06.2025 10:19,0,TRABZON
Ayran,Eker Ayran 1 lt,Eker,"Günlük Içecek, Gıda, Günlük Içecekler, Self Servıs, Günlük, Süt Yoğurt Ve Günlük Paketli, Ayran",migros,Merkez Boztepe Trabzon M,39.5,"39,50 ₺/lt",02.06.2025 10:19,0,TRABZON
Ayran,Sek 300 Ml Naneli Ayran,Sek,"1702-sütlü Mamuller, 17-grup Spot, 170214-küçük Ayran",bim,Meydan  Trabzon,11.5,"38,33 ₺/lt",02.06.2025 10:18,0,TRABZON
Ayran,Migros Bardak Ayran 300 ml,Migros,"Pl Ayran, Pl Süt Yoğurt Ve Günlük Paketli, Pl Günlük Içecekler",migros,Mjet Kaymaklı Trabzon,10.5,"35,00 ₺/lt",02.06.2025 10:19,0,TRABZON
Ayran,Sütaş Ayran Şişe 250 Ml,Sütaş,"Süt Ve Sütlü Mamüller, Günlük Içecekler, Süt Yoğurt Ve Günlük Paketli, Ayran, Ayran Ve Kefirler",a101,Esentepe Mah Ortahisar,12.5,"50,00 ₺/lt",02.06.2025 10:18,0,TRABZON
Ayran,İçim 1.5 Lt Şişe Ayran,Ülker,"Günlük Içecek, Gıda, 020402-büyük Ayran, Self Servıs, Günlük, Günlük Içecekler, 0204-ayran, 02-sütlü Mamuller, Süt Yoğurt Ve Günlük Paketli, Ayran",bim,Meydan  Trabzon,52.5,"35,00 ₺/lt",02.06.2025 10:18,0,TRABZON
Ayran,Tarım Kredi Ayran 200 Ml,Tarım Kredi,"Gıda, Yoğurt-ayran-kefi̇r, Süt Ve Süt Ürünleri, Ayran",tarim_kredi,Trabzon Ortahisar Bahçecik,7.0,"35,00 ₺/lt",02.06.2025 10:19,0,TRABZON
Ayran,Tarım Kredi Ayran 285 Ml,Tarım Kredi,"Gıda, Yoğurt-ayran-kefi̇r, Süt Ve Süt Ürünleri, Ayran",tarim_kredi,Trabzon Ortahisar Bahçecik,9.9,"34,74 ₺/lt",02.06.2025 10:19,0,TRABZON
Ayran,Ayran Bardak 200 ml Dost,Dost,"020401-küçük Ayran, 0204-ayran, 02-sütlü Mamuller",bim,Meydan  Trabzon,7.0,"35,00 ₺/lt",02.06.2025 10:19,0,TRABZON
Ayran,Ayran Şişe 1500 Ml Dost,Dost,"020402-büyük Ayran, 0204-ayran, 02-sütlü Mamuller",bim,Meydan  Trabzon,41.5,"27,67 ₺/lt",02.06.2025 10:19,0,TRABZON
Ayran,Ayran Şişe 1 Lt Binvezir,Binvezir,"020402-büyük Ayran, 0204-ayran, 02-sütlü Mamuller",bim,Meydan  Trabzon,24.5,"24,50 ₺/lt",02.06.2025 10:19,0,TRABZON
Ayran,"Ayran %0,8 Yağlı 170 Ml Yörükoğlu",Yörükoğlu,"1702-sütlü Mamuller, 17-grup Spot, 170214-küçük Ayran",bim,Meydan  Trabzon,5.0,"5.000,00 ₺/lt",02.06.2025 10:19,0,TRABZON
Ayran,"%0,8 Yağlı Ayran 200 Ml Sek",Sek,"1702-sütlü Mamuller, 17-grup Spot, 170214-küçük Ayran",bim,Meydan  Trabzon,6.5,"32,50 ₺/lt",02.06.2025 10:18,0,TRABZON
Ayran,"Dost 2 Lt %1,2 Yağlı Ayran",Dost,"1702-sütlü Mamuller, 17-grup Spot, 170215-büyük Ayran",bim,Meydan  Trabzon,49.5,"49.500,00 ₺/lt",02.06.2025 10:18,0,TRABZON
Ayran,Tam Yağlı Ayran İçim 2 Lt,İçim,"1702-sütlü Mamuller, 17-grup Spot, 170215-büyük Ayran",bim,Meydan  Trabzon,59.0,"29,50 ₺/lt",02.06.2025 10:18,0,TRABZON
Ayran,Mis Ayran Tam Yağlı 1.5 Lt,Mis,"Süt-yoğurt-günlük Paketli-katı Yağ, Ayran, Şişe Ayran, Günlük Ve Diğer Şarküteri",sok,Trabzon Çukurçayır,37.0,"24,67 ₺/lt",02.06.2025 10:19,0,TRABZON
Ayran,Sütaş Pratik Şişe Ayran 2 lt,Sütaş,"Gıda, Yoğurt-ayran-kefi̇r, Ayranlar, Günlük Içecekler, Süt Ve Süt Ürünleri, Süt Yoğurt Ve Günlük Paketli, Ayran",tarim_kredi,Trabzon Ortahisar Bahçecik,59.9,"29,95 ₺/lt",02.06.2025 10:19,0,TRABZON
Ayran,Torku Tam Yağlı Ayran 200 Ml,Torku,"Günlük Içecekler, Süt Yoğurt Ve Günlük Paketli, Ayran",migros,Mjet Kaymaklı Trabzon,8.5,"42,50 ₺/lt",02.06.2025 10:19,0,TRABZON
Ayran,Tarım Kredi Şişe Ayran 1500 Ml,Tarım Kredi,"Gıda, Yoğurt-ayran-kefi̇r, Süt Ve Süt Ürünleri, Ayran",tarim_kredi,Trabzon Ortahisar Bahçecik,41.5,"27,67 ₺/lt",02.06.2025 10:19,0,TRABZON
Ayran,Mis Bardak Ayran Tam Yağlı 285 Ml,Mis,"Süt-yoğurt-günlük Paketli-katı Yağ, Bardak Ayran, Ayran, Günlük Ve Diğer Şarküteri",sok,Trabzon Çukurçayır,9.25,"32,46 ₺/lt",02.06.2025 10:19,0,TRABZON
Ayran,Mis Bardak Ayran Tam Yağlı 200 Ml,Mis,"Süt-yoğurt-günlük Paketli-katı Yağ, Bardak Ayran, Ayran, Günlük Ve Diğer Şarküteri",sok,Trabzon Çukurçayır,7.0,"35,00 ₺/lt",02.06.2025 10:19,0,TRABZON
Ayran,Torku 1 Lt Ayran,Torku,"1702-sütlü Mamuller, 17-grup Spot, 170215-büyük Ayran",bim,Sıhke  Van,32.5,"32.500,00 ₺/lt",02.06.2025 10:19,0,VAN
Ayran,Sek Ayran 285 Ml,Sek,"Günlük Içecekler, Süt Yoğurt Ve Günlük Paketli, Ayran",migros,Kurtuluş Van Mm Migros,13.95,"48,95 ₺/lt",02.06.2025 10:19,0,VAN
Ayran,Sütaş 200 Ml Ayran,Sütaş,"Günlük Içecekler, Süt Yoğurt Ve Günlük Paketli, Ayran",migros,Kurtuluş Van Mm Migros,9.85,"49,25 ₺/lt",02.06.2025 10:19,0,VAN
Ayran,Torku Ayran 2 l,Torku,"020402-büyük Ayran, Günlük Içecekler, 0204-ayran, Süt Yoğurt Ve Günlük Paketli, Ayran, 02-sütlü Mamuller",migros,Kurtuluş Van Mm Migros,59.9,"29,95 ₺/lt",02.06.2025 10:19,0,VAN
Ayran,Torku Ayran 2 l,Torku,"020402-büyük Ayran, Günlük Içecekler, 0204-ayran, Süt Yoğurt Ve Günlük Paketli, Ayran, 02-sütlü Mamuller",bim,Sıhke  Van,72.5,"36,25 ₺/lt",02.06.2025 10:19,0,VAN
Ayran,Sütaş Ayran 300 ml,Sütaş,"Süt Ve Sütlü Mamüller, Günlük Içecekler, Süt Yoğurt Ve Günlük Paketli, Ayran, Ayran Ve Kefirler",migros,Van Iki Nisan Mm Migros,14.0,"46,67 ₺/lt",02.06.2025 10:19,0,VAN
Ayran,Eker Ayran 1 lt,Eker,"Günlük Içecek, Gıda, Günlük Içecekler, Self Servıs, Günlük, Süt Yoğurt Ve Günlük Paketli, Ayran",migros,Kurtuluş Van Mm Migros,39.5,"39,50 ₺/lt",02.06.2025 10:19,0,VAN
Ayran,Sek 300 Ml Naneli Ayran,Sek,"1702-sütlü Mamuller, 17-grup Spot, 170214-küçük Ayran",bim,Sıhke  Van,11.5,"38,33 ₺/lt",02.06.2025 10:18,0,VAN
Ayran,Migros Bardak Ayran 300 ml,Migros,"Pl Ayran, Pl Süt Yoğurt Ve Günlük Paketli, Pl Günlük Içecekler",migros,Kurtuluş Van Mm Migros,10.5,"35,00 ₺/lt",02.06.2025 10:19,0,VAN
Ayran,Sütaş Ayran Şişe 250 Ml,Sütaş,"Süt Ve Sütlü Mamüller, Günlük Içecekler, Süt Yoğurt Ve Günlük Paketli, Ayran, Ayran Ve Kefirler",a101,Yeni Cevdetpaşa Ipekyolu Van,12.5,"50,00 ₺/lt",02.06.2025 10:18,0,VAN
Ayran,İçim 1.5 Lt Şişe Ayran,Ülker,"Günlük Içecek, Gıda, 020402-büyük Ayran, Self Servıs, Günlük, Günlük Içecekler, 0204-ayran, 02-sütlü Mamuller, Süt Yoğurt Ve Günlük Paketli, Ayran",bim,Sıhke  Van,52.5,"35,00 ₺/lt",02.06.2025 10:18,0,VAN
Ayran,Tarım Kredi Ayran 200 Ml,Tarım Kredi,"Gıda, Yoğurt-ayran-kefi̇r, Süt Ve Süt Ürünleri, Ayran",tarim_kredi,Van Ipekyolu 2 Nisan,7.0,"35,00 ₺/lt",02.06.2025 10:19,0,VAN
Ayran,Tarım Kredi Ayran 285 Ml,Tarım Kredi,"Gıda, Yoğurt-ayran-kefi̇r, Süt Ve Süt Ürünleri, Ayran",tarim_kredi,Van Ipekyolu 2 Nisan,9.9,"34,74 ₺/lt",02.06.2025 10:19,0,VAN
Ayran,Ayran Bardak 200 ml Dost,Dost,"020401-küçük Ayran, 0204-ayran, 02-sütlü Mamuller",bim,Sıhke  Van,7.0,"35,00 ₺/lt",02.06.2025 10:19,0,VAN
Ayran,Ayran Şişe 1500 Ml Dost,Dost,"020402-büyük Ayran, 0204-ayran, 02-sütlü Mamuller",bim,Sıhke  Van,41.5,"27,67 ₺/lt",02.06.2025 10:19,0,VAN
Ayran,Eker Tombul Ayran 195 Ml,Eker,"Günlük Içecek, Gıda, Günlük Içecekler, Self Servıs, Günlük, Süt Yoğurt Ve Günlük Paketli, Ayran",migros,Van Iki Nisan Mm Migros,14.5,"74,36 ₺/lt",02.06.2025 10:19,0,VAN
Ayran,Ayran Şişe 1 Lt Binvezir,Binvezir,"020402-büyük Ayran, 0204-ayran, 02-sütlü Mamuller",bim,Sıhke  Van,24.5,"24,50 ₺/lt",02.06.2025 10:19,0,VAN
Ayran,"Ayran %0,8 Yağlı 170 Ml Yörükoğlu",Yörükoğlu,"1702-sütlü Mamuller, 17-grup Spot, 170214-küçük Ayran",bim,Sıhke  Van,5.0,"5.000,00 ₺/lt",02.06.2025 10:19,0,VAN
Ayran,"%0,8 Yağlı Ayran 200 Ml Sek",Sek,"1702-sütlü Mamuller, 17-grup Spot, 170214-küçük Ayran",bim,Sıhke  Van,6.5,"32,50 ₺/lt",02.06.2025 10:18,0,VAN
Ayran,"Dost 2 Lt %1,2 Yağlı Ayran",Dost,"1702-sütlü Mamuller, 17-grup Spot, 170215-büyük Ayran",bim,Sıhke  Van,49.5,"49.500,00 ₺/lt",02.06.2025 10:18,0,VAN
Ayran,Tam Yağlı Ayran İçim 2 Lt,İçim,"1702-sütlü Mamuller, 17-grup Spot, 170215-büyük Ayran",bim,Sıhke  Van,59.0,"29,50 ₺/lt",02.06.2025 10:18,0,VAN
Ayran,Mis Ayran Tam Yağlı 1.5 Lt,Mis,"Süt-yoğurt-günlük Paketli-katı Yağ, Ayran, Şişe Ayran, Günlük Ve Diğer Şarküteri",sok,Van Ilk Adım,37.0,"24,67 ₺/lt",02.06.2025 10:19,0,VAN
Ayran,Sütaş Pratik Şişe Ayran 2 lt,Sütaş,"Gıda, Yoğurt-ayran-kefi̇r, Ayranlar, Günlük Içecekler, Süt Ve Süt Ürünleri, Süt Yoğurt Ve Günlük Paketli, Ayran",tarim_kredi,Van Ipekyolu Terzioğlu,59.9,"29,95 ₺/lt",02.06.2025 10:19,0,VAN
Ayran,Torku Tam Yağlı Ayran 200 Ml,Torku,"Günlük Içecekler, Süt Yoğurt Ve Günlük Paketli, Ayran",migros,Van Iki Nisan Mm Migros,8.5,"42,50 ₺/lt",02.06.2025 10:19,0,VAN
Ayran,Tarım Kredi Şişe Ayran 1500 Ml,Tarım Kredi,"Gıda, Yoğurt-ayran-kefi̇r, Süt Ve Süt Ürünleri, Ayran",tarim_kredi,Van Ipekyolu 2 Nisan,41.5,"27,67 ₺/lt",02.06.2025 10:19,0,VAN
Ayran,Mis Bardak Ayran Tam Yağlı 285 Ml,Mis,"Süt-yoğurt-günlük Paketli-katı Yağ, Bardak Ayran, Ayran, Günlük Ve Diğer Şarküteri",sok,Van Ilk Adım,9.25,"32,46 ₺/lt",02.06.2025 10:19,0,VAN
Ayran,Torku 1 Lt Ayran,Torku,"1702-sütlü Mamuller, 17-grup Spot, 170215-büyük Ayran",bim,467evlerzonguldak,32.5,"32.500,00 ₺/lt",02.06.2025 10:19,0,ZONGULDAK
Ayran,Sek Ayran 285 Ml,Sek,"Günlük Içecekler, Süt Yoğurt Ve Günlük Paketli, Ayran",migros,Zonguldak Migros Mm,13.95,"48,95 ₺/lt",02.06.2025 10:19,0,ZONGULDAK
Ayran,Sütaş 200 Ml Ayran,Sütaş,"Günlük Içecekler, Süt Yoğurt Ve Günlük Paketli, Ayran",migros,Mjet Zonguldak Üniversite,9.85,"49,25 ₺/lt",02.06.2025 10:19,0,ZONGULDAK
Ayran,Torku Ayran 2 l,Torku,"020402-büyük Ayran, Günlük Içecekler, 0204-ayran, Süt Yoğurt Ve Günlük Paketli, Ayran, 02-sütlü Mamuller",bim,467evlerzonguldak,72.5,"36,25 ₺/lt",02.06.2025 10:19,0,ZONGULDAK
Ayran,Sütaş Ayran 300 ml,Sütaş,"Süt Ve Sütlü Mamüller, Günlük Içecekler, Süt Yoğurt Ve Günlük Paketli, Ayran, Ayran Ve Kefirler",a101,Alpaslan Merkez Zonguldak,13.9,"46,33 ₺/lt",02.06.2025 10:19,0,ZONGULDAK
Ayran,Sütaş Ayran 300 ml,Sütaş,"Süt Ve Sütlü Mamüller, Günlük Içecekler, Süt Yoğurt Ve Günlük Paketli, Ayran, Ayran Ve Kefirler",migros,Mjet Zonguldak Üniversite,14.0,"46,67 ₺/lt",02.06.2025 10:19,0,ZONGULDAK
Ayran,Torku Ayran 300 Ml,Torku,"Günlük Içecekler, Süt Yoğurt Ve Günlük Paketli, Ayran",migros,Zonguldak Migros Mm,13.95,"46,50 ₺/lt",02.06.2025 10:18,0,ZONGULDAK
Ayran,Eker Ayran 1 lt,Eker,"Günlük Içecek, Gıda, Günlük Içecekler, Self Servıs, Günlük, Süt Yoğurt Ve Günlük Paketli, Ayran",migros,Zonguldak Migros Mm,39.5,"39,50 ₺/lt",02.06.2025 10:19,0,ZONGULDAK
Ayran,Sek 300 Ml Naneli Ayran,Sek,"1702-sütlü Mamuller, 17-grup Spot, 170214-küçük Ayran",bim,467evlerzonguldak,11.5,"38,33 ₺/lt",02.06.2025 10:18,0,ZONGULDAK
Ayran,Migros Bardak Ayran 300 ml,Migros,"Pl Ayran, Pl Süt Yoğurt Ve Günlük Paketli, Pl Günlük Içecekler",migros,Mjet Zonguldak Üniversite,10.5,"35,00 ₺/lt",02.06.2025 10:19,0,ZONGULDAK
Ayran,Sütaş Ayran Şişe 250 Ml,Sütaş,"Süt Ve Sütlü Mamüller, Günlük Içecekler, Süt Yoğurt Ve Günlük Paketli, Ayran, Ayran Ve Kefirler",a101,Sera Merkez Zonguldak,12.5,"50,00 ₺/lt",02.06.2025 10:18,0,ZONGULDAK
Ayran,İçim 1.5 Lt Şişe Ayran,Ülker,"Günlük Içecek, Gıda, 020402-büyük Ayran, Self Servıs, Günlük, Günlük Içecekler, 0204-ayran, 02-sütlü Mamuller, Süt Yoğurt Ve Günlük Paketli, Ayran",bim,467evlerzonguldak,52.5,"35,00 ₺/lt",02.06.2025 10:18,0,ZONGULDAK
Ayran,Tarım Kredi Ayran 200 Ml,Tarım Kredi,"Gıda, Yoğurt-ayran-kefi̇r, Süt Ve Süt Ürünleri, Ayran",tarim_kredi,Zonguldak Kozlu Güney,7.0,"35,00 ₺/lt",02.06.2025 10:19,0,ZONGULDAK
Ayran,Tarım Kredi Ayran 285 Ml,Tarım Kredi,"Gıda, Yoğurt-ayran-kefi̇r, Süt Ve Süt Ürünleri, Ayran",tarim_kredi,Zonguldak Kozlu Güney,9.9,"34,74 ₺/lt",02.06.2025 10:19,0,ZONGULDAK
Ayran,Ayran Bardak 200 ml Dost,Dost,"020401-küçük Ayran, 0204-ayran, 02-sütlü Mamuller",bim,467evlerzonguldak,7.0,"35,00 ₺/lt",02.06.2025 10:19,0,ZONGULDAK
Ayran,Ayran Şişe 1500 Ml Dost,Dost,"020402-büyük Ayran, 0204-ayran, 02-sütlü Mamuller",bim,467evlerzonguldak,41.5,"27,67 ₺/lt",02.06.2025 10:19,0,ZONGULDAK
Ayran,Eker Tombul Ayran 195 Ml,Eker,"Günlük Içecek, Gıda, Günlük Içecekler, Self Servıs, Günlük, Süt Yoğurt Ve Günlük Paketli, Ayran",carrefour,Zonguldak Demırpark Avm,13.1,"67,18 ₺/lt",02.06.2025 10:19,0,ZONGULDAK
Ayran,Eker Tombul Ayran 195 Ml,Eker,"Günlük Içecek, Gıda, Günlük Içecekler, Self Servıs, Günlük, Süt Yoğurt Ve Günlük Paketli, Ayran",migros,Zonguldak Migros Mm,14.5,"74,36 ₺/lt",02.06.2025 10:19,0,ZONGULDAK
Ayran,Ayran Şişe 1 Lt Binvezir,Binvezir,"020402-büyük Ayran, 0204-ayran, 02-sütlü Mamuller",bim,467evlerzonguldak,24.5,"24,50 ₺/lt",02.06.2025 10:19,0,ZONGULDAK
Ayran,"Ayran %0,8 Yağlı 170 Ml Yörükoğlu",Yörükoğlu,"1702-sütlü Mamuller, 17-grup Spot, 170214-küçük Ayran",bim,467evlerzonguldak,5.0,"5.000,00 ₺/lt",02.06.2025 10:19,0,ZONGULDAK
Ayran,"%0,8 Yağlı Ayran 200 Ml Sek",Sek,"1702-sütlü Mamuller, 17-grup Spot, 170214-küçük Ayran",bim,467evlerzonguldak,6.5,"32,50 ₺/lt",02.06.2025 10:18,0,ZONGULDAK
Ayran,"Dost 2 Lt %1,2 Yağlı Ayran",Dost,"1702-sütlü Mamuller, 17-grup Spot, 170215-büyük Ayran",bim,467evlerzonguldak,49.5,"49.500,00 ₺/lt",02.06.2025 10:18,0,ZONGULDAK
Ayran,Tam Yağlı Ayran İçim 2 Lt,İçim,"1702-sütlü Mamuller, 17-grup Spot, 170215-büyük Ayran",bim,467evlerzonguldak,59.0,"29,50 ₺/lt",02.06.2025 10:18,0,ZONGULDAK
Ayran,Mis Ayran Tam Yağlı 1.5 Lt,Mis,"Süt-yoğurt-günlük Paketli-katı Yağ, Ayran, Şişe Ayran, Günlük Ve Diğer Şarküteri",sok,Rüzgarlımeşe Anıl Sitesi,37.0,"24,67 ₺/lt",02.06.2025 10:19,0,ZONGULDAK
Ayran,Sütaş Pratik Şişe Ayran 2 lt,Sütaş,"Gıda, Yoğurt-ayran-kefi̇r, Ayranlar, Günlük Içecekler, Süt Ve Süt Ürünleri, Süt Yoğurt Ve Günlük Paketli, Ayran",tarim_kredi,Zonguldak Kozlu Güney,59.9,"29,95 ₺/lt",02.06.2025 10:19,0,ZONGULDAK
Ayran,Torku Tam Yağlı Ayran 200 Ml,Torku,"Günlük Içecekler, Süt Yoğurt Ve Günlük Paketli, Ayran",migros,Mjet Hastane Zonguldak,8.0,"40,00 ₺/lt",02.06.2025 10:19,0,ZONGULDAK
Ayran,Tarım Kredi Şişe Ayran 1500 Ml,Tarım Kredi,"Gıda, Yoğurt-ayran-kefi̇r, Süt Ve Süt Ürünleri, Ayran",tarim_kredi,Zonguldak Kozlu Güney,41.5,"27,67 ₺/lt",02.06.2025 10:19,0,ZONGULDAK
Ayran,Torku 1 Lt Ayran,Torku,"1702-sütlü Mamuller, 17-grup Spot, 170215-büyük Ayran",bim,Sebilaksaray,32.5,"32.500,00 ₺/lt",02.06.2025 10:19,0,AKSARAY
Ayran,Sütaş 200 Ml Ayran,Sütaş,"Günlük Içecekler, Süt Yoğurt Ve Günlük Paketli, Ayran",migros,Park Site Aksaray Mm Migros,9.85,"49,25 ₺/lt",02.06.2025 10:19,0,AKSARAY
Ayran,Torku Ayran 2 l,Torku,"020402-büyük Ayran, Günlük Içecekler, 0204-ayran, Süt Yoğurt Ve Günlük Paketli, Ayran, 02-sütlü Mamuller",migros,Aksaray Mm Mıgros,59.9,"29,95 ₺/lt",02.06.2025 10:19,0,AKSARAY
Ayran,Torku Ayran 2 l,Torku,"020402-büyük Ayran, Günlük Içecekler, 0204-ayran, Süt Yoğurt Ve Günlük Paketli, Ayran, 02-sütlü Mamuller",bim,Sebilaksaray,72.5,"36,25 ₺/lt",02.06.2025 10:19,0,AKSARAY
Ayran,Sütaş Ayran 300 ml,Sütaş,"Süt Ve Sütlü Mamüller, Günlük Içecekler, Süt Yoğurt Ve Günlük Paketli, Ayran, Ayran Ve Kefirler",migros,Park Site Aksaray Mm Migros,14.0,"46,67 ₺/lt",02.06.2025 10:19,0,AKSARAY
Ayran,Eker Ayran 1 lt,Eker,"Günlük Içecek, Gıda, Günlük Içecekler, Self Servıs, Günlük, Süt Yoğurt Ve Günlük Paketli, Ayran",carrefour,Aksaray Merkez,38.95,"38,95 ₺/lt",02.06.2025 10:19,0,AKSARAY
Ayran,Eker Ayran 1 lt,Eker,"Günlük Içecek, Gıda, Günlük Içecekler, Self Servıs, Günlük, Süt Yoğurt Ve Günlük Paketli, Ayran",migros,Park Site Aksaray Mm Migros,39.5,"39,50 ₺/lt",02.06.2025 10:19,0,AKSARAY
Ayran,Sek 300 Ml Naneli Ayran,Sek,"1702-sütlü Mamuller, 17-grup Spot, 170214-küçük Ayran",bim,Sebilaksaray,11.5,"38,33 ₺/lt",02.06.2025 10:18,0,AKSARAY
Ayran,Migros Bardak Ayran 300 ml,Migros,"Pl Ayran, Pl Süt Yoğurt Ve Günlük Paketli, Pl Günlük Içecekler",migros,Park Site Aksaray Mm Migros,10.5,"35,00 ₺/lt",02.06.2025 10:19,0,AKSARAY
Ayran,Sütaş Ayran Şişe 250 Ml,Sütaş,"Süt Ve Sütlü Mamüller, Günlük Içecekler, Süt Yoğurt Ve Günlük Paketli, Ayran, Ayran Ve Kefirler",a101,Kurtuluş Merkez Aksaray,12.5,"50,00 ₺/lt",02.06.2025 10:18,0,AKSARAY
Ayran,İçim 1.5 Lt Şişe Ayran,Ülker,"Günlük Içecek, Gıda, 020402-büyük Ayran, Self Servıs, Günlük, Günlük Içecekler, 0204-ayran, 02-sütlü Mamuller, Süt Yoğurt Ve Günlük Paketli, Ayran",bim,Sebilaksaray,52.5,"35,00 ₺/lt",02.06.2025 10:18,0,AKSARAY
Ayran,Tarım Kredi Ayran 200 Ml,Tarım Kredi,"Gıda, Yoğurt-ayran-kefi̇r, Süt Ve Süt Ürünleri, Ayran",tarim_kredi,Aksaray Merkez Fatih,7.0,"35,00 ₺/lt",02.06.2025 10:19,0,AKSARAY
Ayran,Tarım Kredi Ayran 285 Ml,Tarım Kredi,"Gıda, Yoğurt-ayran-kefi̇r, Süt Ve Süt Ürünleri, Ayran",tarim_kredi,Aksaray Merkez Fatih,9.9,"34,74 ₺/lt",02.06.2025 10:19,0,AKSARAY
Ayran,Ayran Bardak 200 ml Dost,Dost,"020401-küçük Ayran, 0204-ayran, 02-sütlü Mamuller",bim,Sebilaksaray,7.0,"35,00 ₺/lt",02.06.2025 10:19,0,AKSARAY
Ayran,Ayran Şişe 1500 Ml Dost,Dost,"020402-büyük Ayran, 0204-ayran, 02-sütlü Mamuller",bim,Sebilaksaray,41.5,"27,67 ₺/lt",02.06.2025 10:19,0,AKSARAY
Ayran,Eker Tombul Ayran 195 Ml,Eker,"Günlük Içecek, Gıda, Günlük Içecekler, Self Servıs, Günlük, Süt Yoğurt Ve Günlük Paketli, Ayran",migros,Park Site Aksaray Mm Migros,14.5,"74,36 ₺/lt",02.06.2025 10:19,0,AKSARAY
Ayran,Ayran Şişe 1 Lt Binvezir,Binvezir,"020402-büyük Ayran, 0204-ayran, 02-sütlü Mamuller",bim,Sebilaksaray,24.5,"24,50 ₺/lt",02.06.2025 10:19,0,AKSARAY
Ayran,"Ayran %0,8 Yağlı 170 Ml Yörükoğlu",Yörükoğlu,"1702-sütlü Mamuller, 17-grup Spot, 170214-küçük Ayran",bim,Sebilaksaray,5.0,"5.000,00 ₺/lt",02.06.2025 10:19,0,AKSARAY
Ayran,"%0,8 Yağlı Ayran 200 Ml Sek",Sek,"1702-sütlü Mamuller, 17-grup Spot, 170214-küçük Ayran",bim,Sebilaksaray,6.5,"32,50 ₺/lt",02.06.2025 10:18,0,AKSARAY
Ayran,"Dost 2 Lt %1,2 Yağlı Ayran",Dost,"1702-sütlü Mamuller, 17-grup Spot, 170215-büyük Ayran",bim,Sebilaksaray,49.5,"49.500,00 ₺/lt",02.06.2025 10:18,0,AKSARAY
Ayran,Tam Yağlı Ayran İçim 2 Lt,İçim,"1702-sütlü Mamuller, 17-grup Spot, 170215-büyük Ayran",bim,Sebilaksaray,59.0,"29,50 ₺/lt",02.06.2025 10:18,0,AKSARAY
Ayran,Mis Ayran Tam Yağlı 1.5 Lt,Mis,"Süt-yoğurt-günlük Paketli-katı Yağ, Ayran, Şişe Ayran, Günlük Ve Diğer Şarküteri",sok,Aksaray Fatih,37.0,"24,67 ₺/lt",02.06.2025 10:19,0,AKSARAY
Ayran,Sütaş Pratik Şişe Ayran 2 lt,Sütaş,"Gıda, Yoğurt-ayran-kefi̇r, Ayranlar, Günlük Içecekler, Süt Ve Süt Ürünleri, Süt Yoğurt Ve Günlük Paketli, Ayran",tarim_kredi,Aksaray Merkez Fatih,59.9,"29,95 ₺/lt",02.06.2025 10:19,0,AKSARAY
Ayran,Sütaş Pratik Şişe Ayran 2 lt,Sütaş,"Gıda, Yoğurt-ayran-kefi̇r, Ayranlar, Günlük Içecekler, Süt Ve Süt Ürünleri, Süt Yoğurt Ve Günlük Paketli, Ayran",migros,Park Site Aksaray Mm Migros,69.95,"34,97 ₺/lt",02.06.2025 10:19,0,AKSARAY
Ayran,Torku Tam Yağlı Ayran 200 Ml,Torku,"Günlük Içecekler, Süt Yoğurt Ve Günlük Paketli, Ayran",migros,Park Site Aksaray Mm Migros,8.0,"40,00 ₺/lt",02.06.2025 10:19,0,AKSARAY
Ayran,Tarım Kredi Şişe Ayran 1500 Ml,Tarım Kredi,"Gıda, Yoğurt-ayran-kefi̇r, Süt Ve Süt Ürünleri, Ayran",tarim_kredi,Aksaray Merkez Fatih,41.5,"27,67 ₺/lt",02.06.2025 10:19,0,AKSARAY
Ayran,Mis Bardak Ayran Tam Yağlı 285 Ml,Mis,"Süt-yoğurt-günlük Paketli-katı Yağ, Bardak Ayran, Ayran, Günlük Ve Diğer Şarküteri",sok,Aksaray Fatih,9.25,"32,46 ₺/lt",02.06.2025 10:19,0,AKSARAY
Ayran,Mis Bardak Ayran Tam Yağlı 200 Ml,Mis,"Süt-yoğurt-günlük Paketli-katı Yağ, Bardak Ayran, Ayran, Günlük Ve Diğer Şarküteri",sok,Aksaray Fatih,7.0,"35,00 ₺/lt",02.06.2025 10:19,0,AKSARAY
