Ürün,Unnamed: 0.1,Ağırlık,Değişim,Endeks_2024-10-31,Ağırlıklı Endeks_2024-10-31,Endeks_2024-11-01,Ağırlıklı Endeks_2024-11-01,Endeks_2024-11-02,Ağırlıklı Endeks_2024-11-02,Endeks_2024-11-03,Ağırlıklı Endeks_2024-11-03,Endeks_2024-11-04,Ağırlıklı Endeks_2024-11-04,Endeks_2024-11-05,Ağırlıklı Endeks_2024-11-05,Endeks_2024-11-06,Ağırlıklı Endeks_2024-11-06,Endeks_2024-11-07,Ağırlıklı Endeks_2024-11-07,Endeks_2024-11-08,Ağırlıklı Endeks_2024-11-08,Endeks_2024-11-09,Ağırlıklı Endeks_2024-11-09,Endeks_2024-11-10,Ağırlıklı Endeks_2024-11-10,Endeks_2024-11-11,Ağırlıklı Endeks_2024-11-11,Endeks_2024-11-12,Ağırlıklı Endeks_2024-11-12,Endeks_2024-11-13,Ağırlıklı Endeks_2024-11-13,Endeks_2024-11-14,Ağırlıklı Endeks_2024-11-14,Endeks_2024-11-15,Ağırlıklı Endeks_2024-11-15,Endeks_2024-11-16,Ağırlıklı Endeks_2024-11-16,Endeks_2024-11-17,Ağırlıklı Endeks_2024-11-17,Endeks_2024-11-18,Ağırlıklı Endeks_2024-11-18,Endeks_2024-11-19,Ağırlıklı Endeks_2024-11-19,Endeks_2024-11-20,Ağırlıklı Endeks_2024-11-20,Endeks_2024-11-21,Ağırlıklı Endeks_2024-11-21,Endeks_2024-11-22,Ağırlıklı Endeks_2024-11-22,Endeks_2024-11-23,Ağırlıklı Endeks_2024-11-23,Endeks_2024-11-24,Ağırlıklı Endeks_2024-11-24,Endeks_2024-11-25,Ağırlıklı Endeks_2024-11-25,Endeks_2024-11-26,Ağırlıklı Endeks_2024-11-26,Endeks_2024-11-27,Ağırlıklı Endeks_2024-11-27,Endeks_2024-11-28,Ağırlıklı Endeks_2024-11-28,Endeks_2024-11-29,Ağırlıklı Endeks_2024-11-29,Endeks_2024-11-30,Ağırlıklı Endeks_2024-11-30,Endeks_2024-12-01,Ağırlıklı Endeks_2024-12-01,Endeks_2024-12-02,Ağırlıklı Endeks_2024-12-02,Endeks_2024-12-03,Ağırlıklı Endeks_2024-12-03,Endeks_2024-12-04,Ağırlıklı Endeks_2024-12-04,Endeks_2024-12-05,Ağırlıklı Endeks_2024-12-05,Endeks_2024-12-06,Ağırlıklı Endeks_2024-12-06,Endeks_2024-12-07,Ağırlıklı Endeks_2024-12-07,Endeks_2024-12-08,Ağırlıklı Endeks_2024-12-08,Endeks_2024-12-09,Ağırlıklı Endeks_2024-12-09,Endeks_2024-12-10,Ağırlıklı Endeks_2024-12-10,Endeks_2024-12-11,Ağırlıklı Endeks_2024-12-11,Endeks_2024-12-12,Ağırlıklı Endeks_2024-12-12,Endeks_2024-12-13,Ağırlıklı Endeks_2024-12-13,Endeks_2024-12-14,Ağırlıklı Endeks_2024-12-14,Endeks_2024-12-15,Ağırlıklı Endeks_2024-12-15,Endeks_2024-12-16,Ağırlıklı Endeks_2024-12-16,Endeks_2024-12-17,Ağırlıklı Endeks_2024-12-17,Endeks_2024-12-18,Ağırlıklı Endeks_2024-12-18,Endeks_2024-12-19,Ağırlıklı Endeks_2024-12-19,Endeks_2024-12-20,Ağırlıklı Endeks_2024-12-20,Endeks_2024-12-21,Ağırlıklı Endeks_2024-12-21,Endeks_2024-12-22,Ağırlıklı Endeks_2024-12-22,Endeks_2024-12-23,Ağırlıklı Endeks_2024-12-23,Endeks_2024-12-24,Ağırlıklı Endeks_2024-12-24,Endeks_2024-12-25,Ağırlıklı Endeks_2024-12-25,Endeks_2024-12-26,Ağırlıklı Endeks_2024-12-26,Endeks_2024-12-27,Ağırlıklı Endeks_2024-12-27,Endeks_2024-12-28,Ağırlıklı Endeks_2024-12-28,Ağırlıklı Endeks_2024-12-29,Endeks_2024-12-29,Endeks_2024-12-30,Ağırlıklı Endeks_2024-12-30,Endeks_2024-12-31,Ağırlıklı Endeks_2024-12-31,Endeks_2025-01-01,Ağırlıklı Endeks_2025-01-01,Endeks_2025-01-02,Ağırlıklı Endeks_2025-01-02,Endeks_2025-01-03,Ağırlıklı Endeks_2025-01-03,Endeks_2025-01-04,Ağırlıklı Endeks_2025-01-04,Endeks_2025-01-05,Ağırlıklı Endeks_2025-01-05,Endeks_2025-01-06,Ağırlıklı Endeks_2025-01-06,Endeks_2025-01-07,Ağırlıklı Endeks_2025-01-07,Endeks_2025-01-08,Ağırlıklı Endeks_2025-01-08,Endeks_2025-01-09,Ağırlıklı Endeks_2025-01-09,Endeks_2025-01-10,Ağırlıklı Endeks_2025-01-10,Endeks_2025-01-11,Ağırlıklı Endeks_2025-01-11,Endeks_2025-01-12,Ağırlıklı Endeks_2025-01-12,Endeks_2025-01-13,Ağırlıklı Endeks_2025-01-13,Endeks_2025-01-14,Ağırlıklı Endeks_2025-01-14,Endeks_2025-01-15,Ağırlıklı Endeks_2025-01-15,Endeks_2025-01-16,Ağırlıklı Endeks_2025-01-16,Endeks_2025-01-17,Ağırlıklı Endeks_2025-01-17,Endeks_2025-01-18,Ağırlıklı Endeks_2025-01-18,Endeks_2025-01-19,Ağırlıklı Endeks_2025-01-19,Endeks_2025-01-20,Ağırlıklı Endeks_2025-01-20,Endeks_2025-01-21,Ağırlıklı Endeks_2025-01-21,Endeks_2025-01-22,Ağırlıklı Endeks_2025-01-22,Endeks_2025-01-23,Ağırlıklı Endeks_2025-01-23,Endeks_2025-01-24,Ağırlıklı Endeks_2025-01-24,Endeks_2025-01-25,Ağırlıklı Endeks_2025-01-25,Endeks_2025-01-26,Ağırlıklı Endeks_2025-01-26,Endeks_2025-01-27,Ağırlıklı Endeks_2025-01-27,Endeks_2025-01-28,Ağırlıklı Endeks_2025-01-28,Endeks_2025-01-29,Ağırlıklı Endeks_2025-01-29,Endeks_2025-01-30,Ağırlıklı Endeks_2025-01-30,Endeks_2025-01-31,Ağırlıklı Endeks_2025-01-31,Endeks_2025-02-01,Ağırlıklı Endeks_2025-02-01,Endeks_2025-02-02,Ağırlıklı Endeks_2025-02-02,Endeks_2025-02-03,Ağırlıklı Endeks_2025-02-03,Endeks_2025-02-04,Ağırlıklı Endeks_2025-02-04,Endeks_2025-02-05,Ağırlıklı Endeks_2025-02-05,Endeks_2025-02-06,Ağırlıklı Endeks_2025-02-06,Endeks_2025-02-07,Ağırlıklı Endeks_2025-02-07,Endeks_2025-02-08,Ağırlıklı Endeks_2025-02-08,Endeks_2025-02-09,Ağırlıklı Endeks_2025-02-09,Endeks_2025-02-10,Ağırlıklı Endeks_2025-02-10,Endeks_2025-02-11,Ağırlıklı Endeks_2025-02-11,Endeks_2025-02-12,Ağırlıklı Endeks_2025-02-12,Endeks_2025-02-13,Ağırlıklı Endeks_2025-02-13,Endeks_2025-02-14,Ağırlıklı Endeks_2025-02-14,Endeks_2025-02-15,Ağırlıklı Endeks_2025-02-15,Endeks_2025-02-16,Ağırlıklı Endeks_2025-02-16,Endeks_2025-02-17,Ağırlıklı Endeks_2025-02-17,Endeks_2025-02-18,Ağırlıklı Endeks_2025-02-18,Endeks_2025-02-19,Ağırlıklı Endeks_2025-02-19,Endeks_2025-02-20,Ağırlıklı Endeks_2025-02-20,Endeks_2025-02-21,Ağırlıklı Endeks_2025-02-21,Endeks_2025-02-22,Ağırlıklı Endeks_2025-02-22,Endeks_2025-02-23,Ağırlıklı Endeks_2025-02-23,Endeks_2025-02-24,Ağırlıklı Endeks_2025-02-24,Endeks_2025-02-25,Ağırlıklı Endeks_2025-02-25,Endeks_2025-02-26,Ağırlıklı Endeks_2025-02-26,Endeks_2025-02-27,Ağırlıklı Endeks_2025-02-27,Endeks_2025-02-28,Ağırlıklı Endeks_2025-02-28,Endeks_2025-03-01,Ağırlıklı Endeks_2025-03-01,Endeks_2025-03-02,Ağırlıklı Endeks_2025-03-02,Endeks_2025-03-03,Ağırlıklı Endeks_2025-03-03,Endeks_2025-03-04,Ağırlıklı Endeks_2025-03-04,Endeks_2025-03-05,Ağırlıklı Endeks_2025-03-05,Endeks_2025-03-06,Ağırlıklı Endeks_2025-03-06,Endeks_2025-03-07,Ağırlıklı Endeks_2025-03-07,Endeks_2025-03-08,Ağırlıklı Endeks_2025-03-08,Endeks_2025-03-09,Ağırlıklı Endeks_2025-03-09,Endeks_2025-03-10,Ağırlıklı Endeks_2025-03-10,Endeks_2025-03-11,Ağırlıklı Endeks_2025-03-11,Endeks_2025-03-12,Ağırlıklı Endeks_2025-03-12,Endeks_2025-03-13,Ağırlıklı Endeks_2025-03-13,Endeks_2025-03-14,Ağırlıklı Endeks_2025-03-14,Endeks_2025-03-15,Ağırlıklı Endeks_2025-03-15,Endeks_2025-03-16,Ağırlıklı Endeks_2025-03-16,Endeks_2025-03-17,Ağırlıklı Endeks_2025-03-17,Endeks_2025-03-18,Ağırlıklı Endeks_2025-03-18,Endeks_2025-03-19,Ağırlıklı Endeks_2025-03-19,Endeks_2025-03-20,Ağırlıklı Endeks_2025-03-20,Endeks_2025-03-21,Ağırlıklı Endeks_2025-03-21,Endeks_2025-03-22,Ağırlıklı Endeks_2025-03-22,Endeks_2025-03-23,Ağırlıklı Endeks_2025-03-23,Endeks_2025-03-24,Ağırlıklı Endeks_2025-03-24,Endeks_2025-03-25,Ağırlıklı Endeks_2025-03-25,Endeks_2025-03-26,Ağırlıklı Endeks_2025-03-26,Endeks_2025-03-27,Ağırlıklı Endeks_2025-03-27,Endeks_2025-03-28,Ağırlıklı Endeks_2025-03-28,Endeks_2025-03-29,Ağırlıklı Endeks_2025-03-29,Endeks_2025-03-30,Endeks_2025-03-31,Ağırlıklı Endeks_2025-03-30,Ağırlıklı Endeks_2025-03-31,Endeks_2025-04-01,Ağırlıklı Endeks_2025-04-01,Endeks_2025-04-02,Ağırlıklı Endeks_2025-04-02,Endeks_2025-04-03,Ağırlıklı Endeks_2025-04-03,Endeks_2025-04-04,Ağırlıklı Endeks_2025-04-04,Endeks_2025-04-05,Ağırlıklı Endeks_2025-04-05,Endeks_2025-04-06,Ağırlıklı Endeks_2025-04-06,Endeks_2025-04-07,Ağırlıklı Endeks_2025-04-07,Endeks_2025-04-08,Ağırlıklı Endeks_2025-04-08,Endeks_2025-04-09,Ağırlıklı Endeks_2025-04-09,Endeks_2025-04-10,Ağırlıklı Endeks_2025-04-10,Endeks_2025-04-11,Ağırlıklı Endeks_2025-04-11,Endeks_2025-04-12,Ağırlıklı Endeks_2025-04-12,Endeks_2025-04-13,Ağırlıklı Endeks_2025-04-13,Endeks_2025-04-14,Ağırlıklı Endeks_2025-04-14,Endeks_2025-04-15,Ağırlıklı Endeks_2025-04-15,Endeks_2025-04-16,Ağırlıklı Endeks_2025-04-16,Endeks_2025-04-17,Ağırlıklı Endeks_2025-04-17,Endeks_2025-04-18,Ağırlıklı Endeks_2025-04-18,Endeks_2025-04-19,Ağırlıklı Endeks_2025-04-19,Endeks_2025-04-20,Ağırlıklı Endeks_2025-04-20,Endeks_2025-04-21,Ağırlıklı Endeks_2025-04-21,Endeks_2025-04-22,Ağırlıklı Endeks_2025-04-22,Endeks_2025-04-23,Ağırlıklı Endeks_2025-04-23,Endeks_2025-04-24,Ağırlıklı Endeks_2025-04-24,Endeks_2025-04-25,Ağırlıklı Endeks_2025-04-25,Endeks_2025-04-26,Ağırlıklı Endeks_2025-04-26,Endeks_2025-04-27,Ağırlıklı Endeks_2025-04-27,Endeks_2025-04-28,Ağırlıklı Endeks_2025-04-28,Endeks_2025-04-29,Ağırlıklı Endeks_2025-04-29,Endeks_2025-04-30,Ağırlıklı Endeks_2025-04-30,Endeks_2025-05-01,Ağırlıklı Endeks_2025-05-01,Endeks_2025-05-02,Ağırlıklı Endeks_2025-05-02,Endeks_2025-05-03,Ağırlıklı Endeks_2025-05-03,Endeks_2025-05-04,Ağırlıklı Endeks_2025-05-04,Endeks_2025-05-05,Ağırlıklı Endeks_2025-05-05,Endeks_2025-05-06,Ağırlıklı Endeks_2025-05-06,Endeks_2025-05-07,Ağırlıklı Endeks_2025-05-07,Endeks_2025-05-08,Ağırlıklı Endeks_2025-05-08,Endeks_2025-05-09,Ağırlıklı Endeks_2025-05-09,Endeks_2025-05-10,Ağırlıklı Endeks_2025-05-10,Endeks_2025-05-11,Ağırlıklı Endeks_2025-05-11,Endeks_2025-05-12,Ağırlıklı Endeks_2025-05-12,Endeks_2025-05-13,Ağırlıklı Endeks_2025-05-13,Endeks_2025-05-14,Ağırlıklı Endeks_2025-05-14,Endeks_2025-05-15,Ağırlıklı Endeks_2025-05-15,Endeks_2025-05-16,Ağırlıklı Endeks_2025-05-16,Endeks_2025-05-17,Ağırlıklı Endeks_2025-05-17,Endeks_2025-05-18,Ağırlıklı Endeks_2025-05-18,Endeks_2025-05-19,Ağırlıklı Endeks_2025-05-19,Endeks_2025-05-20,Ağırlıklı Endeks_2025-05-20,Endeks_2025-05-21,Ağırlıklı Endeks_2025-05-21,Endeks_2025-05-22,Ağırlıklı Endeks_2025-05-22,Endeks_2025-05-23,Ağırlıklı Endeks_2025-05-23,Endeks_2025-05-24,Ağırlıklı Endeks_2025-05-24,Endeks_2025-05-25,Ağırlıklı Endeks_2025-05-25,Endeks_2025-05-26,Ağırlıklı Endeks_2025-05-26,Endeks_2025-05-27,Ağırlıklı Endeks_2025-05-27,Endeks_2025-05-28,Ağırlıklı Endeks_2025-05-28,Endeks_2025-05-29,Ağırlıklı Endeks_2025-05-29,Endeks_2025-05-30,Ağırlıklı Endeks_2025-05-30,Endeks_2025-05-31,Ağırlıklı Endeks_2025-05-31,Endeks_2025-06-01,Ağırlıklı Endeks_2025-06-01,Endeks_2025-06-02,Ağırlıklı Endeks_2025-06-02,Endeks_2025-06-03,Ağırlıklı Endeks_2025-06-03,Endeks_2025-06-04,Ağırlıklı Endeks_2025-06-04,Endeks_2025-06-05,Ağırlıklı Endeks_2025-06-05,Endeks_2025-06-06,Ağırlıklı Endeks_2025-06-06,Endeks_2025-06-07,Ağırlıklı Endeks_2025-06-07,Endeks_2025-06-08,Ağırlıklı Endeks_2025-06-08,Endeks_2025-06-09,Ağırlıklı Endeks_2025-06-09,Endeks_2025-06-10,Ağırlıklı Endeks_2025-06-10,Endeks_2025-06-11,Ağırlıklı Endeks_2025-06-11,Endeks_2025-06-12,Ağırlıklı Endeks_2025-06-12,Endeks_2025-06-13,Ağırlıklı Endeks_2025-06-13,Endeks_2025-06-14,Ağırlıklı Endeks_2025-06-14,Endeks_2025-06-15,Ağırlıklı Endeks_2025-06-15,Endeks_2025-06-16,Ağırlıklı Endeks_2025-06-16,Endeks_2025-06-17,Ağırlıklı Endeks_2025-06-17,Endeks_2025-06-18,Ağırlıklı Endeks_2025-06-18,Endeks_2025-06-19,Ağırlıklı Endeks_2025-06-19,Endeks_2025-06-20,Ağırlıklı Endeks_2025-06-20,Endeks_2025-06-21,Ağırlıklı Endeks_2025-06-21,Endeks_2025-06-22,Ağırlıklı Endeks_2025-06-22,Endeks_2025-06-23,Ağırlıklı Endeks_2025-06-23,Endeks_2025-06-24,Ağırlıklı Endeks_2025-06-24,Endeks_2025-06-25,Ağırlıklı Endeks_2025-06-25,Endeks_2025-06-26,Ağırlıklı Endeks_2025-06-26,Endeks_2025-06-27,Ağırlıklı Endeks_2025-06-27,Endeks_2025-06-28,Ağırlıklı Endeks_2025-06-28,Endeks_2025-06-29,Ağırlıklı Endeks_2025-06-29,Endeks_2025-06-30,Ağırlıklı Endeks_2025-06-30,Endeks_2025-07-01,Ağırlıklı Endeks_2025-07-01,Endeks_2025-07-02,Ağırlıklı Endeks_2025-07-02,Endeks_2025-07-03,Ağırlıklı Endeks_2025-07-03,Endeks_2025-07-04,Ağırlıklı Endeks_2025-07-04,Endeks_2025-07-05,Ağırlıklı Endeks_2025-07-05,Endeks_2025-07-06,Ağırlıklı Endeks_2025-07-06,Endeks_2025-07-07,Ağırlıklı Endeks_2025-07-07,Endeks_2025-07-08,Ağırlıklı Endeks_2025-07-08,Endeks_2025-07-09,Ağırlıklı Endeks_2025-07-09,Endeks_2025-07-10,Ağırlıklı Endeks_2025-07-10,Endeks_2025-07-11,Ağırlıklı Endeks_2025-07-11,Endeks_2025-07-12,Ağırlıklı Endeks_2025-07-12,Endeks_2025-07-13,Ağırlıklı Endeks_2025-07-13,Endeks_2025-07-14,Ağırlıklı Endeks_2025-07-14,Endeks_2025-07-15,Ağırlıklı Endeks_2025-07-15,Endeks_2025-07-16,Ağırlıklı Endeks_2025-07-16,Endeks_2025-07-17,Ağırlıklı Endeks_2025-07-17,Endeks_2025-07-18,Ağırlıklı Endeks_2025-07-18,Endeks_2025-07-19,Ağırlıklı Endeks_2025-07-19,Endeks_2025-07-20,Ağırlıklı Endeks_2025-07-20,Endeks_2025-07-21,Ağırlıklı Endeks_2025-07-21,Endeks_2025-07-22,Ağırlıklı Endeks_2025-07-22,Endeks_2025-07-23,Ağırlıklı Endeks_2025-07-23,Endeks_2025-07-24,Ağırlıklı Endeks_2025-07-24,Endeks_2025-07-25,Ağırlıklı Endeks_2025-07-25,Endeks_2025-07-26,Ağırlıklı Endeks_2025-07-26,Endeks_2025-07-27,Ağırlıklı Endeks_2025-07-27,Endeks_2025-07-28,Ağırlıklı Endeks_2025-07-28,Endeks_2025-07-29,Ağırlıklı Endeks_2025-07-29,Endeks_2025-07-30,Ağırlıklı Endeks_2025-07-30,Endeks_2025-07-31,Ağırlıklı Endeks_2025-07-31,Endeks_2025-08-01,Ağırlıklı Endeks_2025-08-01,Endeks_2025-08-02,Ağırlıklı Endeks_2025-08-02,Endeks_2025-08-03,Ağırlıklı Endeks_2025-08-03,Endeks_2025-08-04,Ağırlıklı Endeks_2025-08-04,Endeks_2025-08-05,Ağırlıklı Endeks_2025-08-05,Endeks_2025-08-06,Ağırlıklı Endeks_2025-08-06,Endeks_2025-08-07,Ağırlıklı Endeks_2025-08-07,Endeks_2025-08-08,Ağırlıklı Endeks_2025-08-08,Endeks_2025-08-09,Ağırlıklı Endeks_2025-08-09
Antep Fıstığı,0.0,0.0018569051317954,0.0,100.0,0.18569051317954,100.0,0.18569051317954,100.0,0.18569051317954,100.0,0.18569051317954,100.0,0.18569051317954,100.0,0.18569051317954,100.0,0.18569051317954,100.0,0.18569051317954,100.0,0.18569051317954,100.0,0.18569051317954,100.0,0.18569051317954,100.0,0.18569051317954,100.0,0.18569051317954,100.0,0.18569051317954,100.0,0.18569051317954,100.0,0.18569051317954,100.0,0.18569051317954,100.0,0.18569051317954,100.0,0.18569051317954,100.0,0.18569051317954,100.0,0.18569051317954,100.0,0.18569051317954,100.0,0.18569051317954,100.0,0.18569051317954,100.0,0.18569051317954,100.0,0.18569051317954,100.0,0.18569051317954,100.0,0.18569051317954,100.0,0.18569051317954,100.0249473333925,0.18573683801094115,100.0,0.18569051317954,100.0,0.18569051317954,100.0,0.18569051317954,100.0,0.18569051317954,102.54085630166546,0.19040864228525725,102.54085630166546,0.19040864228525725,102.54085630166546,0.19040864228525725,102.54085630166546,0.19040864228525725,102.54085630166546,0.19040864228525725,102.54085630166546,0.19040864228525725,102.54085630166546,0.19040864228525725,102.54085630166546,0.19040864228525725,102.54085630166546,0.19040864228525725,102.54085630166546,0.19040864228525725,102.54085630166546,0.19040864228525725,102.54085630166546,0.19040864228525725,102.54085630166546,0.19040864228525725,102.54085630166546,0.19040864228525725,102.54085630166546,0.19040864228525725,100.17434680935835,0.18601425866454968,100.17434680935835,0.18601425866454968,100.17434680935835,0.18601425866454968,100.17434680935835,0.18601425866454968,100.17434680935835,0.18601425866454968,100.17434680935835,0.18601425866454968,100.17434680935835,0.18601425866454968,100.17434680935835,0.18601425866454968,100.17434680935835,0.18601425866454968,100.17434680935835,0.18601425866454968,0.18601425866454968,100.17434680935835,100.17434680935835,0.18601425866454968,100.17434680935835,0.18601425866454968,103.17987776673479,0.19159524452307192,103.17987776673479,0.19159524452307192,103.17987776673479,0.19159524452307192,103.17987776673479,0.19159524452307192,103.17987776673479,0.19159524452307192,103.17987776673479,0.19159524452307192,103.17987776673479,0.19159524452307192,103.17987776673479,0.19159524452307192,103.17987776673479,0.19159524452307192,103.17987776673479,0.19159524452307192,103.17987776673479,0.19159524452307192,103.17987776673479,0.19159524452307192,103.17987776673479,0.19159524452307192,103.17987776673479,0.19159524452307192,103.17987776673479,0.19159524452307192,103.17987776673479,0.19159524452307192,103.17987776673479,0.19159524452307192,103.17987776673479,0.19159524452307192,103.17987776673479,0.19159524452307192,103.17987776673479,0.19159524452307192,103.17987776673479,0.19159524452307192,103.17987776673479,0.19159524452307192,103.17987776673479,0.19159524452307192,103.17987776673479,0.19159524452307192,103.17987776673479,0.19159524452307192,103.17987776673479,0.19159524452307192,103.17987776673479,0.19159524452307192,103.17987776673479,0.19159524452307192,103.17987776673479,0.19159524452307192,103.17987776673479,0.19159524452307192,103.17987776673479,0.19159524452307192,103.17987776673479,0.19159524452307192,103.17987776673479,0.19159524452307192,103.17987776673479,0.19159524452307192,103.17987776673479,0.19159524452307192,103.17987776673479,0.19159524452307192,103.7674155505002,0.1926862464488696,103.7674155505002,0.1926862464488696,103.7674155505002,0.1926862464488696,103.7674155505002,0.1926862464488696,103.7674155505002,0.1926862464488696,103.7674155505002,0.1926862464488696,103.7674155505002,0.1926862464488696,103.0148130045094,0.19128873491901702,103.0148130045094,0.19128873491901702,103.0148130045094,0.19128873491901702,103.0148130045094,0.19128873491901702,103.0148130045094,0.19128873491901702,105.46775105897854,0.19584360818033697,105.46775105897854,0.19584360818033697,105.46775105897854,0.19584360818033697,106.23204877817088,0.19726283653732474,106.23204877817088,0.19726283653732474,106.23204877817088,0.19726283653732474,106.23204877817088,0.19726283653732474,106.72875085380782,0.19818516517054843,106.72875085380782,0.19818516517054843,106.72875085380782,0.19818516517054843,106.72875085380782,0.19818516517054843,106.72875085380782,0.19818516517054843,106.72875085380782,0.19818516517054843,106.72875085380782,0.19818516517054843,106.72875085380782,0.19818516517054843,106.72875085380782,0.19818516517054843,106.72875085380782,0.19818516517054843,106.72875085380782,0.19818516517054843,106.72875085380782,0.19818516517054843,106.72875085380782,0.19818516517054843,106.72875085380782,0.19818516517054843,106.72875085380782,0.19818516517054843,106.72875085380782,0.19818516517054843,106.72875085380782,0.19818516517054843,106.72875085380782,0.19818516517054843,107.76556905467267,0.2001104382084732,107.76556905467267,0.2001104382084732,107.76556905467267,0.2001104382084732,107.76556905467267,0.2001104382084732,107.76556905467267,0.2001104382084732,107.76556905467267,0.2001104382084732,109.46248181770879,0.2032614442263641,108.07995583090984,0.20069422462663664,108.07995583090984,0.20069422462663664,108.07995583090984,0.20069422462663664,108.07995583090984,0.20069422462663664,108.07995583090984,0.20069422462663664,108.07995583090984,0.20069422462663664,108.43611470033703,0.20135557785901043,108.43611470033703,0.20135557785901043,108.43611470033703,108.43611470033703,0.20135557785901043,0.20135557785901043,108.98031198470551,0.20236610058906337,108.98031198470551,0.20236610058906337,110.37435505411611,0.20495470631859575,110.37435505411611,0.20495470631859575,110.37435505411611,0.20495470631859575,110.37435505411611,0.20495470631859575,110.37435505411611,0.20495470631859575,111.53553757840639,0.2071109121069015,111.53553757840639,0.2071109121069015,111.53553757840639,0.2071109121069015,112.16485969096898,0.2082795035672713,112.16485969096898,0.2082795035672713,112.16485969096898,0.2082795035672713,112.16485969096898,0.2082795035672713,112.16485969096898,0.2082795035672713,112.16485969096898,0.2082795035672713,112.16485969096898,0.2082795035672713,112.16485969096898,0.2082795035672713,112.16485969096898,0.2082795035672713,112.16485969096898,0.2082795035672713,112.16485969096898,0.2082795035672713,114.43841523583428,0.21250128052595357,114.43841523583428,0.21250128052595357,114.43841523583428,0.21250128052595357,117.00460857359714,0.2172664581040246,117.00460857359714,0.2172664581040246,117.00460857359714,0.2172664581040246,117.00460857359714,0.2172664581040246,118.4112278450522,0.21987841664767177,121.54958459573082,0.22570604740341166,121.54958459573082,0.22570604740341166,121.54958459573082,0.22570604740341166,121.54958459573082,0.22570604740341166,121.54958459573082,0.22570604740341166,121.54958459573082,0.22570604740341166,123.85533542005929,0.22998760794174866,123.85533542005929,0.22998760794174866,124.89217959456096,0.23191292921025297,125.60897565444829,0.23324395149230848,129.1499654697019,0.23981923365188815,129.1499654697019,0.23981923365188815,129.1499654697019,0.23981923365188815,129.1499654697019,0.23981923365188815,129.8862151746801,0.24118637950734503,130.0184814360065,0.24143198540676544,131.1725125101568,0.24357491163060646,131.1725125101568,0.24357491163060646,131.22473129728428,0.2436718769643996,130.37595637121925,0.24209578244845018,127.26092130245678,0.23631145784354252,133.05789484104093,0.24707588775622158,133.05789484104093,0.24707588775622158,133.41538241508272,0.24773970826701286,132.50478464568764,0.24604881459602168,132.50478464568764,0.24604881459602168,132.50478464568764,0.24604881459602168,133.671542514372,0.24821537326994433,133.671542514372,0.24821537326994433,133.57220586925771,0.24803091454385628,132.57011269238595,0.24617012258118595,132.57011269238595,0.24617012258118595,132.5470534551667,0.24612730376525824,133.91084846401216,0.24865974171590033,133.91084846401216,0.24865974171590033,134.9202681553205,0.25053413832082616,134.9202681553205,0.25053413832082616,134.71161079522284,0.2501466813980739,134.83444068562244,0.25037476485189475,134.83444068562244,0.25037476485189475,134.83444068562244,0.25037476485189475,135.81952867297457,0.25220397979087894,134.8605041375418,0.2504231622095161,134.8605041375418,0.2504231622095161,134.8605041375418,0.2504231622095161,135.48423381300415,0.25158136904473527,135.48423381300415,0.25158136904473527,135.54447061375768,0.2516932230691774,135.54447061375768,0.2516932230691774,135.70220058829472,0.2519861126683332,135.70220058829472,0.2519861126683332,135.70220058829472,0.2519861126683332,135.70220058829472,0.2519861126683332,134.4550599160857,0.24967029075403752,133.89871597530012,0.2486372128353495,134.66490517072108,0.25005995348425286,133.69763292526352,0.24826382068781946,134.57785056999364,0.24989830134941568,135.56577682753493,0.25173278668687954,135.56577682753493,0.25173278668687954,135.56577682753493,0.25173278668687954,137.135924373664,0.25464840172296255,137.18098539086634,0.2547320757570495,137.18098539086634,0.2547320757570495,137.18098539086634,0.2547320757570495,137.18098539086634,0.2547320757570495,137.18098539086634,0.2547320757570495,137.18098539086634,0.2547320757570495,137.18098539086634,0.2547320757570495,136.72874616871275,0.25389231042463334,138.0513505316195,0.2563482612534499,138.42053781487775,0.2570338070143257,136.52981501709556,0.2535229141483214,136.52981501709556,0.2535229141483214,136.52981501709556,0.2535229141483214,136.52981501709556,0.2535229141483214,137.2614972201587,0.2548815785860327,137.2614972201587,0.2548815785860327,137.2614972201587,0.2548815785860327,141.44828091324516,0.2626560387114423,141.44828091324516,0.2626560387114423,141.44828091324516,0.2626560387114423,141.44828091324516,0.2626560387114423,140.7518620375546,0.2613628549272933,140.7518620375546,0.2613628549272933,143.02622950196363,0.2655861395435429,144.41639647156686,0.2681675477234516,144.41639647156686,0.2681675477234516,144.41639647156686,0.2681675477234516,144.41639647156686,0.2681675477234516,145.41257055281034,0.27001734848707415,145.41257055281034,0.27001734848707415,145.41257055281034,0.27001734848707415,143.52571639411605,0.26651363931684524,143.80004755241137,0.26702304625249523,143.80004755241137,0.26702304625249523,143.80004755241137,0.26702304625249523,146.54556207320456,0.2721212062555749,146.54556207320456,0.2721212062555749,144.37371999837333,0.2680883015613716,144.37371999837333,0.2680883015613716,144.37371999837333,0.2680883015613716
Armut,1.0,0.0024844708077349,-1.8482882446374416,100.0,0.24844708077349,99.66307277628027,0.2476099949218272,99.66307277628027,0.2476099949218272,99.66307277628027,0.2476099949218272,99.66307277628027,0.2476099949218272,99.66307277628027,0.2476099949218272,100.00697571891754,0.24846441174350362,99.1982939745597,0.24645526555689842,99.1982939745597,0.24645526555689842,99.55257359589744,0.24733546293388742,99.55257359589744,0.24733546293388742,99.55257359589744,0.24733546293388742,99.89944667461384,0.24819725897194744,99.89944667461384,0.24819725897194744,99.89944667461384,0.24819725897194744,99.89944667461384,0.24819725897194744,99.89944667461384,0.24819725897194744,99.89944667461384,0.24819725897194744,99.55965263830568,0.2473530506080974,99.42089354055193,0.24700830768042056,99.21099721358382,0.24648682638341754,99.3527272096032,0.24683895042110807,99.70404519832178,0.2477117897083115,99.70404519832178,0.2477117897083115,99.70404519832178,0.2477117897083115,94.60822938828396,0.23505138408667856,94.60822938828396,0.23505138408667856,101.5082342433059,0.2521942447222097,101.0106448597603,0.2509579984245518,101.03245292927852,0.2510121799366429,101.0106448597603,0.2509579984245518,101.0106448597603,0.2509579984245518,101.0106448597603,0.2509579984245518,101.23039245553925,0.25150395491133454,101.23039245553925,0.25150395491133454,101.23039245553925,0.25150395491133454,101.23039245553925,0.25150395491133454,101.23039245553925,0.25150395491133454,101.23039245553925,0.25150395491133454,101.23039245553925,0.25150395491133454,101.59192957145196,0.2524021833217323,101.59192957145196,0.2524021833217323,102.4414788082864,0.254512863600381,102.30659865185685,0.254177757789189,102.30659865185685,0.254177757789189,102.30659865185685,0.254177757789189,102.30659865185685,0.254177757789189,102.30659865185685,0.254177757789189,102.30659865185685,0.254177757789189,102.30659865185685,0.254177757789189,102.30659865185685,0.254177757789189,102.30659865185685,0.254177757789189,102.30659865185685,0.254177757789189,102.30659865185685,0.254177757789189,102.30659865185685,0.254177757789189,102.30659865185685,0.254177757789189,102.44255426473342,0.2545155355405286,101.97046833075582,0.253342651818819,101.9702564900616,0.2533421255067983,0.2533421255067983,101.9702564900616,103.08941685397173,0.256122646760107,102.40556573934714,0.2544236386289852,99.38645042308598,0.24692273476054902,99.38645042308598,0.24692273476054902,97.39673169589706,0.24197933666724472,97.73287227120642,0.24281446811389604,97.73287227120642,0.24281446811389604,97.73287227120642,0.24281446811389604,95.9581856963528,0.2384053111257932,95.85549996300747,0.23815019141892588,95.85549996300747,0.23815019141892588,95.85549996300747,0.23815019141892588,95.85549996300747,0.23815019141892588,96.20218351869356,0.23901151659254968,96.20218351869356,0.23901151659254968,96.20218351869356,0.23901151659254968,96.20218351869356,0.23901151659254968,96.20218351869356,0.23901151659254968,96.20218351869356,0.23901151659254968,96.20218351869356,0.23901151659254968,96.20218351869356,0.23901151659254968,96.20218351869356,0.23901151659254968,96.20218351869356,0.23901151659254968,96.20218351869356,0.23901151659254968,96.20218351869356,0.23901151659254968,89.43004544868771,0.22218633725166997,89.43004544868771,0.22218633725166997,89.43004544868771,0.22218633725166997,89.43004544868771,0.22218633725166997,89.43004544868771,0.22218633725166997,94.21658622612117,0.23407835808323613,94.21658622612117,0.23407835808323613,94.21658622612117,0.23407835808323613,94.21658622612117,0.23407835808323613,94.21658622612117,0.23407835808323613,94.21658622612117,0.23407835808323613,95.20280292481276,0.23652858468123605,95.20280292481276,0.23652858468123605,95.20280292481276,0.23652858468123605,95.20280292481276,0.23652858468123605,96.1861731074138,0.23897173919310527,96.1861731074138,0.23897173919310527,96.1861731074138,0.23897173919310527,96.1861731074138,0.23897173919310527,99.31815273137772,0.24675305113926418,99.31815273137772,0.24675305113926418,99.31815273137772,0.24675305113926418,99.31815273137772,0.24675305113926418,97.15161206860911,0.24137034410884495,97.15161206860911,0.24137034410884495,97.15161206860911,0.24137034410884495,94.9532907653912,0.2359086790049783,92.86074294850776,0.23070980504014202,95.66562294710032,0.23767844751584472,97.88043588528316,0.24318108560535356,97.88043588528316,0.24318108560535356,97.88043588528316,0.24318108560535356,97.40673819397412,0.24200419751960484,97.40673819397412,0.24200419751960484,97.40673819397412,0.24200419751960484,95.28189340657975,0.23672508267435585,95.28189340657975,0.23672508267435585,93.10368167443498,0.2313133792127765,93.10368167443498,0.2313133792127765,97.30626060373326,0.24175456387981986,97.30626060373326,0.24175456387981986,97.30626060373326,0.24175456387981986,97.30626060373326,0.24175456387981986,97.30626060373326,0.24175456387981986,97.30626060373326,0.24175456387981986,97.30626060373326,0.24175456387981986,96.59463140383812,0.23998654190674865,96.59463140383812,0.23998654190674865,96.59463140383812,0.23998654190674865,95.59399659511647,0.2375004939352763,94.80002635182558,0.2355278980436099,94.80002635182558,0.2355278980436099,94.80002635182558,0.2355278980436099,94.80002635182558,0.2355278980436099,94.80002635182558,0.2355278980436099,94.80002635182558,0.2355278980436099,94.80002635182558,0.2355278980436099,94.80002635182558,0.2355278980436099,94.80002635182558,0.2355278980436099,94.80002635182558,0.2355278980436099,96.59463140383797,0.23998654190674826,96.59463140383797,0.23998654190674826,96.59463140383797,0.23998654190674826,96.59463140383797,0.23998654190674826,96.59463140383797,0.23998654190674826,96.59463140383797,96.59463140383797,0.23998654190674826,0.23998654190674826,95.89931932246213,0.2382590593383046,96.42513443935209,0.23956543164648342,96.16146631688072,0.23891035589327303,95.18671720009304,0.2364886201677487,94.07517140102217,0.23372701707849675,93.7495029660854,0.23291790335889562,93.7495029660854,0.23291790335889562,96.00772709992769,0.2385283952967492,96.27660388047708,0.23919641180890192,96.79347912279889,0.24048057325969133,95.18956274638295,0.236495689844438,96.6378214972058,0.24009384643290402,96.6378214972058,0.24009384643290402,96.6378214972058,0.24009384643290402,101.84240508003175,0.2530244824108514,104.50312157603723,0.25963495487283567,107.04909480552224,0.26596035103876575,106.58284171759635,0.2648019588527976,103.4323278673837,0.2569745991625798,103.4323278673837,0.2569745991625798,102.40554596945759,0.25442358951127175,104.26354869219767,0.2590397430366114,103.9534472994446,0.2582693051788785,103.63513407100682,0.257478465255109,109.78647649909435,0.27276129594607357,108.60173254527375,0.26981783417816585,108.87590802045426,0.2704990151424487,109.10960826188152,0.2710796365700353,108.4803044685778,0.2695161496663754,109.2125007668608,0.271335269994991,108.57102235185927,0.2697415355991277,109.41049669391916,0.27182718509581794,110.42526893265396,0.2743483570994544,110.77016554084169,0.27520524265418356,111.04037510941183,0.2758765704392667,112.05853401842762,0.27840615652635164,113.03049405062973,0.28082096285264285,114.84981239347891,0.2853410061654283,113.3458091193857,0.28160435393620603,113.78064327271238,0.28268468669635227,113.33324568819833,0.281573140458176,113.82071350725889,0.28278424002434216,113.9567656998604,0.28312225772518895,116.2009942680316,0.28869797808869496,116.26092340888563,0.2888468702896794,115.86336649143011,0.28785915173384813,115.34569550037652,0.28657301326856427,115.34569550037652,0.28657301326856427,115.08025866601379,0.2859135432022925,116.22841541655349,0.2887661051317122,116.41683758862027,0.2892342345177421,118.54934538829056,0.2945323878932899,117.34717191545381,0.29154562299419373,116.50843246669982,0.28946179931846877,116.11830038755835,0.28849252755668087,116.54997340528762,0.28956500656771605,118.619014856688,0.29470547965371374,119.88408645697825,0.29784851311432936,120.0756252660097,0.2983243856939163,118.61093240145935,0.29468539902964336,118.61470245278892,0.29469476561211533,118.14996944227974,0.29354015001411454,118.57372102212989,0.29459294844398376,118.57372102212989,0.29459294844398376,117.54173506459308,0.2920290094584912,114.8171309475673,0.2852598100671063,113.26600378651874,0.2814060799163965,113.15741389661014,0.2811362915049034,112.59804546068881,0.27974655695508854,113.255946711184,0.2813810934063161,114.19754954352675,0.2837204781557522,113.35189690203981,0.28161947885449395,113.77157869856573,0.28266216602650035,112.64238752157651,0.27985672351091884,110.26185696002338,0.2739423648238193,110.13411664271233,0.27362499773448923,109.1370620772593,0.2711478447729024,109.60338965988139,0.27230642203876854,108.09635589745463,0.2685622406497483,106.87987142492123,0.26553992048967634,104.94123116933956,0.26072342536798393,104.63778643640332,0.2599695257872429,104.07787529670007,0.2585784429057246,104.53903459395717,0.2597241797174754,103.20424540013089,0.25640793493093406,101.2628864546102,0.25158468530345285,100.96459634304938,0.250843592229044,100.728789309716,0.2502577365384687,99.93092828067914,0.24827547410319728,98.4286740663242,0.2445431673618357,100.45386155158846,0.24957468654916481,101.13138209431698,0.2512579665592145,100.85549690902805,0.25057253787007766,102.06840193665927,0.2535859650037823,100.44479165421139,0.24955215265390232,101.36241032372118,0.25183194945093196,100.6168989563654,0.249979748221902,100.80514019393378,0.2504474280814525,100.77159273593527,0.25036408040138153,100.55240439294673,0.24981951336183067,102.18441027058054,0.2538741843228637,101.94517053981727,0.25327980019573193,100.14296980995987,0.2488022850927227,100.27160286151009,0.24912187015420909,100.72035158176516,0.25023677324969124,101.66409227218145,0.25258146944510207,99.35025122987525,0.24683279892175344,99.5580310643686,0.24734902185498814,99.3571595042423,0.2468499623277502,98.97950709834295,0.2459116959498224,99.25252787756598,0.24659000810570705,99.864818919508,0.24811122732524957,101.41357332448875,0.2519590624327751,100.77617128844922,0.2503754556814441,100.43904465096092,0.2495378743920946,99.7196475864512,0.24775055338615,99.88744106883992,0.24816743139487296,99.88744106883992,0.24816743139487296,100.60081074685456,0.24993977753502358,101.34077169130751,0.2517781889003809,101.80726963647393,0.25293718942701515,101.80902887530114,0.2529415602045252,189.83999976747825,0.4716519375626999,189.83999976747825,0.4716519375626999,189.83999976747825,0.4716519375626999,189.83999976747825,0.4716519375626999,189.83999976747825,0.4716519375626999,179.83731814837068,0.4468005670809607,190.4888869725869,0.47326407888130506,190.4888869725869,0.47326407888130506,186.96810326733188,0.46451679454525024
Ay Çekirdeği,2.0,0.0068204482008872,-0.3194229819891037,100.0,0.68204482008872,98.85714285714285,0.6742500221448489,98.85714285714285,0.6742500221448489,98.85714285714285,0.6742500221448489,98.85714285714285,0.6742500221448489,98.85714285714285,0.6742500221448489,98.85714285714285,0.6742500221448489,98.85714285714285,0.6742500221448489,98.2075713402244,0.6698196532609348,98.14380019000347,0.6693847054341421,98.14380019000347,0.6693847054341421,98.14380019000347,0.6693847054341421,98.14380019000347,0.6693847054341421,98.14380019000347,0.6693847054341421,98.14380019000347,0.6693847054341421,98.14380019000347,0.6693847054341421,97.55863562888968,0.6653936208560705,97.55863562888968,0.6653936208560705,97.55863562888968,0.6653936208560705,97.55863562888968,0.6653936208560705,97.55863562888968,0.6653936208560705,100.72714162904757,0.6870042519043477,100.72714162904757,0.6870042519043477,100.72714162904757,0.6870042519043477,100.72714162904757,0.6870042519043477,100.72714162904757,0.6870042519043477,100.72714162904757,0.6870042519043477,100.72714162904757,0.6870042519043477,100.72714162904757,0.6870042519043477,100.75833074646098,0.6872169756640972,100.72714162904757,0.6870042519043477,100.72714162904757,0.6870042519043477,101.29672963230702,0.6908890973764256,101.53791232190778,0.6925340714177982,101.53791232190778,0.6925340714177982,101.53791232190778,0.6925340714177982,101.53791232190778,0.6925340714177982,101.53791232190778,0.6925340714177982,101.53791232190778,0.6925340714177982,101.53791232190778,0.6925340714177982,101.53791232190778,0.6925340714177982,101.53791232190778,0.6925340714177982,101.54204256565662,0.6925622415313442,101.54204256565662,0.6925622415313442,101.54204256565662,0.6925622415313442,101.54204256565662,0.6925622415313442,101.54204256565662,0.6925622415313442,101.54204256565662,0.6925622415313442,101.54204256565662,0.6925622415313442,101.5502939911861,0.6926185199517514,101.5502939911861,0.6926185199517514,101.5502939911861,0.6926185199517514,101.5502939911861,0.6926185199517514,101.5502939911861,0.6926185199517514,101.5502939911861,0.6926185199517514,101.5502939911861,0.6926185199517514,101.5502939911861,0.6926185199517514,101.5502939911861,0.6926185199517514,101.5502939911861,0.6926185199517514,0.6926185199517514,101.5502939911861,101.5502939911861,0.6926185199517514,101.5502939911861,0.6926185199517514,101.5502939911861,0.6926185199517514,101.5502939911861,0.6926185199517514,101.53540391875336,0.6925169629840165,101.53540391875336,0.6925169629840165,101.53540391875336,0.6925169629840165,101.53540391875336,0.6925169629840165,101.53540391875336,0.6925169629840165,101.53540391875336,0.6925169629840165,101.53540391875336,0.6925169629840165,101.53540391875336,0.6925169629840165,101.53540391875336,0.6925169629840165,101.53540391875336,0.6925169629840165,101.53540391875336,0.6925169629840165,101.53540391875336,0.6925169629840165,101.53540391875336,0.6925169629840165,101.53540391875336,0.6925169629840165,101.53540391875336,0.6925169629840165,101.53540391875336,0.6925169629840165,101.53540391875336,0.6925169629840165,101.53540391875336,0.6925169629840165,101.53540391875336,0.6925169629840165,101.53540391875336,0.6925169629840165,101.53540391875336,0.6925169629840165,101.53540391875336,0.6925169629840165,101.53540391875336,0.6925169629840165,101.53540391875336,0.6925169629840165,101.53540391875336,0.6925169629840165,101.53540391875336,0.6925169629840165,101.53540391875336,0.6925169629840165,101.53540391875336,0.6925169629840165,101.53540391875336,0.6925169629840165,102.54214376802626,0.6993833799777514,102.54214376802626,0.6993833799777514,102.54214376802626,0.6993833799777514,102.54214376802626,0.6993833799777514,103.34180355877469,0.7048374181588832,103.34180355877469,0.7048374181588832,103.34180355877469,0.7048374181588832,103.34180355877469,0.7048374181588832,103.34180355877469,0.7048374181588832,103.34180355877469,0.7048374181588832,103.34180355877469,0.7048374181588832,103.34180355877469,0.7048374181588832,103.34180355877469,0.7048374181588832,103.34180355877469,0.7048374181588832,103.34180355877469,0.7048374181588832,103.34180355877469,0.7048374181588832,103.34350066663842,0.7048489931951591,103.68364603100537,0.7071689370335958,103.68364603100537,0.7071689370335958,103.78535245132794,0.7078626204051036,104.50100855246285,0.7127437157725431,104.50100855246285,0.7127437157725431,104.50100855246285,0.7127437157725431,104.50100855246285,0.7127437157725431,103.55936408577277,0.7063212784638314,102.3182828083278,0.6978565478979271,102.3182828083278,0.6978565478979271,102.3182828083278,0.6978565478979271,102.3182828083278,0.6978565478979271,102.3182828083278,0.6978565478979271,102.3182828083278,0.6978565478979271,102.99972437438151,0.7025042848011279,102.99972437438151,0.7025042848011279,102.99972437438151,0.7025042848011279,102.99972437438151,0.7025042848011279,102.99972437438151,0.7025042848011279,102.99972437438151,0.7025042848011279,102.99972437438151,0.7025042848011279,104.07285056784534,0.7098234864166632,104.07285056784534,0.7098234864166632,104.07285056784534,0.7098234864166632,104.07285056784534,0.7098234864166632,104.07285056784534,0.7098234864166632,104.07285056784534,0.7098234864166632,104.07285056784534,0.7098234864166632,104.07285056784534,0.7098234864166632,104.07285056784534,0.7098234864166632,104.07285056784534,0.7098234864166632,104.07285056784534,0.7098234864166632,104.07285056784534,0.7098234864166632,104.07285056784534,0.7098234864166632,104.07285056784534,0.7098234864166632,104.07285056784534,0.7098234864166632,104.07285056784534,0.7098234864166632,104.07285056784534,0.7098234864166632,102.95553083490105,0.7022028650542875,102.95553083490105,0.7022028650542875,102.95553083490105,102.95553083490105,0.7022028650542875,0.7022028650542875,102.95553083490105,0.7022028650542875,102.95553083490105,0.7022028650542875,102.95553083490105,0.7022028650542875,102.95553083490105,0.7022028650542875,102.95553083490105,0.7022028650542875,102.95553083490105,0.7022028650542875,102.95553083490105,0.7022028650542875,102.95553083490105,0.7022028650542875,102.95553083490105,0.7022028650542875,102.95553083490105,0.7022028650542875,102.95553083490105,0.7022028650542875,102.95553083490105,0.7022028650542875,102.95553083490105,0.7022028650542875,102.95553083490105,0.7022028650542875,102.95553083490105,0.7022028650542875,102.95553083490105,0.7022028650542875,102.95553083490105,0.7022028650542875,102.95553083490105,0.7022028650542875,103.66168591710722,0.707019159214268,103.66168591710722,0.707019159214268,103.66168591710722,0.707019159214268,105.57353343225542,0.7200588161593311,105.57353343225542,0.7200588161593311,105.57353343225542,0.7200588161593311,105.57353343225542,0.7200588161593311,105.57353343225542,0.7200588161593311,105.57353343225542,0.7200588161593311,105.57353343225542,0.7200588161593311,105.57353343225542,0.7200588161593311,109.68147946890137,0.7480768493143147,109.68147946890137,0.7480768493143147,109.68147946890137,0.7480768493143147,109.68147946890137,0.7480768493143147,109.68147946890137,0.7480768493143147,109.68147946890137,0.7480768493143147,109.68147946890137,0.7480768493143147,104.75107588762793,0.7144492870787705,104.75107588762793,0.7144492870787705,104.75107588762793,0.7144492870787705,104.75107588762793,0.7144492870787705,104.75107588762793,0.7144492870787705,104.75107588762793,0.7144492870787705,104.75107588762793,0.7144492870787705,104.93557323278885,0.7157076416646417,107.36432365428516,0.7322728081073403,107.36432365428516,0.7322728081073403,107.36432365428516,0.7322728081073403,107.36432365428516,0.7322728081073403,107.87371885789196,0.7357471117073208,107.2207762447885,0.7312937504364967,108.64161558339302,0.7409845115472317,107.6358422095658,0.7341246863492116,107.6358422095658,0.7341246863492116,107.6358422095658,0.7341246863492116,107.6358422095658,0.7341246863492116,107.77570507484016,0.7350786137770431,107.38418163824606,0.7324082484583196,106.98140260833058,0.7296611149483775,106.72655285139874,0.7279229253822151,107.74442713665024,0.7348652842197881,106.46722358336605,0.7261541835426242,106.11760719116525,0.7237696430494376,107.09544578141741,0.730438940503081,107.09544578141741,0.730438940503081,107.1426638105224,0.7307609886247396,107.78256184829944,0.7351253800452473,107.78256184829944,0.7351253800452473,107.90958210605038,0.7359917151337009,107.90958210605038,0.7359917151337009,107.90958210605038,0.7359917151337009,109.76818220967522,0.7486682008666377,109.25188919696302,0.7451468511169541,109.6921780065533,0.748149818136195,109.6921780065533,0.748149818136195,110.12929404233267,0.7511311454160053,110.12929404233267,0.7511311454160053,110.12929404233267,0.7511311454160053,109.79213088081082,0.7488315415375981,112.04484923520582,0.7641960903849371,112.04484923520582,0.7641960903849371,111.93762903963818,0.763464800594979,111.93762903963818,0.763464800594979,111.93762903963818,0.763464800594979,111.93762903963818,0.763464800594979,112.26635501516814,0.7657068590833672,110.28126564364509,0.7521676598507625,111.58736905868425,0.7610758705380389,111.58736905868425,0.7610758705380389,111.58736905868425,0.7610758705380389,111.58736905868425,0.7610758705380389,111.58736905868425,0.7610758705380389,112.36453560716512,0.766376494725415,112.36453560716512,0.766376494725415,112.36453560716512,0.766376494725415,110.72506415572644,0.7551945646140442,110.72506415572644,0.7551945646140442,110.72506415572644,0.7551945646140442,111.16136476359146,0.7581703303100031,111.16136476359146,0.7581703303100031,111.4421170343324,0.7600851866298731,110.42997361861168,0.753181914891081,111.82571594779753,0.7627015031490787,112.02645420415362,0.7640706280284919,112.02645420415362,0.7640706280284919,112.38933022926405,0.7665456051611014,112.38933022926405,0.7665456051611014,111.73920839880572,0.7621114828921943,112.61960778756503,0.76811620131932,113.5375320188791,0.7743768559913369,112.9549138352488,0.7704031388489914,113.30293100552733,0.7727767719318954,113.30293100552733,0.7727767719318954,113.84359830083078,0.7764643652134263,114.54404088444554,0.7812416975726664,112.18049428359238,0.7651212504111645,112.18049428359238,0.7651212504111645,112.18049428359238,0.7651212504111645,112.18049428359238,0.7651212504111645,112.18049428359238,0.7651212504111645,114.14142040435593,0.778495645443599,114.9042543791355,0.7836985150544599,115.22793938165606,0.7859061918475554,112.7156649458956,0.768771354192038,111.76664100716714,0.7622985855765386,111.76664100716714,0.7622985855765386,111.76664100716714,0.7622985855765386,112.49333132279187,0.7672549392323436,111.53711012261367,0.7607330820679379,111.19846643894418,0.7584233803649125,111.19846643894418,0.7584233803649125,110.84327298151877,0.7560008017872485
Ayran,3.0,0.0016617123269914,0.4926475425119703,100.0,0.16617123269914,100.0,0.16617123269914,100.0,0.16617123269914,100.0,0.16617123269914,99.4932046892831,0.1653290846840603,99.4932046892831,0.1653290846840603,99.4932046892831,0.1653290846840603,99.4932046892831,0.1653290846840603,98.8296644738172,0.16422647172856608,99.15422823235193,0.16476580332701787,99.15422823235193,0.16476580332701787,99.15422823235193,0.16476580332701787,99.15422823235193,0.16476580332701787,99.15422823235193,0.16476580332701787,99.15422823235193,0.16476580332701787,99.15422823235193,0.16476580332701787,99.15422823235193,0.16476580332701787,98.88607330394753,0.1643202069769448,98.88607330394753,0.1643202069769448,98.88607330394753,0.1643202069769448,98.88607330394753,0.1643202069769448,99.2224693119951,0.16487920037026815,98.43945053525331,0.1635780484166906,98.43945053525331,0.1635780484166906,98.43945053525331,0.1635780484166906,99.6241710603699,0.16554671311731656,99.6241710603699,0.16554671311731656,99.6241710603699,0.16554671311731656,99.6241710603699,0.16554671311731656,99.79862833050122,0.16583661091362703,99.66611219328897,0.16561640721489615,99.66611219328897,0.16561640721489615,99.66611219328897,0.16561640721489615,100.41917760176608,0.16686778528719337,99.99468750870707,0.1661624048668715,99.99468750870707,0.1661624048668715,99.99468750870707,0.1661624048668715,99.95985971896721,0.1661045310993389,99.91850842564737,0.16603581714549231,99.91850842564737,0.16603581714549231,100.6403586818199,0.1672353246144161,100.6403586818199,0.1672353246144161,100.6403586818199,0.1672353246144161,100.6403586818199,0.1672353246144161,100.6403586818199,0.1672353246144161,100.6403586818199,0.1672353246144161,100.6403586818199,0.1672353246144161,100.6403586818199,0.1672353246144161,100.6403586818199,0.1672353246144161,100.65192339906312,0.16725454184761732,100.65192339906312,0.16725454184761732,100.65192339906312,0.16725454184761732,100.65192339906312,0.16725454184761732,100.65192339906312,0.16725454184761732,100.02506089264425,0.16621287669337234,100.02506089264425,0.16621287669337234,100.86869437636574,0.16761475285273505,100.86869439382737,0.16761475288175126,100.86870331773541,0.16761476771071926,0.16761476771071926,100.86870331773541,100.8689805157685,0.16761522833410786,101.01973221639248,0.16786573429334964,101.75571462410306,0.16908872533269112,101.75571462410306,0.16908872533269112,101.75571462410306,0.16908872533269112,101.75571462410306,0.16908872533269112,101.44051198560868,0.1685649492228048,101.44051198560868,0.1685649492228048,101.6246615556664,0.16887095283337988,101.6246615556664,0.16887095283337988,101.49326453222017,0.1686526087797893,102.65907336317758,0.17058984768510665,103.81372548603207,0.17250854735104076,103.81372548603207,0.17250854735104076,105.75884253775052,0.17574077233332247,105.75884253775052,0.17574077233332247,109.02524150993355,0.18116858777027106,109.50727833198566,0.1819695942995388,109.50727833198566,0.1819695942995388,109.50727833198566,0.1819695942995388,109.50727833198566,0.1819695942995388,109.8520724811395,0.18254254298746225,109.8520724811395,0.18254254298746225,109.8520724811395,0.18254254298746225,110.46383211050099,0.18355911150472792,114.16061917707674,0.18970210814351923,115.82452748049828,0.19246704508229814,115.82452748049828,0.19246704508229814,116.1821670941503,0.19306133923692415,116.85997070244072,0.1941876538480996,116.8313356028911,0.19414007055019336,116.97628278952624,0.1943809310769877,117.3905365658682,0.19506930168363787,117.6521120050253,0.19550396481532342,117.6521120050253,0.19550396481532342,117.6521120050253,0.19550396481532342,117.6521120050253,0.19550396481532342,117.6521120050253,0.19550396481532342,118.98603976011938,0.19772056900927923,118.4791301031592,0.19687823098363752,118.6718527179814,0.19719848052837755,118.6718527179814,0.19719848052837755,118.6718527179814,0.19719848052837755,119.11307732117244,0.197931668890472,118.98774065207473,0.1977233954024083,118.98774065207473,0.1977233954024083,119.37223885398957,0.19836232080423621,119.37223885398957,0.19836232080423621,119.37223885398957,0.19836232080423621,119.37223885398957,0.19836232080423621,119.81807354625478,0.19910316980817375,119.43213930997236,0.1984618581303352,119.56070414982437,0.19867549590953498,120.11131728277249,0.19959045653995822,118.71159169777954,0.1972645152809702,118.71159169777954,0.1972645152809702,118.71159169777954,0.1972645152809702,119.18433568231137,0.19805007978757777,119.24616375908872,0.19815282026491285,119.24616375908872,0.19815282026491285,119.24616375908872,0.19815282026491285,119.24616375908872,0.19815282026491285,119.24616375908872,0.19815282026491285,119.24616375908872,0.19815282026491285,119.24616375908872,0.19815282026491285,119.50468017666269,0.1985824001827252,119.07138182188277,0.1978623829653223,119.07138182188277,0.1978623829653223,119.07138182188277,0.1978623829653223,119.07138182188277,0.1978623829653223,119.07138182188277,0.1978623829653223,119.07138182188277,0.1978623829653223,119.40488277106458,0.19841656560364104,119.40488277106458,0.19841656560364104,119.40488277106458,0.19841656560364104,119.40488277106458,0.19841656560364104,119.40488277106458,0.19841656560364104,119.17474829524556,0.19803414830830687,119.17474829524556,0.19803414830830687,119.17474829524556,0.19803414830830687,119.36132621040126,0.19834418712986546,119.36132621040126,0.19834418712986546,118.6677631175491,0.19719168478892674,118.6677631175491,0.19719168478892674,118.68261240988505,0.1972163600410485,118.68261240988505,0.1972163600410485,118.68261240988505,0.1972163600410485,118.68261240988505,0.1972163600410485,118.68261240988505,0.1972163600410485,118.68261240988505,0.1972163600410485,118.68261240988505,118.68261240988505,0.1972163600410485,0.1972163600410485,118.68261240988505,0.1972163600410485,118.68261240988505,0.1972163600410485,119.33534736325477,0.1983010177593211,119.33534736325477,0.1983010177593211,119.33534736325477,0.1983010177593211,119.33534736325477,0.1983010177593211,119.33534736325477,0.1983010177593211,119.33534736325477,0.1983010177593211,119.33534736325477,0.1983010177593211,119.33078795915489,0.1982934413413246,119.33078795915489,0.1982934413413246,119.33078795915489,0.1982934413413246,119.33078795915489,0.1982934413413246,119.33078795915489,0.1982934413413246,119.33078795915489,0.1982934413413246,119.33078795915489,0.1982934413413246,119.33078795915489,0.1982934413413246,119.33078795915489,0.1982934413413246,118.88454109348004,0.19755190742375142,118.88454109348004,0.19755190742375142,118.88454109348004,0.19755190742375142,118.88454109348004,0.19755190742375142,118.88454109348004,0.19755190742375142,119.13272721664092,0.19796432136399605,118.63066293662241,0.19713003496094725,118.63066293662241,0.19713003496094725,118.63066293662241,0.19713003496094725,118.63066293662241,0.19713003496094725,118.63066293662241,0.19713003496094725,118.89433579059249,0.19756818339268234,118.92196800226425,0.19761410017943934,118.96914299422569,0.1976924914451074,118.82699203016753,0.19745627743583824,118.82699203016753,0.19745627743583824,118.82699203016753,0.19745627743583824,118.6446322008406,0.19715324785949762,118.79436945351345,0.19740206809807392,119.04113670178258,0.19781212427642048,119.02915145777757,0.19779220824871535,118.69430398628342,0.19723578807767161,117.90267127354026,0.1959203222404567,117.90267127354026,0.1959203222404567,118.32183489509008,0.19661685159741235,118.4873194050388,0.1968918392475203,119.06570225173341,0.1978529451535931,117.73030379322454,0.1956338970736436,117.73030379322454,0.1956338970736436,117.89173020491899,0.19590214133185824,118.59839849375359,0.19707642073850862,118.62009384531366,0.1971124721716344,118.40226585392048,0.1967505047131726,118.67354470164948,0.19720129211849588,118.7973718085945,0.1974070571485221,118.37061171689936,0.1966979046434843,118.37061171689936,0.1966979046434843,118.37061171689936,0.1966979046434843,119.47192294811435,0.19852796709224835,118.77644685665875,0.19737228589794878,118.67865847473567,0.19720978973827064,118.67865847473567,0.19720978973827064,118.44962574235008,0.196829203223581,118.22244073014502,0.19645168708829214,118.27438830474813,0.19653800901336743,118.27438830474813,0.19653800901336743,117.80716949080781,0.1957616257508405,117.80716949080781,0.1957616257508405,117.64780707501951,0.19549681126006596,117.64780707501951,0.19549681126006596,117.3650959983856,0.19502702677904638,117.3650959983856,0.19502702677904638,117.5950667246463,0.19540917196972096,117.86659289631956,0.1958603703562912,118.29114884265348,0.19656586020581177,118.13004294557207,0.1962981485506806,118.05543865188054,0.19617417767620687,118.05543865188054,0.19617417767620687,118.15698546308906,0.19634291926415873,118.17486010314164,0.19637262177387466,118.17486010314164,0.19637262177387466,118.76169291912082,0.19734776909807034,118.24406740482945,0.1964876244002071,118.0473203616385,0.19616068741323758,118.27719885098249,0.19654267933269065,118.27719885098249,0.19654267933269065,118.77221271321481,0.19736524996959373,119.19735405615732,0.19807171257987496,119.42405382878145,0.19844842238657065,119.18517399326917,0.19805147281923022,118.98831030066313,0.19772434199448968,118.98831030066313,0.19772434199448968,118.84538799660787,0.19748684624003907,119.3258035868617,0.19828515874844269,119.3258035868617,0.19828515874844269,119.2007542034928,0.19807736264661593,118.93681647854359,0.19763877407550975,118.93681647854359,0.19763877407550975,118.93681647854359,0.19763877407550975,118.93681647854359,0.19763877407550975,118.93681647854359,0.19763877407550975,118.79470317514316,0.19740262264741978,118.4974813798386,0.1969087255263117,118.40182798518148,0.19674977710129138,118.2794390330445,0.1965464018708378,118.2794390330445,0.1965464018708378,118.2794390330445,0.1965464018708378,118.63912584274942,0.19714409787638068,118.77815486035684,0.1973751241087484,118.6544521388523,0.19716956577154196,118.46989489463446,0.1968628847237896,118.01670623394122,0.19610981553986293,118.01670623394122,0.19610981553986293,118.01670623394122,0.19610981553986293,118.13206152384726,0.19630150284708345,117.76073537984982,0.19568446561626873,118.00003019111254,0.19608210475392907,118.00003019111254,0.19608210475392907,118.00003019111254,0.19608210475392907,118.00003019111254,0.19608210475392907,118.00003019111254,0.19608210475392907,118.30126336756312,0.19658266763653579,118.30126336756312,0.19658266763653579,118.30126336756312,0.19658266763653579,119.73436554624956,0.19896407119269727,119.24998646192566,0.19815917249733944,119.41685817640162,0.19843646528231032,119.54603924898979,0.19865112706304405,120.6749701973813,0.20052708553630832,122.55562867726746,0.20365219891519606,122.93508201023178,0.20428274119610085,124.23817314556575,0.2064481037988785,124.85022945242916,0.2074651653088063
Ayva,4.0,0.0009217428686332,0.0,100.0,0.09217428686332,100.0,0.09217428686332,100.0,0.09217428686332,100.0,0.09217428686332,100.0,0.09217428686332,100.0,0.09217428686332,100.0,0.09217428686332,100.0,0.09217428686332,100.0,0.09217428686332,100.0,0.09217428686332,100.0,0.09217428686332,100.0,0.09217428686332,100.0,0.09217428686332,100.0,0.09217428686332,100.0,0.09217428686332,100.0,0.09217428686332,100.0,0.09217428686332,100.0,0.09217428686332,87.49218261413384,0.08064529538573151,84.55826057452074,0.07794097366859237,93.96930793952029,0.08661553946364997,93.96930793952029,0.08661553946364997,93.96930793952029,0.08661553946364997,93.96930793952029,0.08661553946364997,93.96930793952029,0.08661553946364997,95.1083298539387,0.08766542479048207,95.1083298539387,0.08766542479048207,95.1083298539387,0.08766542479048207,95.1083298539387,0.08766542479048207,95.25433127132584,0.087800000555769,95.10832985393868,0.08766542479048206,95.10832985393868,0.08766542479048206,95.10832985393868,0.08766542479048206,95.10832985393868,0.08766542479048206,95.10832985393868,0.08766542479048206,95.10832985393868,0.08766542479048206,95.10832985393868,0.08766542479048206,95.10832985393868,0.08766542479048206,95.10832985393868,0.08766542479048206,95.10832985393868,0.08766542479048206,95.10832985393868,0.08766542479048206,95.10832985393868,0.08766542479048206,95.10832985393868,0.08766542479048206,95.10832985393868,0.08766542479048206,95.10832985393868,0.08766542479048206,95.10832985393868,0.08766542479048206,95.10832985393868,0.08766542479048206,95.10832985393868,0.08766542479048206,95.10832985393868,0.08766542479048206,95.10832985393868,0.08766542479048206,95.10832985393868,0.08766542479048206,95.63737076537763,0.08815306447781611,95.63737076537763,0.08815306447781611,95.63737076537763,0.08815306447781611,96.42224865430153,0.0888765200746796,96.42224865430153,0.0888765200746796,96.42224865430153,0.0888765200746796,96.42224865430153,0.0888765200746796,96.42224865430153,0.0888765200746796,0.0888765200746796,96.42224865430153,96.42224865430153,0.0888765200746796,98.1138670517454,0.09043575726897221,98.1138670517454,0.09043575726897221,98.1138670517454,0.09043575726897221,94.1853838865104,0.08681470592687127,94.1853838865104,0.08681470592687127,97.96486945536431,0.09029841979706445,97.96486945536431,0.09029841979706445,97.96486945536431,0.09029841979706445,102.86924339555779,0.0948189915015483,102.86924339555779,0.0948189915015483,102.86924339555779,0.0948189915015483,102.86924339555779,0.0948189915015483,61.62547069326945,0.05680283813768538,61.62547069326945,0.05680283813768538,61.62547069326945,0.05680283813768538,61.62547069326945,0.05680283813768538,61.62547069326945,0.05680283813768538,61.62547069326945,0.05680283813768538,61.62547069326945,0.05680283813768538,61.62547069326945,0.05680283813768538,61.62547069326945,0.05680283813768538,61.62547069326945,0.05680283813768538,61.62547069326945,0.05680283813768538,61.62547069326945,0.05680283813768538,61.62547069326945,0.05680283813768538,61.62547069326945,0.05680283813768538,61.62547069326945,0.05680283813768538,61.62547069326945,0.05680283813768538,102.8692433955578,0.09481899150154831,102.8692433955578,0.09481899150154831,102.8692433955578,0.09481899150154831,102.8692433955578,0.09481899150154831,102.8692433955578,0.09481899150154831,102.8692433955578,0.09481899150154831,102.8692433955578,0.09481899150154831,102.8692433955578,0.09481899150154831,102.8692433955578,0.09481899150154831,102.8692433955578,0.09481899150154831,102.8692433955578,0.09481899150154831,102.8692433955578,0.09481899150154831,102.8692433955578,0.09481899150154831,102.8692433955578,0.09481899150154831,102.8692433955578,0.09481899150154831,102.8692433955578,0.09481899150154831,102.8692433955578,0.09481899150154831,102.8692433955578,0.09481899150154831,102.8692433955578,0.09481899150154831,102.8692433955578,0.09481899150154831,102.88013030069665,0.09482902642872153,103.27894147321446,0.09519662778292107,103.27894147321446,0.09519662778292107,103.27894147321446,0.09519662778292107,103.27894147321446,0.09519662778292107,103.27894147321446,0.09519662778292107,103.27894147321446,0.09519662778292107,103.27894147321446,0.09519662778292107,103.27894147321446,0.09519662778292107,103.27894147321446,0.09519662778292107,103.27894147321446,0.09519662778292107,91.20961609237132,0.08407181318391523,91.20961609237132,0.08407181318391523,91.20961609237132,0.08407181318391523,91.20961609237132,0.08407181318391523,91.20961609237132,0.08407181318391523,91.20961609237132,0.08407181318391523,91.20961609237132,0.08407181318391523,91.20961609237132,0.08407181318391523,91.20961609237132,0.08407181318391523,91.20961609237132,0.08407181318391523,91.20961609237132,0.08407181318391523,91.20961609237132,0.08407181318391523,91.20961609237132,0.08407181318391523,91.20961609237132,0.08407181318391523,91.20961609237132,0.08407181318391523,91.20961609237132,0.08407181318391523,91.20961609237132,0.08407181318391523,91.20961609237132,0.08407181318391523,91.20961609237132,0.08407181318391523,91.20961609237132,0.08407181318391523,91.20961609237132,0.08407181318391523,91.20961609237132,0.08407181318391523,91.20961609237132,0.08407181318391523,91.20961609237132,0.08407181318391523,91.20961609237132,0.08407181318391523,91.20961609237132,0.08407181318391523,91.20961609237132,0.08407181318391523,91.20961609237132,0.08407181318391523,91.20961609237132,0.08407181318391523,91.20961609237132,0.08407181318391523,91.20961609237132,91.20961609237132,0.08407181318391523,0.08407181318391523,90.55306668496654,0.0834666434497345,91.04956834608467,0.08392429031513468,90.80059935187765,0.08369480492021358,89.88019113211972,0.08284642520742033,88.83061245337845,0.0818789835452211,88.52309957722491,0.0815955357446137,88.52309957722491,0.0815955357446137,90.65543088078532,0.08356099691723384,90.90931815768306,0.08379501570415104,91.39737832970987,0.08424488168718064,89.88287804319235,0.08284890184854019,91.25039839857018,0.08410940398382044,91.25039839857018,0.08410940398382044,91.25039839857018,0.08410940398382044,96.16483374151981,0.08863924971454322,98.67721902219554,0.0909550229302651,101.08125781263251,0.09317092854126796,100.64099768084718,0.09276512190445131,97.66612056194992,0.09002305013504769,97.66612056194992,0.09002305013504769,96.69658031567162,0.08912938332718778,98.45100199083907,0.09074650899484889,98.1581883160866,0.09047661007830751,97.85762060397896,0.0901995639331309,103.66603431356619,0.09555342784801424,102.5473381746062,0.09452227765976037,102.80622875133618,0.09476090820261757,103.0269005318636,0.09496431084262731,102.43267954298962,0.09441659188374055,103.12405692390682,0.09505386405413528,102.51834003143048,0.09449554882808456,103.31101485554737,0.09522619119435938,104.26921496430124,0.0961094053113268,104.59488406999766,0.09640958848703664,104.85002983385203,0.09664476727533138,105.81142781076554,0.09753092900446979,106.7292024334944,0.09837688121798263,108.44709632872893,0.09996033766498358,107.02693912912021,0.09865131789390615,107.43753188787267,0.09902977884119865,107.01507609161234,0.09864038322368295,107.47536826300657,0.09906465425015326,107.60383573656452,0.09918306822775662,109.72295170762348,0.10113634826188694,109.779539882873,0.10118850800887215,109.40414620634054,0.10084249156459836,108.9153346474584,0.10039193299609327,108.9153346474584,0.10039193299609327,108.66469554456887,0.10016090819040421,109.74884416554937,0.10116021445033152,109.9267620656204,0.10132420900592418,111.94038554443193,0.10318025208763108,110.80523155771134,0.10213393199557083,110.01325065762857,0.10140392924882584,109.64486789508096,0.10106437506452018,110.05247574711483,0.10144008469533129,112.00617103761658,0.10324088939683355,113.20071666934464,0.10434195331413583,113.3815774582379,0.10450866045651357,111.99853916793843,0.10323385477538338,112.00209904419059,0.10323713606593202,111.56327424763661,0.10283265243912898,111.96340227085028,0.10320146759106648,111.96340227085028,0.10320146759106648,110.98894808399045,0.10230327139351866,108.41623682761991,0.09993189313990676,106.95158283170365,0.09858185876415583,106.84904667595532,0.09848734679381774,106.32086224631274,0.0980004965624716,106.94208642422258,0.09857310551828252,107.83119621843488,0.09939263613052964,107.03268752642434,0.0986566164381273,107.42897265102975,0.09902188942567776,106.3627322994569,0.09803908998536652,104.11491298010293,0.09596717855777606,103.99429400643815,0.09585599887897871,103.05282383551415,0.09498820546289861,103.49315430902068,0.09539407693669515,102.0701355665554,0.09408241955889639,100.9214683983126,0.09302364378813549,99.09090461973601,0.09133633467965428,98.80437650534576,0.09107222943355214,98.27567962689645,0.09058490685617286,98.71112993970318,0.09098628007664657,97.45075337256091,0.08982453696409079,95.61762246719886,0.08813486162480219,95.33596161126711,0.08787524273947397,95.11330048952942,0.0876700064383904,94.35991909456062,0.08697558251021698,92.94141344706127,0.08566808504551852,94.85369956857227,0.08743072114080752,95.49344929067234,0.08802040588486335,95.23294431777613,0.08778028728385277,96.37823159015299,0.08883594765970251,94.84513530526144,0.08742282709217568,95.71159802010189,0.08822148292051642,95.00764786655004,0.08757262188660676,95.18539491896729,0.08773645896459294,95.15371768473132,0.0877072606998379,94.94674878464485,0.08751648859215434,96.48777262205823,0.0889369163246839,96.26187017096102,0.08872869235137827,94.56013960578643,0.08716013433859346,94.68160154500785,0.08727209101488116,95.10533315308541,0.08766266260284113,95.99646162278006,0.08848405391481819,93.81161397544864,0.08647018617684042,94.00781037539807,0.08665102880934532,93.81813712320253,0.08647619884176362,93.4615383096056,0.08614750642836759,93.71933856305927,0.08638513197352034,94.29749523761443,0.08691804376524424,95.75990875528797,0.08826601299615261,95.15804098936003,0.08771124567504834,94.83970868938711,0.0874178251476927,94.1604170029,0.0867916928799514,94.31885623382882,0.08693773311117176,94.31885623382882,0.08693773311117176,94.99245655216984,0.08755861940091164,95.69116571111613,0.08820264958541908,96.13165704969397,0.0886086693354479,96.13331821342234,0.08861020050126817,99.88058368828749,0.09206421572960051,97.9868007274565,0.09031863479071549,97.9868007274565,0.09031863479071549,98.76616531730626,0.09103700854347474,101.5383128310323,0.09359221574505097,97.6513762439327,0.09000945966506245,100.89335644181968,0.09299773179271482,99.97468838891193,0.09215095606630595,98.16690955271349,0.09048464881597403
Ayçiçek Yağı,5.0,0.0334960357390773,0.7426439200064916,100.0,3.34960357390773,100.27699938745562,3.358881955289646,100.27699938745562,3.358881955289646,100.27699938745562,3.358881955289646,100.27699938745562,3.358881955289646,100.27699938745562,3.358881955289646,100.58303725050166,3.369133010487747,101.230795731504,3.3908303517176916,102.69492095709754,3.4398727426006577,102.69492095709754,3.4398727426006577,102.69492095709754,3.4398727426006577,103.05212543804655,3.451837676660684,103.28428756618439,3.4596141876020496,103.28428756618439,3.4596141876020496,104.96569210124271,3.5159345740002097,104.96569210124271,3.5159345740002097,104.96569210124271,3.5159345740002097,104.96569210124271,3.5159345740002097,105.2176363144903,3.5243737063714047,105.2176363144903,3.5243737063714047,105.43832245850902,3.5317658173385746,105.33767333551083,3.5283944707175205,105.23279711753439,3.5248815331720027,105.02578712320457,3.5179475190035845,105.02578712320457,3.5179475190035845,105.25028754457009,3.525467393141082,105.39163872516444,3.5302020973380315,105.39163872516444,3.5302020973380315,105.39163872516444,3.5302020973380315,105.52638454815664,3.5347155482406696,105.39163872516473,3.530202097338041,105.39163872516473,3.530202097338041,105.39163872516473,3.530202097338041,105.78032556531194,3.543221565626921,106.0359030484815,3.551782398137272,106.20918981132004,3.5575868177384207,106.38275976410942,3.5634007230802838,106.38275976410942,3.5634007230802838,106.38275976410942,3.5634007230802838,106.38275976410942,3.5634007230802838,106.38275976410942,3.5634007230802838,106.38275976410942,3.5634007230802838,107.33814196865987,3.595402239548384,107.33814196865987,3.595402239548384,107.33814196865987,3.595402239548384,107.33814196865987,3.595402239548384,108.16238498973578,3.623011113240028,108.16238498973578,3.623011113240028,108.16238498973578,3.623011113240028,108.16238498973578,3.623011113240028,108.16238498973578,3.623011113240028,108.16238498973578,3.623011113240028,108.16238498973578,3.623011113240028,108.33409584523848,3.628762746192734,108.33409584523848,3.628762746192734,108.33409584523848,3.628762746192734,108.33409584523848,3.628762746192734,108.33409584523848,3.628762746192734,108.33409584523848,3.628762746192734,3.628762746192734,108.33409584523848,108.33409584523848,3.628762746192734,108.33409584523848,3.628762746192734,108.33409584523848,3.628762746192734,108.33409584523848,3.628762746192734,108.33409584523848,3.628762746192734,108.33409584523848,3.628762746192734,108.67112589258896,3.6400519167039285,108.67112589258896,3.6400519167039285,109.67969978094898,3.673835143713936,109.83559400221303,3.679056982120912,109.66299154909214,3.6732754841825224,109.66299154909214,3.6732754841825224,109.66299154909214,3.6732754841825224,109.66299154909214,3.6732754841825224,109.66299154909214,3.6732754841825224,109.66299154909214,3.6732754841825224,109.66299154909214,3.6732754841825224,110.24484776508494,3.6927653607884214,110.24484776508494,3.6927653607884214,110.24484776508494,3.6927653607884214,110.24484776508494,3.6927653607884214,110.24484776508494,3.6927653607884214,110.24484776508494,3.6927653607884214,110.24484776508494,3.6927653607884214,110.24484776508494,3.6927653607884214,110.86197966796452,3.7134368330630005,114.03864689738768,3.8198425921109145,114.03864689738768,3.8198425921109145,114.3864597260428,3.8314929430500557,114.79316656735573,3.845116009942001,114.79316656735573,3.845116009942001,114.89496652987812,3.8485259051248875,114.89496652987812,3.8485259051248875,115.247477753913,3.860333633683586,115.247477753913,3.860333633683586,115.247477753913,3.860333633683586,115.54477453130907,3.8702918971643574,115.54477453130907,3.8702918971643574,115.8363672730464,3.8800590980628464,115.8363672730464,3.8800590980628464,116.6674218488519,3.9078961318351513,116.6674218488519,3.9078961318351513,116.6674218488519,3.9078961318351513,116.6674218488519,3.9078961318351513,116.8202613235478,3.9130156483419065,116.8202613235478,3.9130156483419065,116.8202613235478,3.9130156483419065,116.2636994957144,3.894373033465793,116.2636994957144,3.894373033465793,116.57164022594056,3.904687827170966,116.59492478687237,3.9054677676561065,117.15307221153665,3.9241634937403354,117.91420622245697,3.9496584657723495,118.55871730150413,3.9712470319103446,118.29267981019504,3.9623358305935206,118.29267981019504,3.9623358305935206,118.29267981019504,3.9623358305935206,118.29267981019504,3.9623358305935206,118.29267981019504,3.9623358305935206,118.29267981019504,3.9623358305935206,118.29267981019504,3.9623358305935206,118.29267981019504,3.9623358305935206,118.29267981019504,3.9623358305935206,118.29267981019504,3.9623358305935206,118.28743447912326,3.9621601327964773,118.39234303643215,3.965674153581431,118.39234303643215,3.965674153581431,118.39234303643215,3.965674153581431,118.39234303643215,3.965674153581431,118.39234303643215,3.965674153581431,118.39234303643215,3.965674153581431,118.85293245538806,3.9811020732198186,118.83586747804556,3.9805304641288677,118.83586747804556,3.9805304641288677,118.83586747804556,3.9805304641288677,118.73246610027334,3.97706692788354,118.73246610027334,3.97706692788354,118.73246610027334,3.97706692788354,118.73246610027334,3.97706692788354,118.73246610027334,3.97706692788354,118.36583957293468,3.96478639262091,118.36583957293468,3.96478639262091,117.9195107814489,3.9498361474699237,117.9195107814489,3.9498361474699237,117.9195107814489,3.9498361474699237,117.9195107814489,3.9498361474699237,117.9195107814489,3.9498361474699237,118.29346057430324,3.9623619830959926,118.29346057430324,3.9623619830959926,118.29346057430324,3.9623619830959926,118.29346057430324,118.29346057430324,3.9623619830959926,3.9623619830959926,118.29346057430324,3.9623619830959926,118.29346057430324,3.9623619830959926,119.58612966805929,4.005661273259246,120.5696003632889,4.0386036428149925,120.5696003632889,4.0386036428149925,120.5696003632889,4.0386036428149925,121.36805796914484,4.065348807316881,120.89011887501302,4.04933974233874,121.40910423538406,4.066723694517786,122.00058218444146,4.086535861038288,121.66764013057987,4.075383622103099,122.00058218444146,4.086535861038288,122.00058218444146,4.086535861038288,122.00058218444146,4.086535861038288,122.00058218444146,4.086535861038288,122.00058218444146,4.086535861038288,122.00058218444146,4.086535861038288,122.14475424911096,4.091365053669034,121.7469892901843,4.078041504389074,121.7469892901843,4.078041504389074,121.7469892901843,4.078041504389074,121.7469892901843,4.078041504389074,121.7469892901843,4.078041504389074,121.73629545620494,4.077683303343914,121.73629545620494,4.077683303343914,121.68070153774839,4.075821127464418,121.68070153774839,4.075821127464418,121.99424117373219,4.086323462316949,121.99424117373219,4.086323462316949,122.3677954060592,4.098836048233458,122.70936696208632,4.110277341281595,122.87944695962003,4.115974346957485,123.52312848413159,4.1375351263071085,123.52312848413159,4.1375351263071085,123.52312848413159,4.1375351263071085,123.65020754660547,4.141791771125423,124.55103197745439,4.171965818455772,124.70553515776983,4.177141062505419,124.87829777204959,4.18292792520771,124.85088098950361,4.1820095716797,125.01644291042065,4.187555239699767,125.01644291042065,4.187555239699767,125.46428980456234,4.202556335271572,125.80709758707587,4.214039037006279,125.98164785871731,4.219885779143446,127.81069878897951,4.281151734472101,127.92530642489484,4.284990635940693,126.42541158232832,4.234750104689227,126.42541158232832,4.234750104689227,127.95915917006108,4.286124568702647,127.25466693213714,4.262526871523244,127.15554082888765,4.259206540026123,125.63133000835198,4.208151519907572,125.70113439170991,4.210489690027274,125.5587696604954,4.2057210359025285,124.39394601810474,4.166704061547289,124.79615014655631,4.180176305408307,124.719942128124,4.177623638899294,124.99723422321736,4.186911824826705,126.43558534903359,4.235090885542387,126.18834986483955,4.226809476927856,125.95600685534652,4.2190269071781525,125.9137467557351,4.217611361371231,125.9137467557351,4.217611361371231,125.9137467557351,4.217611361371231,125.9137467557351,4.217611361371231,126.55161240778578,4.238977332049051,126.55161240778578,4.238977332049051,126.64817229345924,4.24221170543053,126.2422032919888,4.228613353248319,127.31369045558489,4.264503925574096,127.11162561025814,4.25773555429342,127.08276894978118,4.256768970562773,127.11574795152521,4.25787363638383,127.94578889317943,4.285676717430378,128.63467351968413,4.30875162149988,128.7122861082883,4.311351335541568,128.14879964422508,4.29247677280282,128.1414251986663,4.292229758110826,127.3297665041959,4.265042409472914,128.121261581361,4.29155435686494,128.7126099049039,4.311362181444576,127.85845670424554,4.282751435308676,128.04903962666506,4.289135207689299,127.20367696063828,4.260818909615583,127.59873334153369,4.274051732269006,129.57201764213406,4.340148933725277,129.89188903187812,4.350863357228052,129.28152678472603,4.3304186415836625,130.4439229447674,4.369354304903374,130.22655513682733,4.362073345040089,130.65194639638776,4.376322265873416,132.4250156104096,4.435713055634149,131.56105683343102,4.406773861563385,131.72062051856165,4.412118612463179,132.90659705915013,4.451844125052439,133.2028551159097,4.461767595509647,132.90659705915013,4.451844125052439,132.71575913423348,4.445451811099059,132.79376111909173,4.44806456837159,131.75775097871778,4.413362335683578,131.6480696518857,4.409688446040101,131.6480696518857,4.409688446040101,132.7723483526079,4.447347325580176,131.64806965188575,4.409688446040103,132.772348352608,4.4473473255801785,131.64806965188583,4.409688446040105,133.36852550410288,4.467316896753473,132.55672834176997,4.440124909991088,133.0001266483936,4.454976995516399,133.9033657672499,4.485231925322543,133.2044470719804,4.461820919727087,132.49703815309812,4.438125525298063,132.49703815309812,4.438125525298063,130.90788113723454,4.384895065099691,131.03765242867917,4.3892418889158265,130.8806810784322,4.383983970957943,130.8806810784322,4.383983970957943,131.09431122801925,4.391139734083455,131.148688861158,4.392961169226478,131.148688861158,4.392961169226478,131.12063194555668,4.392021373778768,132.2547147929214,4.43000865336517,133.38417426243697,4.467841068121904,133.38417426243697,4.467841068121904,133.38417426243697,4.467841068121904,131.7353595714143,4.412612312304293,132.47075025506632,4.437244984926084,134.8558099235155,4.51713502882029,136.84825577565223,4.583874066291639,137.864551026805,4.617915928345706
Badem İçi,6.0,0.0016668316746114,0.0,100.0,0.16668316746114,100.0,0.16668316746114,100.0,0.16668316746114,100.0,0.16668316746114,100.0,0.16668316746114,100.0,0.16668316746114,100.0,0.16668316746114,100.0,0.16668316746114,100.87073318096182,0.1681345331073023,100.63334271104074,0.16773884315278698,100.63334271104074,0.16773884315278698,102.48555920065938,0.17082617626592086,102.16795387609704,0.1702967816509151,102.16795387609704,0.1702967816509151,102.16795387609704,0.1702967816509151,102.51116546753845,0.17086885760262344,102.51116546753845,0.17086885760262344,102.51116546753845,0.17086885760262344,102.51116546753845,0.17086885760262344,102.51116546753845,0.17086885760262344,102.51116546753845,0.17086885760262344,102.51116546753845,0.17086885760262344,102.51116546753845,0.17086885760262344,102.51116546753845,0.17086885760262344,102.51116546753845,0.17086885760262344,102.51116546753845,0.17086885760262344,102.51116546753845,0.17086885760262344,102.51116546753845,0.17086885760262344,102.51116546753845,0.17086885760262344,102.58809761108418,0.1709970905362812,102.51116546753845,0.17086885760262344,102.51116546753845,0.17086885760262344,102.51116546753845,0.17086885760262344,102.51116546753845,0.17086885760262344,102.97165462328852,0.1716364155132427,102.97165462328852,0.1716364155132427,102.97165462328852,0.1716364155132427,102.97165462328852,0.1716364155132427,102.97165462328852,0.1716364155132427,102.97165462328852,0.1716364155132427,102.97165462328852,0.1716364155132427,102.97165462328852,0.1716364155132427,102.97165462328852,0.1716364155132427,102.97165462328852,0.1716364155132427,102.97165462328852,0.1716364155132427,102.97165462328852,0.1716364155132427,102.97165462328852,0.1716364155132427,102.97165462328852,0.1716364155132427,102.97165462328852,0.1716364155132427,102.97165462328852,0.1716364155132427,103.37209994682352,0.1723038904624609,103.86224740982408,0.17312088377902063,103.86224740982408,0.17312088377902063,103.86224740982408,0.17312088377902063,103.86224740982408,0.17312088377902063,103.86224740982408,0.17312088377902063,103.86224740982408,0.17312088377902063,103.86224740982408,0.17312088377902063,103.86224740982408,0.17312088377902063,0.17312088377902063,103.86224740982408,103.86224740982408,0.17312088377902063,103.86224740982408,0.17312088377902063,103.86224740982408,0.17312088377902063,103.86224740982408,0.17312088377902063,103.86224740982408,0.17312088377902063,103.86224740982408,0.17312088377902063,103.86224740982408,0.17312088377902063,103.86224740982408,0.17312088377902063,103.86224740982408,0.17312088377902063,103.86224740982408,0.17312088377902063,104.34646775518162,0.17392799758815383,103.86224740982408,0.17312088377902063,103.86224740982408,0.17312088377902063,103.86224740982408,0.17312088377902063,103.86224740982408,0.17312088377902063,103.86224740982408,0.17312088377902063,103.86224740982408,0.17312088377902063,103.86224740982408,0.17312088377902063,103.86224740982408,0.17312088377902063,103.86224740982408,0.17312088377902063,103.86224740982408,0.17312088377902063,103.86224740982408,0.17312088377902063,103.86224740982408,0.17312088377902063,103.86224740982408,0.17312088377902063,103.86224740982408,0.17312088377902063,104.6661793402037,0.17446090298480885,104.6661793402037,0.17446090298480885,104.6661793402037,0.17446090298480885,104.6661793402037,0.17446090298480885,104.6661793402037,0.17446090298480885,104.6661793402037,0.17446090298480885,104.6661793402037,0.17446090298480885,104.6661793402037,0.17446090298480885,104.6661793402037,0.17446090298480885,104.6661793402037,0.17446090298480885,104.6661793402037,0.17446090298480885,104.6661793402037,0.17446090298480885,104.6661793402037,0.17446090298480885,105.87388792661253,0.17647394991033524,107.6839447440638,0.17949100994650932,107.6839447440638,0.17949100994650932,107.6839447440638,0.17949100994650932,107.6839447440638,0.17949100994650932,107.6839447440638,0.17949100994650932,107.6839447440638,0.17949100994650932,107.6839447440638,0.17949100994650932,107.6839447440638,0.17949100994650932,107.6839447440638,0.17949100994650932,107.6839447440638,0.17949100994650932,107.68948896630502,0.1795002512317521,107.709306612217,0.17953328391167442,107.709306612217,0.17953328391167442,107.709306612217,0.17953328391167442,107.94682710037348,0.1799291905847028,107.94682710037348,0.1799291905847028,107.94682710037348,0.1799291905847028,107.94682710037348,0.1799291905847028,107.94682710037348,0.1799291905847028,107.94682710037348,0.1799291905847028,107.94682710037348,0.1799291905847028,107.94682710037348,0.1799291905847028,107.94682710037348,0.1799291905847028,107.94682710037348,0.1799291905847028,107.94682710037348,0.1799291905847028,107.94682710037348,0.1799291905847028,107.94682710037348,0.1799291905847028,107.94682710037348,0.1799291905847028,107.94682710037348,0.1799291905847028,107.94682710037348,0.1799291905847028,107.94682710037348,0.1799291905847028,107.94682710037348,0.1799291905847028,107.94682710037348,0.1799291905847028,107.94682710037348,0.1799291905847028,107.94682710037348,0.1799291905847028,107.94682710037348,0.1799291905847028,107.94682710037348,0.1799291905847028,107.94682710037348,0.1799291905847028,107.94682710037348,0.1799291905847028,107.94682710037348,0.1799291905847028,107.94682710037348,0.1799291905847028,107.94682710037348,0.1799291905847028,107.94682710037348,0.1799291905847028,107.94682710037348,0.1799291905847028,107.94682710037348,0.1799291905847028,107.94682710037348,0.1799291905847028,107.94682710037348,0.1799291905847028,107.94682710037348,0.1799291905847028,107.94682710037348,0.1799291905847028,108.27166073290522,0.18047063357238577,108.27166073290522,0.18047063357238577,108.27166073290522,108.27166073290522,0.18047063357238577,0.18047063357238577,108.27166073290522,0.18047063357238577,108.27166073290522,0.18047063357238577,108.27166073290522,0.18047063357238577,108.27166073290522,0.18047063357238577,108.27166073290522,0.18047063357238577,108.27166073290522,0.18047063357238577,108.27166073290522,0.18047063357238577,110.55077235196397,0.18426952900900778,110.55077235196397,0.18426952900900778,110.55077235196397,0.18426952900900778,111.09691805450845,0.1851798619649618,111.09691805450845,0.1851798619649618,111.09691805450845,0.1851798619649618,111.09691805450845,0.1851798619649618,111.09691805450845,0.1851798619649618,111.09691805450845,0.1851798619649618,112.13689691683624,0.1869133316736161,112.13689691683624,0.1869133316736161,112.13689691683624,0.1869133316736161,112.13689691683624,0.1869133316736161,112.13689691683624,0.1869133316736161,112.13689691683624,0.1869133316736161,112.13689691683624,0.1869133316736161,112.13689691683624,0.1869133316736161,112.13689691683624,0.1869133316736161,112.13689691683624,0.1869133316736161,112.13689691683624,0.1869133316736161,112.13689691683624,0.1869133316736161,116.08716415531093,0.1934977622298854,116.51699627540997,0.19421422002243185,116.51699627540997,0.19421422002243185,116.51699627540997,0.19421422002243185,116.51699627540997,0.19421422002243185,116.51699627540997,0.19421422002243185,116.67910698757812,0.19448443129226756,116.67910698757812,0.19448443129226756,116.67910698757812,0.19448443129226756,117.08547755201582,0.19516178262070202,117.08547755201582,0.19516178262070202,117.08547755201582,0.19516178262070202,117.08547755201582,0.19516178262070202,117.08547755201582,0.19516178262070202,117.65812743353594,0.19611629358168223,117.65812743353594,0.19611629358168223,117.65812743353594,0.19611629358168223,117.65812743353594,0.19611629358168223,117.65812743353594,0.19611629358168223,117.65812743353594,0.19611629358168223,115.97829195100104,0.19331629059125693,114.78140732311677,0.19132128538264395,118.05692977966362,0.19678102996411717,118.3652903833849,0.1972950151856021,118.3652903833849,0.1972950151856021,118.3652903833849,0.1972950151856021,118.3652903833849,0.1972950151856021,118.3652903833849,0.1972950151856021,117.06328643220283,0.19512479375930264,117.23030045812706,0.1954031780278175,117.23030045812706,0.1954031780278175,117.23030045812706,0.1954031780278175,117.23030045812706,0.1954031780278175,117.23030045812706,0.1954031780278175,118.534161976513,0.1975764957059701,118.534161976513,0.1975764957059701,118.534161976513,0.1975764957059701,118.534161976513,0.1975764957059701,118.534161976513,0.1975764957059701,118.534161976513,0.1975764957059701,118.534161976513,0.1975764957059701,118.534161976513,0.1975764957059701,118.534161976513,0.1975764957059701,118.534161976513,0.1975764957059701,118.534161976513,0.1975764957059701,118.534161976513,0.1975764957059701,118.534161976513,0.1975764957059701,118.534161976513,0.1975764957059701,118.534161976513,0.1975764957059701,119.67953051690274,0.19948563226819516,119.67953051690274,0.19948563226819516,119.67953051690274,0.19948563226819516,125.82518524114938,0.20972940422379466,123.92774375633844,0.2065666886561901,122.05891565430443,0.20345166678131588,120.26394555722423,0.20045975376852232,118.99128510443467,0.19833844301478737,118.99128510443467,0.19833844301478737,118.99128510443467,0.19833844301478737,119.37383940994629,0.1989760966484731,119.37383940994629,0.1989760966484731,119.37383940994629,0.1989760966484731,119.37383940994629,0.1989760966484731,118.65607347628853,0.19777970165529535,118.65607347628853,0.19777970165529535,117.89359711938287,0.19650878191246268,117.89359711938287,0.19650878191246268,117.89359711938287,0.19650878191246268,117.89359711938287,0.19650878191246268,117.57141203216004,0.19597175360399224,117.57141203216004,0.19597175360399224,117.95099559560268,0.19660445551070027,118.00577329588992,0.19669576071660144,116.37432300000002,0.193976407687858,116.37432300000002,0.193976407687858,116.37432300000002,0.193976407687858,116.37432300000002,0.193976407687858,116.37432300000002,0.193976407687858,116.37432300000002,0.193976407687858,116.37432300000002,0.193976407687858,118.15611504699426,0.19694635510935868,118.15611504699426,0.19694635510935868,118.15611504699426,0.19694635510935868,119.91962523547053,0.19988582975001087,119.91962523547053,0.19988582975001087,119.05596093805161,0.198446246742842,119.22159605373967,0.19872233260009878,119.22159605373967,0.19872233260009878,119.22159605373967,0.19872233260009878,119.22159605373967,0.19872233260009878,119.22159605373967,0.19872233260009878,119.80135382905581,0.19968869122359797,120.67042540908737,0.20113728726069915,120.67042540908737,0.20113728726069915,120.04211413353003,0.20008999812508468,120.04211413353003,0.20008999812508468,120.04211413353003,0.20008999812508468,120.04211413353003,0.20008999812508468,119.59045225755706,0.19933715380399852,118.52014462269392,0.19755313113663023,118.52014462269392,0.19755313113663023,118.52014462269392,0.19755313113663023,118.52014462269392,0.19755313113663023
Baharat,7.0,0.005352719334874,0.47676525274773507,100.0,0.5352719334874,100.0,0.5352719334874,100.0,0.5352719334874,100.0,0.5352719334874,100.0,0.5352719334874,100.0,0.5352719334874,100.0,0.5352719334874,100.0,0.5352719334874,99.6863216657957,0.5335929014029736,99.6863216657957,0.5335929014029736,99.6863216657957,0.5335929014029736,99.6863216657957,0.5335929014029736,99.6863216657957,0.5335929014029736,99.66356167931045,0.5334710735832525,99.66503842095517,0.5334789781668068,99.66503842095517,0.5334789781668068,99.82858932309125,0.5343544202429067,99.82858932309125,0.5343544202429067,99.82858932309125,0.5343544202429067,99.84300499108602,0.5344315832677073,99.84300499108602,0.5344315832677073,100.16794319665688,0.5361708862833058,100.16794319665688,0.5361708862833058,100.16794319665688,0.5361708862833058,100.16794319665688,0.5361708862833058,100.16794319665688,0.5361708862833058,100.16794319665688,0.5361708862833058,100.16794319665688,0.5361708862833058,100.16794319665688,0.5361708862833058,100.19004833834538,0.536289208902622,100.16794319665682,0.5361708862833054,100.16794319665682,0.5361708862833054,100.16794319665682,0.5361708862833054,100.16794319665682,0.5361708862833054,100.16794319665682,0.5361708862833054,100.16794319665682,0.5361708862833054,100.16794319665682,0.5361708862833054,100.16794319665682,0.5361708862833054,100.16794319665682,0.5361708862833054,100.16794319665682,0.5361708862833054,100.16794319665682,0.5361708862833054,100.16794319665682,0.5361708862833054,100.16794319665682,0.5361708862833054,100.16794319665682,0.5361708862833054,100.16794319665682,0.5361708862833054,100.16794319665682,0.5361708862833054,100.16794319665682,0.5361708862833054,100.16794319665682,0.5361708862833054,100.16794319665682,0.5361708862833054,100.53285938635122,0.5381241802274912,100.59989541418564,0.5384830052698137,100.59989541418564,0.5384830052698137,100.59989541418564,0.5384830052698137,100.59989541418564,0.5384830052698137,100.59989541418564,0.5384830052698137,100.59989541418548,0.5384830052698129,100.59989541076544,0.5384830052515064,100.59986739800111,0.5384828553070411,100.58585580835519,0.538407855200231,0.538407855200231,100.58585580835519,100.47853796864877,0.5378334129246576,100.47853796864877,0.5378334129246576,100.47853796864877,0.5378334129246576,100.49960230825347,0.5379461644225361,100.54604987978442,0.5381947852367277,100.25765929860229,0.5366511113968385,99.6006039403355,0.5331340784765614,99.6006039403355,0.5331340784765614,99.65576168923477,0.5334293224255625,99.6671232186513,0.5334901375037442,99.69022488831372,0.5336137942576141,99.69022488831372,0.5336137942576141,99.80051479092367,0.5342041451517557,99.93708596450847,0.5349351723131895,99.93708596450847,0.5349351723131895,99.93708596450847,0.5349351723131895,100.13782256412568,0.5360096589911775,100.13782256412568,0.5360096589911775,100.13782256412568,0.5360096589911775,100.13782256412568,0.5360096589911775,100.13782256412568,0.5360096589911775,100.13782256412568,0.5360096589911775,100.13782256412568,0.5360096589911775,100.23864185743172,0.5365493163717849,100.23864185743172,0.5365493163717849,100.64651244556346,0.5387325331550041,100.91680674571832,0.5401793426815493,100.91680674571832,0.5401793426815493,100.91680674571832,0.5401793426815493,100.91680674571832,0.5401793426815493,100.91680674571832,0.5401793426815493,100.91680674571832,0.5401793426815493,100.91680674571832,0.5401793426815493,100.934603201015,0.540274602111908,100.934603201015,0.540274602111908,100.9462526574018,0.5403369583823505,100.73931474678888,0.5392292778270943,100.73931474678888,0.5392292778270943,100.73931474678888,0.5392292778270943,100.73931474678888,0.5392292778270943,100.73931474678888,0.5392292778270943,100.73931474678888,0.5392292778270943,100.73931474678888,0.5392292778270943,100.71413289610989,0.5390944864480769,100.72527808476337,0.5391541435148732,100.78274876624992,0.5394617679428547,101.05122604164238,0.5408988514458222,101.05122604164238,0.5408988514458222,101.05122604164238,0.5408988514458222,101.48087864229842,0.5431986612286327,101.4572875395699,0.5430723846769268,101.68212311259587,0.5442758663958304,101.76763837568627,0.5447336055980012,102.46825607960088,0.5484838155280999,102.46825607960088,0.5484838155280999,102.46825607960088,0.5484838155280999,102.52785407705021,0.5488028268813667,102.52785407705021,0.5488028268813667,102.07160910271888,0.5463606755858244,102.07160910271888,0.5463606755858244,102.07160910271888,0.5463606755858244,102.07160910271888,0.5463606755858244,102.07160910271888,0.5463606755858244,102.1327811222862,0.5466881122377156,101.68566140315862,0.544294805872138,101.66343037390226,0.5441758094120033,101.71559893886193,0.5444550530983355,101.74569138596641,0.5446161295217854,101.74569138596641,0.5446161295217854,101.74569138596641,0.5446161295217854,102.66906778748421,0.5495587042395561,102.97191993844774,0.5511797868036268,103.12422143601137,0.5519950139743658,103.12422143601137,0.5519950139743658,103.16232351014531,0.5521989636832814,103.16232351014531,0.5521989636832814,103.16232351014531,0.5521989636832814,103.16232351014531,0.5521989636832814,103.16700298453101,0.5522240115963027,103.59984450947618,0.5545408907958131,103.59984450947618,0.5545408907958131,103.65796764645488,0.5548520076349226,103.4925417440916,0.5539665292088536,103.4925417440916,0.5539665292088536,103.4925417440916,0.5539665292088536,104.10638888414654,0.5572522806640828,104.10638888414654,0.5572522806640828,104.10638888414654,0.5572522806640828,104.72780078014614,0.5605785241347206,105.03540542024787,0.5622250454392901,105.03540542024787,105.03540542024787,0.5622250454392901,0.5622250454392901,105.30973381222049,0.5636934483271068,105.41130509791532,0.5642371309119135,105.41130509791532,0.5642371309119135,105.41130509791532,0.5642371309119135,105.41130509791532,0.5642371309119135,105.39091941048717,0.5641280120486623,105.39091941048717,0.5641280120486623,105.39091941048717,0.5641280120486623,106.10389253894053,0.56794435709858,106.92503494349297,0.5723397019241129,107.35755489317664,0.5746548598215034,107.35755489317664,0.5746548598215034,107.35755489317664,0.5746548598215034,107.06663494259534,0.5730976469771263,107.35848859863066,0.5746598576847401,107.35848859863066,0.5746598576847401,107.38164194521234,0.574783791050655,107.4935110745493,0.5753825951022324,107.44608451821398,0.5751287340571499,107.44608451821398,0.5751287340571499,107.44608451821398,0.5751287340571499,107.5546155373973,0.5757096701419661,107.5546155373973,0.5757096701419661,107.5546155373973,0.5757096701419661,107.5546155373973,0.5757096701419661,107.72029084709776,0.576596483575511,107.59052075142574,0.5759018606753189,107.76175735111178,0.5768184421332964,107.75781061965442,0.5767973163875151,108.03792744972462,0.5782967031598554,108.31142910085102,0.5797606807359597,108.3551289650997,0.5799945938442549,108.39416157950264,0.5802035244740602,108.39416157950264,0.5802035244740602,108.39416157950264,0.5802035244740602,108.77540858321868,0.5822442326822138,108.77540858321868,0.5822442326822138,108.77540858321868,0.5822442326822138,108.77540858321868,0.5822442326822138,108.7886746759303,0.5823152423531696,108.7886746759303,0.5823152423531696,108.7886746759303,0.5823152423531696,107.925661329289,0.5776957741263483,107.88544509052862,0.5774805078875598,107.95934818838899,0.5778760904283841,107.55391357744834,0.5757059127473749,107.55391357744834,0.5757059127473749,107.46586405992886,0.575234608392522,107.46586405992886,0.575234608392522,107.4818389384606,0.5753201174337111,107.6682499099155,0.5763179230448505,107.97216866960424,0.5779447148660674,107.61727732323334,0.5760450810945683,107.95414432236537,0.5778482355941034,107.948166020636,0.5778162354228468,107.8860411340824,0.5774836983414146,107.93335457941996,0.5777369539350724,107.93940456650608,0.5777693378179241,108.23317409561723,0.5793418036563941,108.10441180863093,0.5786525752732399,108.90202043031012,0.5829219503641643,108.27591288607465,0.5795705724064246,108.29077022356837,0.5796500995640921,108.29077022356837,0.5796500995640921,108.04279618177281,0.5783227641160261,108.03412525196381,0.5782763510623862,108.03412525196381,0.5782763510623862,108.03412525196381,0.5782763510623862,107.94059493346626,0.5777757095181674,107.94059493346626,0.5777757095181674,108.71377555063282,0.5819143283570246,108.64511588878034,0.581546812457501,107.78494000541076,0.5769425323751962,107.70490050250254,0.5765141033804257,107.85426749226757,0.5773136229545329,107.85426749226757,0.5773136229545329,108.05596900779604,0.5783932745565755,108.05653987672761,0.5783963302577433,108.13800038781638,0.5788323655104768,108.19535917292755,0.5791393909885663,108.0873823533103,0.5785614213784829,108.58397145451409,0.581219523461984,108.574187068861,0.5811671503917188,108.66646530527262,0.5816610898919474,109.00680088968619,0.5834828107549835,108.89624217074083,0.5828910209624458,108.24024193674884,0.579379635826275,108.18673669501875,0.5790932372843494,108.18673669501875,0.5790932372843494,108.34693729589415,0.5799507461381135,107.41270265061347,0.5749500502890105,106.67217128915772,0.5709861937524656,106.56570674868726,0.570416318948211,106.53923773128871,0.5702746377270066,107.01537865774691,0.5728232864701842,106.91280331164519,0.5722742294318242,107.24675732790743,0.57406179155163,106.91280331164504,0.5722742294318234,107.42465509339098,0.5750140283605646,107.63752297586859,0.5761534503908762,111.34721276477644,0.5960103786503479,111.35920636093022,0.5960745770043748,111.47375527101082,0.596687725170152,111.37830805836528,0.5961768230295644,112.96676048012597,0.6046793630200503,112.96676048012597,0.6046793630200503,112.96676048012597,0.6046793630200503,114.3057348414153,0.6118465169726243,115.02091337706824,0.6156746669483006,115.02091337706824,0.6156746669483006,115.02091337706824,0.6156746669483006,115.38494507060439,0.6176232264327985,115.09907417456142,0.6160930397602716,115.09907417456142,0.6160930397602716,113.76252129149668,0.6089388473010093,113.76252129149668,0.6089388473010093,113.76252129149668,0.6089388473010093,113.76252129149668,0.6089388473010093,113.87604485762137,0.6095465070883688,113.83745312364005,0.6093399363677207,113.87911404170868,0.6095629355693752,113.87911404170868,0.6095629355693752,112.76879785906114,0.6036197246706942,112.8864275644825,0.6042493634692587,112.8864275644825,0.6042493634692587,112.8864275644825,0.6042493634692587,112.37070041138952,0.6014888207653785,112.37733323182486,0.6015243243915674,113.07944017037872,0.6052825057767138,113.0613286495331,0.6051855598888994,113.60036577882893,0.6080708743530963
Baklava,8.0,0.0141432761235797,0.0,100.0,1.41432761235797,100.0,1.41432761235797,100.0,1.41432761235797,100.0,1.41432761235797,100.0,1.41432761235797,100.0,1.41432761235797,100.0,1.41432761235797,100.0,1.41432761235797,97.2690868943862,1.3757035542357716,97.2690868943862,1.3757035542357716,97.2690868943862,1.3757035542357716,97.2690868943862,1.3757035542357716,97.2690868943862,1.3757035542357716,97.2690868943862,1.3757035542357716,97.2690868943862,1.3757035542357716,97.2690868943862,1.3757035542357716,97.2690868943862,1.3757035542357716,96.53446721714187,1.3653136252946898,97.17093895779175,1.3743154208675565,97.17093895779175,1.3743154208675565,97.17093895779175,1.3743154208675565,98.1222628357002,1.3877702571557704,99.06574613219735,1.4011142019361147,99.06574613219735,1.4011142019361147,99.06574613219735,1.4011142019361147,99.06574613219735,1.4011142019361147,99.06574613219735,1.4011142019361147,99.06574613219735,1.4011142019361147,99.06574613219735,1.4011142019361147,99.24689851613762,1.4036762901226267,99.06574613219738,1.4011142019361151,99.06574613219738,1.4011142019361151,99.06574613219738,1.4011142019361151,99.06574613219738,1.4011142019361151,99.06574613219738,1.4011142019361151,99.06574613219738,1.4011142019361151,99.06574613219738,1.4011142019361151,99.06574613219738,1.4011142019361151,99.06574613219738,1.4011142019361151,99.06574613219738,1.4011142019361151,99.06574613219738,1.4011142019361151,99.06574613219738,1.4011142019361151,99.06574613219738,1.4011142019361151,101.12373424017156,1.4302208960062375,101.12373424017156,1.4302208960062375,101.12373424017156,1.4302208960062375,101.12373424017156,1.4302208960062375,101.12373424017156,1.4302208960062375,101.12373424017156,1.4302208960062375,101.12373424017156,1.4302208960062375,101.12373424017156,1.4302208960062375,101.12373424017156,1.4302208960062375,101.12373424017156,1.4302208960062375,101.12373424017156,1.4302208960062375,101.12373424017156,1.4302208960062375,101.12373424017156,1.4302208960062375,101.12373424017156,1.4302208960062375,101.12373424017156,1.4302208960062375,101.12373424017156,1.4302208960062375,1.4302208960062375,101.12373424017156,101.12373424017156,1.4302208960062375,101.12373424017156,1.4302208960062375,101.12373424017156,1.4302208960062375,101.86066833584879,1.4406435584062809,101.86066833584879,1.4406435584062809,101.86066833584879,1.4406435584062809,101.86066833584879,1.4406435584062809,101.86066833584879,1.4406435584062809,101.86066833584879,1.4406435584062809,101.86066833584879,1.4406435584062809,101.86066833584879,1.4406435584062809,101.86066833584879,1.4406435584062809,101.86066833584879,1.4406435584062809,101.86066833584879,1.4406435584062809,101.86066833584879,1.4406435584062809,101.86066833584879,1.4406435584062809,101.86066833584879,1.4406435584062809,101.86066833584879,1.4406435584062809,101.86066833584879,1.4406435584062809,101.86066833584879,1.4406435584062809,101.86066833584879,1.4406435584062809,101.86066833584879,1.4406435584062809,101.86066833584879,1.4406435584062809,101.86066833584879,1.4406435584062809,101.86066833584879,1.4406435584062809,101.86066833584879,1.4406435584062809,101.86066833584879,1.4406435584062809,101.86066833584879,1.4406435584062809,101.86066833584879,1.4406435584062809,101.86066833584879,1.4406435584062809,101.86066833584879,1.4406435584062809,101.86066833584879,1.4406435584062809,101.86066833584879,1.4406435584062809,101.86066833584879,1.4406435584062809,101.86066833584879,1.4406435584062809,101.86066833584879,1.4406435584062809,101.86066833584879,1.4406435584062809,101.86066833584879,1.4406435584062809,101.86066833584879,1.4406435584062809,101.86066833584879,1.4406435584062809,101.86066833584879,1.4406435584062809,101.86066833584879,1.4406435584062809,101.86066833584879,1.4406435584062809,101.86066833584879,1.4406435584062809,101.86066833584879,1.4406435584062809,101.86066833584879,1.4406435584062809,101.86066833584879,1.4406435584062809,101.86066833584879,1.4406435584062809,101.86066833584879,1.4406435584062809,101.86673217875068,1.4407293210108125,101.89689867880256,1.441155974150728,101.89689867880256,1.441155974150728,101.89689867880256,1.441155974150728,101.89689867880256,1.441155974150728,101.89689867880256,1.441155974150728,101.89689867880256,1.441155974150728,101.89689867880256,1.441155974150728,101.89689867880256,1.441155974150728,101.89689867880256,1.441155974150728,101.89689867880256,1.441155974150728,101.89689867880256,1.441155974150728,101.89689867880256,1.441155974150728,101.89689867880256,1.441155974150728,101.89689867880256,1.441155974150728,101.89689867880256,1.441155974150728,101.89689867880256,1.441155974150728,101.89689867880256,1.441155974150728,101.89689867880256,1.441155974150728,101.89689867880256,1.441155974150728,101.89689867880256,1.441155974150728,101.89689867880256,1.441155974150728,97.53774953109298,1.3795033240908046,97.53774953109298,1.3795033240908046,97.53774953109298,1.3795033240908046,97.53774953109298,1.3795033240908046,97.53774953109298,1.3795033240908046,97.53774953109298,1.3795033240908046,97.53774953109298,1.3795033240908046,97.53774953109298,1.3795033240908046,97.53774953109298,1.3795033240908046,97.53774953109298,1.3795033240908046,97.53774953109298,1.3795033240908046,97.53774953109298,1.3795033240908046,97.53774953109298,1.3795033240908046,97.53774953109298,1.3795033240908046,97.53774953109298,1.3795033240908046,97.53774953109298,1.3795033240908046,97.53774953109298,1.3795033240908046,97.53774953109298,1.3795033240908046,97.53774953109298,1.3795033240908046,97.53774953109298,97.53774953109298,1.3795033240908046,1.3795033240908046,97.53774953109298,1.3795033240908046,97.53774953109298,1.3795033240908046,97.53774953109298,1.3795033240908046,97.53774953109298,1.3795033240908046,97.53774953109298,1.3795033240908046,97.53774953109298,1.3795033240908046,97.53774953109298,1.3795033240908046,97.53774953109298,1.3795033240908046,97.53774953109298,1.3795033240908046,97.53774953109298,1.3795033240908046,97.53774953109298,1.3795033240908046,97.53774953109298,1.3795033240908046,97.53774953109298,1.3795033240908046,97.53774953109298,1.3795033240908046,97.53774953109298,1.3795033240908046,97.53774953109298,1.3795033240908046,97.53774953109298,1.3795033240908046,97.53774953109298,1.3795033240908046,97.53774953109298,1.3795033240908046,97.53774953109298,1.3795033240908046,97.53774953109298,1.3795033240908046,97.53774953109298,1.3795033240908046,97.53774953109298,1.3795033240908046,97.53774953109298,1.3795033240908046,97.53774953109298,1.3795033240908046,97.53774953109298,1.3795033240908046,97.53774953109298,1.3795033240908046,97.53774953109298,1.3795033240908046,97.53774953109298,1.3795033240908046,97.53774953109298,1.3795033240908046,97.53774953109298,1.3795033240908046,97.53774953109298,1.3795033240908046,97.53774953109298,1.3795033240908046,97.53774953109298,1.3795033240908046,97.53774953109298,1.3795033240908046,97.53774953109298,1.3795033240908046,97.53774953109298,1.3795033240908046,97.53774953109298,1.3795033240908046,97.53774953109298,1.3795033240908046,97.53774953109298,1.3795033240908046,97.53774953109298,1.3795033240908046,97.53774953109298,1.3795033240908046,97.53774953109298,1.3795033240908046,97.53774953109298,1.3795033240908046,97.53774953109298,1.3795033240908046,97.53774953109298,1.3795033240908046,97.53774953109298,1.3795033240908046,97.53774953109298,1.3795033240908046,97.53774953109298,1.3795033240908046,97.53774953109298,1.3795033240908046,97.53774953109298,1.3795033240908046,92.45286800967688,1.3075864406777284,92.45286800967688,1.3075864406777284,92.57847894971545,1.3093629908868363,92.57847894971545,1.3093629908868363,92.57847894971545,1.3093629908868363,92.57847894971545,1.3093629908868363,92.57847894971545,1.3093629908868363,92.57847894971545,1.3093629908868363,92.57847894971545,1.3093629908868363,92.57847894971545,1.3093629908868363,93.955405555719,1.328837244077448,97.29753232411417,1.376105865802868,97.29753232411417,1.376105865802868,97.41911071635654,1.3778253825750129,96.57868178495782,1.3659389641359956,94.5499433485246,1.3372459562470012,94.5499433485246,1.3372459562470012,94.5499433485246,1.3372459562470012,94.5499433485246,1.3372459562470012,95.55270395965582,1.3514282764560797,96.38420481881931,1.3631884227042226,96.38420481881931,1.3631884227042226,96.38420481881931,1.3631884227042226,98.13321969534267,1.3879252230471413,98.13321969534267,1.3879252230471413,98.13321969534267,1.3879252230471413,98.13321969534267,1.3879252230471413,98.13321969534267,1.3879252230471413,98.13321969534267,1.3879252230471413,98.13321969534267,1.3879252230471413,98.13321969534267,1.3879252230471413,98.13321969534267,1.3879252230471413,98.13321969534267,1.3879252230471413,98.13321969534267,1.3879252230471413,98.13321969534267,1.3879252230471413,99.06956296815918,1.4011681845010413,99.06956296815918,1.4011681845010413,99.06956296815918,1.4011681845010413,99.06956296815918,1.4011681845010413,99.06956296815918,1.4011681845010413,107.85976130832462,1.525490386807033,110.3277501394563,1.5603958343156392,110.33319956718206,1.56047290707668,110.33319956718206,1.56047290707668,110.33319956718206,1.56047290707668,110.33319956718206,1.56047290707668,110.33319956718206,1.56047290707668,110.33319956718206,1.56047290707668,110.33319956718206,1.56047290707668,110.33319956718206,1.56047290707668,110.33319956718206,1.56047290707668,110.33319956718206,1.56047290707668,110.33319956718206,1.56047290707668,110.33319956718206,1.56047290707668,110.33319956718206,1.56047290707668,110.33319956718206,1.56047290707668,109.3643969978654,1.546770864829601,109.3643969978654,1.546770864829601,109.3643969978654,1.546770864829601,109.3643969978654,1.546770864829601,109.3643969978654,1.546770864829601,109.3643969978654,1.546770864829601,109.3643969978654,1.546770864829601,109.3643969978654,1.546770864829601,109.3643969978654,1.546770864829601,109.3643969978654,1.546770864829601,109.3643969978654,1.546770864829601,109.3643969978654,1.546770864829601,109.3643969978654,1.546770864829601,109.3643969978654,1.546770864829601,109.3643969978654,1.546770864829601,109.35961181993734,1.5467031867368641,109.35961181993734,1.5467031867368641,109.35961181993734,1.5467031867368641,109.35961181993734,1.5467031867368641,109.35961181993734,1.5467031867368641,109.35961181993734,1.5467031867368641,109.35961181993734,1.5467031867368641,109.35961181993734,1.5467031867368641,109.35961181993734,1.5467031867368641
Bal,9.0,0.0048999059384409,0.9759823009754864,100.0,0.48999059384409,100.0,0.48999059384409,99.94087213599408,0.4897008728721201,99.94087213599408,0.4897008728721201,99.94087213599408,0.4897008728721201,99.94087213599408,0.4897008728721201,99.94087213599408,0.4897008728721201,99.94087213599408,0.4897008728721201,100.02213380840357,0.49009904742332694,100.02213380840357,0.49009904742332694,100.02213380840357,0.49009904742332694,100.02213380840357,0.49009904742332694,100.02213380840357,0.49009904742332694,100.02213380840357,0.49009904742332694,100.02213380840357,0.49009904742332694,99.37158334460906,0.4869114113425248,100.38145715908682,0.4918596980431603,100.25904971812392,0.4912599130962768,100.25904971812392,0.4912599130962768,101.1303981087281,0.4955294382498492,101.1303981087281,0.4955294382498492,100.1822048217758,0.4908833803323218,100.09170599176518,0.4904399445777308,100.09170599176518,0.4904399445777308,100.09170599176518,0.4904399445777308,100.09170599176518,0.4904399445777308,100.65680775556504,0.49320889006599716,100.65680775556504,0.49320889006599716,100.65680775556504,0.49320889006599716,100.70717341919332,0.4934556770803029,100.65680775556514,0.49320889006599766,100.65680775556514,0.49320889006599766,100.65680775556514,0.49320889006599766,100.65680775556514,0.49320889006599766,100.65680775556514,0.49320889006599766,100.65680775556514,0.49320889006599766,100.65680775556514,0.49320889006599766,100.86139476319838,0.4942113471596276,100.86139476319838,0.4942113471596276,100.86139476319838,0.4942113471596276,100.86139476319838,0.4942113471596276,100.86139476319838,0.4942113471596276,100.86139476319838,0.4942113471596276,100.86139476319838,0.4942113471596276,100.86139476319838,0.4942113471596276,100.86139476319838,0.4942113471596276,100.86139476319838,0.4942113471596276,100.86139476319838,0.4942113471596276,100.86139476319838,0.4942113471596276,100.86139476319838,0.4942113471596276,100.86139476319838,0.4942113471596276,100.86139476319838,0.4942113471596276,100.86139476319838,0.4942113471596276,100.86139476319838,0.4942113471596276,100.86139476319838,0.4942113471596276,100.86139476319838,0.4942113471596276,100.86139476319838,0.4942113471596276,100.86139476319838,0.4942113471596276,100.86139476319838,0.4942113471596276,0.4942113471596276,100.86139476319838,100.86139476319838,0.4942113471596276,100.86139476319838,0.4942113471596276,100.86139476319838,0.4942113471596276,100.86139476319838,0.4942113471596276,100.86139476319838,0.4942113471596276,100.86139476319838,0.4942113471596276,100.86139476319838,0.4942113471596276,100.86139476319838,0.4942113471596276,100.86139476319838,0.4942113471596276,100.86139476319838,0.4942113471596276,100.86139476319838,0.4942113471596276,100.86139476319838,0.4942113471596276,100.86139476319838,0.4942113471596276,100.86139476319838,0.4942113471596276,101.43937300724576,0.49704338618992505,101.43937300724576,0.49704338618992505,101.43937300724576,0.49704338618992505,101.43937300724576,0.49704338618992505,101.43937300724576,0.49704338618992505,101.43937300724576,0.49704338618992505,101.43937300724576,0.49704338618992505,101.43937300724576,0.49704338618992505,105.31272761510648,0.5160224594346692,105.31272761510648,0.5160224594346692,105.31272761510648,0.5160224594346692,105.31272761510648,0.5160224594346692,105.31272761510648,0.5160224594346692,105.31272761510648,0.5160224594346692,105.31272761510648,0.5160224594346692,106.38545564138133,0.5212787258609454,106.38545564138133,0.5212787258609454,107.01191900435778,0.5243483374134092,107.89691185197574,0.5286847191229302,108.05585663008162,0.5294635335850555,108.05585663008162,0.5294635335850555,108.05585663008162,0.5294635335850555,108.46838977793062,0.5314849072060045,108.68578633443202,0.5325501298842023,108.57247977978288,0.5319949384242126,108.57247977978288,0.5319949384242126,109.02926275087745,0.5342331320168576,109.02926275087745,0.5342331320168576,109.02926275087745,0.5342331320168576,109.02926275087745,0.5342331320168576,109.02926275087745,0.5342331320168576,109.02926275087745,0.5342331320168576,109.02926275087745,0.5342331320168576,109.11035246462677,0.5346304639868044,109.11035246462677,0.5346304639868044,109.12195849802504,0.5346873324587743,109.16557681513272,0.534901058109795,109.16557681513272,0.534901058109795,109.7296448503467,0.5376649384252248,110.5906337370006,0.5418837029838718,110.15597825874444,0.5397539320247886,110.15597825874444,0.5397539320247886,110.15597825874444,0.5397539320247886,110.15597825874444,0.5397539320247886,110.15597825874444,0.5397539320247886,110.15597825874444,0.5397539320247886,110.15597825874444,0.5397539320247886,110.15597825874444,0.5397539320247886,110.15597825874444,0.5397539320247886,110.15597825874444,0.5397539320247886,110.15597825874444,0.5397539320247886,110.15597825874444,0.5397539320247886,110.15597825874444,0.5397539320247886,110.15597825874444,0.5397539320247886,110.15597825874444,0.5397539320247886,110.15597825874444,0.5397539320247886,110.15597825874444,0.5397539320247886,110.15597825874444,0.5397539320247886,110.15597825874444,0.5397539320247886,110.15597825874444,0.5397539320247886,110.15597825874444,0.5397539320247886,110.15597825874444,0.5397539320247886,110.15597825874444,0.5397539320247886,110.15597825874444,0.5397539320247886,110.15597825874444,0.5397539320247886,110.15597825874444,0.5397539320247886,112.52125789983516,0.5513435797842423,112.4841579143891,0.5511617933452391,112.25973080429156,0.5500621216157251,112.25973080429156,0.5500621216157251,112.25973080429156,0.5500621216157251,112.25973080429156,0.5500621216157251,112.25973080429156,0.5500621216157251,112.25973080429156,0.5500621216157251,112.25973080429156,0.5500621216157251,112.25973080429156,0.5500621216157251,112.25973080429156,112.25973080429156,0.5500621216157251,0.5500621216157251,112.25973080429156,0.5500621216157251,112.25973080429156,0.5500621216157251,112.47492604822888,0.5511165580694177,112.47492604822888,0.5511165580694177,112.47492604822888,0.5511165580694177,112.47492604822888,0.5511165580694177,112.47492604822888,0.5511165580694177,112.47492604822888,0.5511165580694177,112.47492604822888,0.5511165580694177,113.17432801112821,0.5545435619007855,114.17274519490881,0.5594357121886334,114.39828178889937,0.5605408202848635,114.39828178889937,0.5605408202848635,114.39828178889937,0.5605408202848635,114.39828178889937,0.5605408202848635,114.39828178889937,0.5605408202848635,114.39828178889937,0.5605408202848635,113.0040641923494,0.5537092852040495,112.82263968536306,0.5528203221848884,112.82263968536306,0.5528203221848884,112.82263968536306,0.5528203221848884,112.82263968536306,0.5528203221848884,112.82263968536306,0.5528203221848884,112.82263968536306,0.5528203221848884,112.82263968536306,0.5528203221848884,112.82263968536306,0.5528203221848884,112.82263968536306,0.5528203221848884,112.82263968536306,0.5528203221848884,112.42566391818896,0.5508751782658949,112.60439404788542,0.5517509390897729,112.60439404788542,0.5517509390897729,112.60439404788542,0.5517509390897729,112.60439404788542,0.5517509390897729,112.60439404788542,0.5517509390897729,112.60439404788542,0.5517509390897729,112.82581326213457,0.5528358724125573,112.74543175514744,0.5524420105891301,112.49485410313962,0.5512142036640164,112.49485410313962,0.5512142036640164,112.50168118774069,0.5512476557363954,112.61051102824213,0.551780911718148,112.61051102824213,0.551780911718148,112.61051102824213,0.551780911718148,112.7097079392774,0.5522669672516047,112.7097079392774,0.5522669672516047,112.7097079392774,0.5522669672516047,112.7097079392774,0.5522669672516047,112.7097079392774,0.5522669672516047,112.7097079392774,0.5522669672516047,111.97826896432616,0.5486829850746341,112.86246668330892,0.5530154707286337,113.59568426621378,0.5566081679172784,113.83401522072816,0.5577759671766177,114.193875285154,0.5595392476433055,114.193875285154,0.5595392476433055,114.37863590802475,0.5604445573165,114.85704664970396,0.5627887249506679,114.75910609537652,0.5623088254469047,114.71862877899879,0.5621104904040133,114.23032028334184,0.5597178247063527,114.23032028334184,0.5597178247063527,113.17843854200578,0.5545637031154426,113.04600630981902,0.5539147976345097,113.04600630981902,0.5539147976345097,114.24735779218555,0.5598013068971123,114.24735779218555,0.5598013068971123,114.51638988511723,0.5611195388468994,114.89033421916722,0.5629518309099572,114.89033421916722,0.5629518309099572,114.89033421916722,0.5629518309099572,114.97017367096085,0.5633430367139227,114.77653522284297,0.5623942265320794,114.77653522284297,0.5623942265320794,114.77653522284297,0.5623942265320794,114.68597688823694,0.5619504992105679,114.68597688823694,0.5619504992105679,114.88856726707446,0.562943173010905,115.13158224908659,0.5641339235643963,115.58974492148843,0.56637887756367,116.12427285094691,0.5689980141394861,116.34197116465886,0.5700647153996319,117.04067786396489,0.5734883125047899,117.04067786396489,0.5734883125047899,117.10628702229458,0.5738097912093058,117.8759816033483,0.5775812222577966,117.76410248978218,0.5770330251248464,121.08099251325193,0.5932854742480013,120.96299928957701,0.5927073185506208,120.96299928957701,0.5927073185506208,120.96299928957701,0.5927073185506208,120.96299928957701,0.5927073185506208,119.86669562816306,0.587335533729724,119.86669562816306,0.587335533729724,119.55176677960712,0.5857924119944985,118.73878787537468,0.5818088918338228,118.75024889410622,0.581865049747566,118.75024889410622,0.581865049747566,118.75024889410622,0.581865049747566,119.1296021522906,0.5837238450301105,119.24194547777513,0.5842743167577964,119.19545323468581,0.5840465091397916,119.03091975503901,0.5832403105657978,119.07084158063705,0.5834359237561191,119.07084158063705,0.5834359237561191,119.07084158063705,0.5834359237561191,119.08076712037958,0.5834845579672457,118.83937307845001,0.5823017498676908,116.47897585679729,0.5707360255042353,116.78134287127189,0.572217595434048,116.25614230173397,0.5696441620444966,116.25614230173397,0.5696441620444966,117.16039812118888,0.5740749305041134,117.32197186797255,0.574866626665475,117.55820930723333,0.5760241678969908,117.50960657227532,0.5757860190673456,117.50960657227532,0.5757860190673456,117.50960657227532,0.5757860190673456,117.50960657227532,0.5757860190673456,117.50960657227532,0.5757860190673456,117.50960657227532,0.5757860190673456,117.50960657227532,0.5757860190673456,117.63003395655869,0.5763761019227467,119.63460477770798,0.5861983103933214,120.75821816044,0.5917039102798817,121.76539425637442,0.5966389784134065,122.26140979232936,0.5990694078835911,121.81942160905052,0.5969037073596224,121.81942160905052,0.5969037073596224,121.48188069409562,0.5952497886259681,121.48188069409562,0.5952497886259681,122.66752234856216,0.6010593212095515
Balık,10.0,0.0136566786179742,0.0,100.0,1.36566786179742,102.28128822479898,1.3968226819184686,102.28128822479898,1.3968226819184686,102.28128822479898,1.3968226819184686,102.28128822479898,1.3968226819184686,102.03324037475916,1.3934351721485954,102.03324037475916,1.3934351721485954,102.1074410159675,1.394448506458825,100.80818450980362,1.376704977911833,102.60126576265792,1.4011925123179787,102.60126576265792,1.4011925123179787,102.19356656247996,1.395624695368343,103.4336765789581,1.4125604793143158,102.80355893505518,1.4039551651600186,104.22246876012179,1.4233327606288393,103.02238794572443,1.4069436426310178,103.27948586135483,1.4104547462381332,103.27948586135483,1.4104547462381332,105.22274974656303,1.4369932765883373,104.43001670814152,1.4261671762527648,103.81715294453855,1.4177974927966368,104.61445187019763,1.428685947986819,104.61445187019763,1.428685947986819,104.80042650872299,1.431225743856254,104.80042650872299,1.431225743856254,107.82964504859267,1.472594807918863,107.62463611485076,1.4697950667969362,106.88252727006902,1.459660324804196,107.86501566101208,1.4730778530051958,108.18353405920031,1.4774277564031646,108.80263231600786,1.4858825823293331,108.39968647036495,1.4803796804149403,108.19893961867297,1.4776381451778127,110.18907708192526,1.5048168129190396,109.684966080422,1.4979323309837245,108.96200168197932,1.4880590385419556,109.43284363965414,1.4944891758377785,110.16623963258986,1.504504929213012,109.75824372619378,1.4989330602419115,110.23333548589429,1.505421235718189,110.3215222421967,1.5066255739073728,110.3215222421967,1.5066255739073728,111.04255374230488,1.516472469377786,111.1147271466867,1.5174581183661937,110.9406162243519,1.5150803414559881,110.7306935131833,1.5122134944549448,108.47728751447254,1.4814394529347368,112.4111761135226,1.5351633052508762,114.80522070161881,1.5678580027876066,115.70399192945418,1.5801322325972362,114.4186596796614,1.5625788631444986,113.21241249569344,1.5461055330192117,113.21241249569344,1.5461055330192117,113.82302591313109,1.5544444842209806,115.3976996276185,1.5759492970679068,117.18857456027467,1.6004067004681783,117.19428472569382,1.6004846823621632,117.19428472569382,1.6004846823621632,116.65819236185817,1.5931634412397095,1.5931634412397095,116.65819236185817,116.46404060994693,1.590511973160741,115.72071452968824,1.5803606077742898,115.54444876247001,1.5779534028400397,114.42967103887236,1.5627292417383896,118.20550510012073,1.614294594027659,117.97439529090494,1.6111384016377375,119.5569478341148,1.6327508131164123,119.5569478341148,1.6327508131164123,116.64813193812635,1.5930260492660435,119.76249499235652,1.6355579045973574,133.35454157478347,1.8211801165340968,144.31233488718348,1.9708271781637308,144.31233488718348,1.9708271781637308,141.56927734476744,1.9333661228763448,144.79314750400113,1.9773934815470766,144.79314750400113,1.9773934815470766,142.74734212717618,1.9494545750008547,142.74734212717618,1.9494545750008547,142.74734212717618,1.9494545750008547,142.74734212717618,1.9494545750008547,142.74734212717618,1.9494545750008547,140.8588077046246,1.9236634673330864,140.4142874026835,1.9175927964303119,145.2065547732048,1.9830392517609254,145.2065547732048,1.9830392517609254,135.8795193553832,1.8556629266012732,131.90504580011117,1.8013848185812857,131.90504580011117,1.8013848185812857,126.97750248800345,1.7340909431916824,136.77877048417574,1.8679437102640435,141.05514137802265,1.9263447332125698,135.2897668444705,1.8476088660955952,135.2897668444705,1.8476088660955952,134.57393746337186,1.8378330142926276,134.82765700737497,1.841297980564177,137.44838663043856,1.877088442770961,145.20425928925084,1.9830079030742935,142.90167171996617,1.9515622046508305,140.25501396017114,1.915417650213542,140.25501396017114,1.915417650213542,140.79166361205122,1.922746502039716,140.79166361205122,1.922746502039716,140.79166361205122,1.922746502039716,142.46729770832948,1.9456300983739079,140.04546172750855,1.9125558627183903,141.97744788053723,1.9389403767046791,141.97744788053723,1.9389403767046791,141.97744788053723,1.9389403767046791,144.91579753835674,1.9790684736487547,144.93347225990738,1.9793098516406338,145.27544186951963,1.9839800206962224,146.5248070866324,2.001042199942807,144.05835417043397,1.96735864513992,140.1254035830893,1.913647602948181,138.44322931147292,1.8906746895412911,140.81354451207022,1.9230453224591477,147.27530571317408,2.011291518488718,146.959187096743,2.00697438813896,151.85828442631924,2.0738797858871583,151.85828442631924,2.0738797858871583,145.27760527703367,1.9840095656573615,145.27760527703367,1.9840095656573615,140.01644860003935,1.9121596397608411,144.82386441766312,1.9778129725650944,130.89431917529873,1.7875816498955925,137.64922984204318,1.8798312939644473,130.90462416951632,1.7877223818897823,130.72401496594765,1.7852558600411965,131.0548269908588,1.7897736535483695,125.46402498324211,1.7134218673136234,127.60027031846246,1.7425958833058743,127.58799781443014,1.742428281662467,135.77555044660787,1.854243056627867,135.44303008295796,1.8497019328875683,135.97648078322302,1.8569870976596217,133.0511655697122,1.8170370079324336,131.13391976283305,1.7908537981162265,127.20835949117937,1.7372436830907645,131.3816165065817,1.7942365129403206,126.3157046599011,1.7250529829432153,126.3157046599011,1.7250529829432153,128.89583684884937,1.7602890190395721,126.00330513622524,1.720786643047966,125.22871533014236,1.710208319005533,128.81199898348575,1.759144072256284,129.73742321771306,1.7717822936084113,133.60810004062728,1.8246428830129924,133.60810004062728,1.8246428830129924,134.29307472605115,1.8339973621532741,134.29307472605115,1.8339973621532741,134.29307472605115,134.29307472605115,1.8339973621532741,1.8339973621532741,132.44531150197707,1.8087630536399826,132.44531150197707,1.8087630536399826,132.64565993540631,1.8114991478069404,133.12920894711505,1.8181028212558856,133.12920894711505,1.8181028212558856,133.12920894711505,1.8181028212558856,136.04879771340833,1.8579747067338008,134.19745974065788,1.832691579026696,140.3526559523612,1.9167511155205006,139.15098462113994,1.9003402763455786,151.03461476136994,2.0626311939855713,151.03461476136994,2.0626311939855713,146.49240477054371,2.000599691925506,146.49240477054371,2.000599691925506,146.1511661888988,1.995939506283928,146.25821660807892,1.9974014594545904,145.62607253917702,1.9887684710653386,143.18142852976237,1.9553827534934067,146.89459309893306,2.0060922486702197,136.87809166067285,1.8693001076514235,142.0234682586035,1.9395688622178078,138.86634512478446,1.8964530462218696,142.4254407392414,1.9450584711991494,142.8727438675057,1.9511671462666695,142.38731500055727,1.9445378002388674,142.38731500055727,1.9445378002388674,142.38731500055727,1.9445378002388674,142.38731500055727,1.9445378002388674,145.42445533233547,1.9860150496676499,137.21032594320656,1.8738373244738595,136.22984664679086,1.860447233831133,141.11905029990476,1.927217516819535,144.8795983197074,1.978574112553439,144.8795983197074,1.978574112553439,146.86767368867265,2.005724618935708,154.45513257432165,2.1093441064641087,154.58986879022603,2.111184155662917,156.90859658387052,2.142850275943284,156.39491439464354,2.135835083373234,142.6796251112864,1.9485297854778798,129.9212399542221,1.7742926197035203,136.8307731481068,1.8686538939326285,132.6983551207674,1.8122187890181312,131.45452351998165,1.7952321805913198,145.27220969707497,1.983935879955908,149.90266936328476,2.047172579470827,149.90266936328476,2.047172579470827,151.51946681072053,2.0692526626008183,152.95315426328455,2.0888320713791075,153.29986318973937,2.093566963761684,151.9609666144278,2.0752820835299475,151.50360632797833,2.0690360610852823,151.54291076701242,2.0695728291774307,152.72589308743235,2.085728438538151,144.30347950378143,1.97070624303857,149.97628543337044,2.0481779304811054,145.42548222695072,1.986029073637385,153.0412794345039,2.0900355685206042,148.26300577947163,2.0247802208650953,147.3163758207937,2.0118523997492845,144.0814635608134,1.9676742426573892,142.0486138852991,1.9399122679602372,147.61225568311863,2.0158931359385868,147.61225568311863,2.0158931359385868,147.13876105155325,2.0094267719279624,148.82924027564536,2.0325131034017505,144.5199861335813,1.9736630045004078,144.5199861335813,1.9736630045004078,144.5199861335813,1.9736630045004078,143.07537300396805,1.9539343872619737,149.97423885777653,2.048149981055952,146.2161609262234,1.9968271185234299,154.29023447691833,2.1070921461431564,153.24284657890658,2.0927883062316543,156.54219796530512,2.1378464877634666,152.25737946752815,2.0793300986029757,158.36520361404126,2.1627426900270077,154.881429185526,2.115165902279258,156.17102043606025,2.132777435536356,157.12227091423384,2.1457683576019666,157.7904730050171,2.154893778807652,157.81441552012546,2.1552207540417934,148.59820887248893,2.0293579817781837,152.14785761536874,2.077834393866389,151.35315949811783,2.0669814570807845,154.97156104424363,2.1163968041070054,152.08548215249127,2.0769825522162244,154.89853470061232,2.1153995068013867,154.89853470061232,2.1153995068013867,152.70695637644155,2.0854698259620683,157.9329203624823,2.156839136588534,153.58606909623262,2.097475585845228,153.20224473653633,2.092233819919106,152.93961445473045,2.088647162565135,150.53841513184497,2.0558547551147908,152.47062779818188,2.082242362520533,151.55960284562312,2.069800787530483,153.4925996385704,2.0961991035013385,152.4991853962783,2.0826323644598372,157.7939682475829,2.154941512212065,151.5039052713561,2.0690401436589174,159.8837253842925,2.183480653817726,158.7970871605028,2.1686407848214238,158.7970871605028,2.1686407848214238,154.73573620859352,2.1131762201163955,159.26132737776842,2.1749807642701593,157.0620070473967,2.1449453533402956,157.28660571895233,2.1480126252157548,160.53421952992494,2.192364243307502,143.5146937007419,1.9599340488280386,143.5146937007419,1.9599340488280386,144.91834917346543,1.9791033205093844,155.22660367525248,2.119879839352576,158.23856538200388,2.161013232391325,157.99940792667527,2.1577471358848097,156.26057835990795,2.1340004993200368,161.30889882876446,2.202943789523751,160.87994310623938,2.197085679079885,163.19349999812272,2.228681182016735,165.0359801238209,2.2538433409534,159.55111357783676,2.1789382812724165,159.55111357783676,2.1789382812724165,154.11307527465743,2.1046727398536627,158.12363677000516,2.1594436892732483,147.90068647838584,2.019832142613078,155.10877308363834,2.118270664831536,152.77947625924483,2.086460206694926,157.93227903429653,2.1568303781756124,157.93227903429653,2.1568303781756124,157.93227903429653,2.1568303781756124,157.93227903429653,2.1568303781756124
Bebek Sütü (Toz Karışım),11.0,0.0036488990828444,0.0,100.0,0.36488990828444,100.0,0.36488990828444,100.0,0.36488990828444,100.0,0.36488990828444,100.0,0.36488990828444,100.0,0.36488990828444,100.0,0.36488990828444,100.0,0.36488990828444,100.9748331230088,0.36844697597291315,100.9748331230088,0.36844697597291315,100.9748331230088,0.36844697597291315,100.9748331230088,0.36844697597291315,100.9748331230088,0.36844697597291315,100.9748331230088,0.36844697597291315,100.9748331230088,0.36844697597291315,101.28250772323901,0.36956964953950766,101.55734397551561,0.37057249928837216,101.55734397551561,0.37057249928837216,101.55734397551561,0.37057249928837216,101.55734397551561,0.37057249928837216,101.55734397551561,0.37057249928837216,101.55734397551561,0.37057249928837216,99.55391987935573,0.363262206941346,99.55391987935573,0.363262206941346,99.55391987935573,0.363262206941346,99.55391987935573,0.363262206941346,99.55391987935573,0.363262206941346,99.55391987935573,0.363262206941346,99.55391987935573,0.363262206941346,99.57081800160357,0.3633238664841179,99.55391987935582,0.3632622069413463,99.55391987935582,0.3632622069413463,99.55391987935582,0.3632622069413463,99.55391987935582,0.3632622069413463,99.55391987935582,0.3632622069413463,99.55391987935582,0.3632622069413463,99.55391987935582,0.3632622069413463,99.55391987935582,0.3632622069413463,99.55391987935582,0.3632622069413463,99.55391987935582,0.3632622069413463,99.55391987935582,0.3632622069413463,99.7781314888479,0.36408033247758503,99.7781314888479,0.36408033247758503,99.7781314888479,0.36408033247758503,99.7781314888479,0.36408033247758503,99.7781314888479,0.36408033247758503,99.7781314888479,0.36408033247758503,99.7781314888479,0.36408033247758503,99.7781314888479,0.36408033247758503,99.7781314888479,0.36408033247758503,99.7781314888479,0.36408033247758503,99.7781314888479,0.36408033247758503,99.7781314888479,0.36408033247758503,99.7781314888479,0.36408033247758503,99.7781314888479,0.36408033247758503,99.7781314888479,0.36408033247758503,99.7781314888479,0.36408033247758503,99.77813148884785,0.36408033247758487,99.74699325510102,0.36396671220502463,0.36396671220502463,99.74699325510102,99.74699282816655,0.3639667106471839,99.73769386553624,0.3639327796709707,99.7194658091472,0.3638662673327307,99.7194658091472,0.3638662673327307,99.7194658091472,0.3638662673327307,99.749458204479,0.3639757065565492,99.749458204479,0.3639757065565492,99.749458204479,0.3639757065565492,99.749458204479,0.3639757065565492,99.749458204479,0.3639757065565492,99.50443939441828,0.36308165764523903,99.50443939441828,0.36308165764523903,99.50443939441828,0.36308165764523903,99.50443939441828,0.36308165764523903,99.50443939441828,0.36308165764523903,99.50443939441828,0.36308165764523903,99.50443939441828,0.36308165764523903,99.50443939441828,0.36308165764523903,99.50443939441828,0.36308165764523903,99.50443939441828,0.36308165764523903,99.50443939441828,0.36308165764523903,99.50443939441828,0.36308165764523903,99.50443939441828,0.36308165764523903,99.50443939441828,0.36308165764523903,99.50443939441828,0.36308165764523903,99.73502864656228,0.36392305455590107,99.40464958902888,0.3627175347158764,99.40464958902888,0.3627175347158764,99.40464958902888,0.3627175347158764,99.40464958902888,0.3627175347158764,99.40464958902888,0.3627175347158764,99.3342025881254,0.3624604807188906,99.3342025881254,0.3624604807188906,99.3342025881254,0.3624604807188906,99.3342025881254,0.3624604807188906,99.3342025881254,0.3624604807188906,99.3342025881254,0.3624604807188906,99.3342025881254,0.3624604807188906,103.30496247754222,0.37694938283757895,103.21195114895558,0.376609993886005,103.21195114895558,0.376609993886005,103.21195114895558,0.376609993886005,103.21195114895558,0.376609993886005,103.21195114895558,0.376609993886005,103.21195114895558,0.376609993886005,103.21195114895558,0.376609993886005,103.21195114895558,0.376609993886005,103.3025559566396,0.3769406016856645,103.3025559566396,0.3769406016856645,103.32162942434056,0.37701019884446524,103.38980692747188,0.37725897167311173,103.38980692747188,0.37725897167311173,103.38980692747188,0.37725897167311173,103.48491523113586,0.3776060122751221,103.48491523113586,0.3776060122751221,103.48491523113586,0.3776060122751221,103.48491523113586,0.3776060122751221,103.48491523113586,0.3776060122751221,103.48491523113586,0.3776060122751221,103.48491523113586,0.3776060122751221,103.48491523113586,0.3776060122751221,103.48491523113586,0.3776060122751221,103.48491523113586,0.3776060122751221,103.48491523113586,0.3776060122751221,103.48491523113586,0.3776060122751221,103.48491523113586,0.3776060122751221,103.8212740344085,0.3788333516038903,104.976608766725,0.38304905144901824,106.4404451514102,0.38839044269053036,106.60869744444166,0.3890043783282593,106.60869744444166,0.3890043783282593,106.77713850885276,0.38961900277370226,106.77713850885276,0.38961900277370226,106.77713850885276,0.38961900277370226,106.77713850885276,0.38961900277370226,106.77713850885276,0.38961900277370226,106.77713850885276,0.38961900277370226,106.77713850885276,0.38961900277370226,106.77713850885276,0.38961900277370226,106.77713850885276,0.38961900277370226,106.77713850885276,0.38961900277370226,106.77713850885276,0.38961900277370226,106.8942708336593,0.39004640680626035,106.8942708336593,0.39004640680626035,106.8942708336593,0.39004640680626035,106.8942708336593,0.39004640680626035,106.8942708336593,0.39004640680626035,106.8942708336593,0.39004640680626035,106.14080948204064,0.38729710237138026,106.14080948204064,0.38729710237138026,106.14080948204064,106.14080948204064,0.38729710237138026,0.38729710237138026,106.73604494056086,0.38946905649005115,105.54366982805678,0.3851182000356285,106.97077576628394,0.3903255655847474,106.97077576628394,0.3903255655847474,107.92400013784167,0.39380378511986935,107.92400013784167,0.39380378511986935,107.92400013784167,0.39380378511986935,106.47282715973007,0.38850860137098936,107.93568891273134,0.39384643627984384,107.93568891273134,0.39384643627984384,113.5803801132825,0.4144433448244748,113.5803801132825,0.4144433448244748,113.5803801132825,0.4144433448244748,113.5803801132825,0.4144433448244748,113.5803801132825,0.4144433448244748,114.91492945876789,0.41931298070722706,117.55219736493605,0.428936105151259,119.6145513265989,0.4364614266304711,119.6145513265989,0.4364614266304711,119.6145513265989,0.4364614266304711,119.6145513265989,0.4364614266304711,121.5230443794993,0.4434253251808143,121.5230443794993,0.4434253251808143,120.72296309200605,0.44050590930467926,119.24122415497382,0.43509919345632747,119.24122415497382,0.43509919345632747,119.24122415497382,0.43509919345632747,119.24122415497382,0.43509919345632747,119.24122415497382,0.43509919345632747,119.24122415497382,0.43509919345632747,120.1234219629379,0.4383182442286949,119.01754601551346,0.43428301449839823,118.62102127411708,0.43283613573319185,118.62102127411708,0.43283613573319185,118.62102127411708,0.43283613573319185,120.3691750298447,0.43921497236913737,121.5552154372737,0.44354271412402146,120.10424428120308,0.4382482668034017,120.48761516635886,0.4396471484746359,120.49496981503131,0.4396739848454314,120.49496981503131,0.4396739848454314,120.49496981503131,0.4396739848454314,120.49496981503131,0.4396739848454314,119.38336253079147,0.4356178420454855,118.54351700808527,0.43255333048795186,118.54351700808527,0.43255333048795186,118.54351700808527,0.43255333048795186,118.7223597994084,0.43320590978518414,118.7223597994084,0.43320590978518414,118.7223597994084,0.43320590978518414,119.87522454712231,0.4374125969057611,118.82503864487717,0.4335805745302427,120.81738775534092,0.4408504553721197,121.60036193004188,0.4437074491200769,121.60036193004188,0.4437074491200769,121.60036193004188,0.4437074491200769,122.72625821967264,0.4478157310586885,122.8843506936853,0.4483925945421179,123.33235210636255,0.4500273064859489,123.33235210636255,0.4500273064859489,123.33235210636255,0.4500273064859489,122.9495435333303,0.44863047663490657,123.16955225286613,0.4494332662498386,123.16955225286613,0.4494332662498386,122.18068472382286,0.445824988430058,123.76349237159559,0.45160049380433503,123.76349237159559,0.45160049380433503,123.76349237159559,0.45160049380433503,123.76349237159559,0.45160049380433503,124.56418538753351,0.45452214181583084,122.23817030635531,0.44603474751943745,125.66442791902035,0.4585368157798796,126.67604553724068,0.462228106379193,124.67853487098344,0.454939391541115,122.93941652104887,0.4485935241890809,122.93941652104887,0.4485935241890809,122.93941652104887,0.4485935241890809,125.37735377958039,0.45748931121576875,126.16471720606116,0.46036232090051965,129.04470831641476,0.4708711178216889,128.6652273610688,0.4694864301117701,125.3289897231636,0.4573128356546669,124.36315285190042,0.4537885943809374,124.36315285190042,0.4537885943809374,124.36321762763158,0.45378883074104337,124.64726470115974,0.45482528984712495,126.5543123409611,0.4617839142309367,126.6125821760934,0.4619965349789084,127.89322167289608,0.466669459264246,127.89322167289608,0.466669459264246,127.54342706731134,0.46539309404874396,127.54342706731134,0.46539309404874396,127.75651778245216,0.466170640563784,127.75651778245216,0.466170640563784,127.83337787102673,0.46645109527049106,127.85966932960973,0.4665470301496012,127.85966932960973,0.4665470301496012,127.93857615395345,0.46683495318857915,126.64842433922433,0.46212731941508406,125.76341118352981,0.4588979957229651,123.09901678577053,0.44917588944864545,123.09901678577053,0.44917588944864545,123.61124255811029,0.4510449495995453,123.37219678479896,0.4501726956965517,123.37219678479896,0.4501726956965517,123.91866248976619,0.4521666939062126,123.85392394221422,0.45193046947942556,127.6286874281213,0.4657042005011064,128.12979945298682,0.4675327077090405,127.2830225494505,0.46444290424235296,127.2830225494505,0.46444290424235296,127.2830225494505,0.46444290424235296,126.6334959931007,0.4620728473866051,125.78758643481594,0.45898620877521057,122.39916186828452,0.44662218948210664,122.41185074279979,0.4466684899046877,120.96055854000356,0.4413728711169653,120.96055854000356,0.4413728711169653,122.14680594595633,0.4457013681885729,123.47454015577601,0.4505461363290451,123.47454015577601,0.4505461363290451,123.59753797884005,0.45099494297281534,129.05747806646502,0.47091771335093546,127.91782136581753,0.4667592210611854,127.91782136581753,0.4667592210611854,127.91782136581753,0.4667592210611854,124.85531459188361,0.4555844429025731,124.35118893482793,0.45374493925490433,134.77569934976316,0.4917829257470634,134.77569934976316,0.4917829257470634,134.77569934976316,0.4917829257470634
Beyaz Lahana,12.0,0.0019198168522606,0.0,100.0,0.19198168522606,91.64578111946533,0.17594311503173585,91.64578111946533,0.17594311503173585,91.64578111946533,0.17594311503173585,91.64578111946533,0.17594311503173585,105.94947048036293,0.20340357891628771,105.94947048036293,0.20340357891628771,105.94947048036293,0.20340357891628771,105.94947048036293,0.20340357891628771,102.73156704891693,0.19722579367965046,102.73156704891693,0.19722579367965046,102.73156704891693,0.19722579367965046,115.90228077313705,0.22251115184370823,125.58501099645672,0.24110022050233038,125.58501099645672,0.24110022050233038,112.16243133083677,0.21533132585946274,112.16243133083677,0.21533132585946274,112.16243133083677,0.21533132585946274,114.23951339251897,0.21931894300500843,114.23951339251897,0.21931894300500843,120.97930769296251,0.23225811368376986,123.10175168757591,0.23633281743260798,123.10175168757591,0.23633281743260798,123.10175168757591,0.23633281743260798,123.10175168757591,0.23633281743260798,121.05005582611624,0.23239393714206438,137.19006326959854,0.2633797954276732,140.8003280924828,0.27031084267577005,140.8003280924828,0.27031084267577005,141.80411577779466,0.2722379311901234,140.8003280924828,0.27031084267577005,140.8003280924828,0.27031084267577005,147.5051056206962,0.28318278756509235,147.5051056206962,0.28318278756509235,159.828005004213,0.30684049747027964,159.828005004213,0.30684049747027964,159.828005004213,0.30684049747027964,147.01614087561865,0.2822440648073311,147.01614087561865,0.2822440648073311,147.01614087561865,0.2822440648073311,149.40664723131982,0.2868333991944423,159.38420349341825,0.30598847985079713,159.38420349341825,0.30598847985079713,169.17095283073346,0.32477724615742515,169.17095283073346,0.32477724615742515,169.17095283073346,0.32477724615742515,169.17095283073346,0.32477724615742515,169.17095283073346,0.32477724615742515,171.43108580108398,0.32911628752225386,171.43108580108398,0.32911628752225386,171.43108580108398,0.32911628752225386,171.43108580108398,0.32911628752225386,171.43108580108398,0.32911628752225386,171.43108580108398,0.32911628752225386,171.43108580108398,0.32911628752225386,171.43108580108398,0.32911628752225386,176.17287477250335,0.33821965389944825,176.17287477250335,0.33821965389944825,176.17287477250335,0.33821965389944825,0.33821965389944825,176.17287477250335,176.17287477250335,0.33821965389944825,164.92779765936484,0.31663116535267494,161.86791273061965,0.3107567467004917,161.86791273061965,0.3107567467004917,162.2776616922835,0.3115433896622902,162.2776616922835,0.3115433896622902,162.2776616922835,0.3115433896622902,162.2776616922835,0.3115433896622902,162.2776616922835,0.3115433896622902,184.572244522822,0.3543449054944779,249.3344355834614,0.4786764512820142,249.3344355834614,0.4786764512820142,249.3344355834614,0.4786764512820142,249.3344355834614,0.4786764512820142,249.3344355834614,0.4786764512820142,249.3344355834614,0.4786764512820142,249.3344355834614,0.4786764512820142,249.3344355834614,0.4786764512820142,249.3344355834614,0.4786764512820142,249.3344355834614,0.4786764512820142,249.3344355834614,0.4786764512820142,249.3344355834614,0.4786764512820142,249.3344355834614,0.4786764512820142,249.3344355834614,0.4786764512820142,249.3344355834614,0.4786764512820142,249.3344355834614,0.4786764512820142,249.3344355834614,0.4786764512820142,249.3344355834614,0.4786764512820142,249.3344355834614,0.4786764512820142,249.3344355834614,0.4786764512820142,277.0896603237356,0.5319613994766729,277.0896603237356,0.5319613994766729,184.57224452282213,0.35434490549447817,184.57224452282213,0.35434490549447817,184.57224452282213,0.35434490549447817,184.57224452282213,0.35434490549447817,184.57224452282213,0.35434490549447817,258.58617716355286,0.49643810068023386,258.58617716355286,0.49643810068023386,258.58617716355286,0.49643810068023386,254.42289345251132,0.48844535845103426,254.42289345251132,0.48844535845103426,254.42289345251132,0.48844535845103426,254.42289345251132,0.48844535845103426,277.08966032373536,0.5319613994766724,277.08966032373536,0.5319613994766724,277.08966032373536,0.5319613994766724,277.08966032373536,0.5319613994766724,277.08966032373536,0.5319613994766724,277.08966032373536,0.5319613994766724,268.4306084386181,0.5153376057430255,268.4306084386181,0.5153376057430255,268.4306084386181,0.5153376057430255,178.80436188148363,0.3432716271977751,178.80436188148363,0.3432716271977751,178.80436188148363,0.3432716271977751,178.80436188148363,0.3432716271977751,178.80436188148363,0.3432716271977751,268.43060843861844,0.5153376057430261,268.43060843861844,0.5153376057430261,268.43060843861844,0.5153376057430261,268.43060843861844,0.5153376057430261,268.43060843861844,0.5153376057430261,268.43060843861844,0.5153376057430261,268.43060843861844,0.5153376057430261,268.43060843861844,0.5153376057430261,268.43060843861844,0.5153376057430261,178.80436188148408,0.343271627197776,178.80436188148408,0.343271627197776,178.80436188148408,0.343271627197776,178.80436188148408,0.343271627197776,178.80436188148408,0.343271627197776,241.54273447147858,0.4637178121794519,241.54273447147858,0.4637178121794519,241.54273447147858,0.4637178121794519,241.54273447147858,0.4637178121794519,241.54273447147858,0.4637178121794519,241.54273447147858,0.4637178121794519,241.54273447147858,0.4637178121794519,241.54273447147858,0.4637178121794519,241.54273447147858,0.4637178121794519,178.80436188148423,0.34327162719777626,178.80436188148423,0.34327162719777626,178.80436188148423,0.34327162719777626,178.80436188148423,0.34327162719777626,178.80436188148423,0.34327162719777626,241.54273447147858,0.4637178121794519,241.54273447147858,0.4637178121794519,241.54273447147858,0.4637178121794519,241.54273447147858,0.4637178121794519,241.54273447147858,241.54273447147858,0.4637178121794519,0.4637178121794519,240.2618571225168,0.46125876225923623,241.1729149767174,0.46300782648111494,236.65175483558306,0.45432802705039627,231.22339717158468,0.4439065745269542,228.4687541034338,0.4386181643427553,228.059319124972,0.4378321241711994,225.9995073585198,0.43387766282947976,223.84071560618412,0.42973317804282457,223.69195018093882,0.4294475756724049,221.74056197816415,0.42570126771541555,219.84147478279698,0.42205536811383737,216.96854793520993,0.4165398747365278,215.79334550872696,0.41428370131334824,214.31168612105358,0.4114391866515828,216.41670648397402,0.4154804402186692,214.34499660693476,0.41150313668373445,213.6733766482072,0.41021374936865473,210.40103538981768,0.40393145347445086,209.27230562796996,0.40176449905600753,206.8308149396142,0.39707728408786486,211.6209425630859,0.40627345182388475,210.53911364909212,0.40419653844353676,206.16949119256915,0.3958076636134876,205.68982705022552,0.39488679630959117,204.14235288371606,0.3919159293262884,204.0762190081511,0.39178896439747346,201.78317743529811,0.38738674454297617,199.3120809147757,0.38264269179931465,195.67454017967057,0.37565927979527547,192.9116465925737,0.37035503012576415,185.5178161561861,0.35616022985122986,181.84520944023456,0.3491094975862206,181.53242705076534,0.3485090126838273,183.45457659867245,0.3521991877784645,183.1036394417244,0.35152545271047114,179.68039780015454,0.3449534557176251,178.95430669206402,0.3435594937720364,175.65038435215575,0.3372165679853202,172.92496078219844,0.3319842538861679,170.37491190446906,0.3270886270766148,170.8792118927266,0.32805679069266647,171.40488741267086,0.3290659914146763,168.95959955749848,0.3243714865816882,171.42327765501963,0.3291012973118546,169.25545851005523,0.3249394815846988,165.87662677227348,0.31845274347355246,164.63960799518233,0.31607789397873004,165.13175591933148,0.31702272785731667,164.24476730056125,0.31531987215923823,163.15560602629228,0.313228881990067,162.00488481823362,0.31101970802258233,163.50099014641052,0.3138919562443732,156.8201072574259,0.30106588468612105,155.19083640964442,0.2979379830556533,156.08717687502167,0.2996587925864476,156.90969629546277,0.30123787923112205,159.0772683132953,0.30539922051944546,158.69317418216215,0.3046618301336417,158.4495004963846,0.30419402128523343,155.2508852091266,0.2980532657528572,154.9753265278526,0.2975242435527606,154.65708918245707,0.2969132861340516,156.94391565094324,0.301303574126447,156.94391565094318,0.30130357412644687,151.95494623154772,0.2917256665596787,151.06415525948444,0.29001551103967,150.87620530235733,0.28965468154459567,150.72243630148134,0.2893594732253587,150.0273202013335,0.28802497762201723,150.7223489383542,0.28935930550415495,157.22699135236002,0.30184702762849236,158.08404623083428,0.30349241602749943,158.87664894935796,0.30501406808366877,157.34614177019978,0.30207577460861507,155.6007790836529,0.2987249979096755,155.78549368265016,0.29907961610968903,154.5884523929497,0.2967815160688703,157.10640144214852,0.30161551708665574,156.39578598067695,0.30025126554824566,156.46585115661685,0.30038577785377174,154.14405238956826,0.29592834945323393,153.95587880902377,0.2955670906421544,153.9964302959028,0.295644942070049,154.732188036048,0.29705746217876094,157.66235875652183,0.30268285330792716,158.15743368378793,0.30363330649642434,157.5605428523254,0.3024873854192227,154.30627253310277,0.29623978241856763,154.09574161236006,0.29583560160900385,153.99031805636866,0.29563320768958634,156.13525473905153,0.29975109328003285,157.11131171940525,0.3016249439196825,158.73625471702343,0.3047445368704727,157.15319068968054,0.3017053438725723,157.1704019669704,0.3017383863727623,160.25890852183775,0.307667753305114,160.2589085218377,0.30766775330511387,160.35489365757033,0.3078520271862599,162.9685312186675,0.31286973262175555,166.94064048797622,0.32049545493599496,166.47694353303535,0.31960524170755755,164.91449450214617,0.31660562572725826,159.2192052920299,0.3056717135231791,159.48153128909414,0.3061753313931291,164.62037308866726,0.3160409664810508,164.73108094314895,0.31625350528576235,164.99998455960915,0.31676975098027643,164.7960082393809,0.31637815380324014,165.48660292479875,0.31770396911838694,164.27967448468456,0.3153868875595831,164.0102430014945,0.3148696284576253,168.93161624540087,0.3243177637475411,171.09735938197875,0.3284755939188111,170.4495555995062,0.3272319293002621,171.20007855190852,0.3286727959122925,170.46196807724175,0.3272557589841971,170.09987818452794,0.3265606127061319,168.83980006858081,0.32414149350397187,168.54916936384035,0.3235835357792267,167.95321894672134,0.3224394201253299,166.59623604125272,0.31983426147518174,166.02619297488098,0.318739883189847,164.13164992583603,0.31510270751695724,164.0066676691686,0.31486276447437356,163.86673542047657,0.3145941201851599,163.83377709371263,0.31453084623401617,168.5975520956202,0.32367642176305605,170.54730346268107,0.3274195872952577,158.77155511814954,0.30481230717544616,165.93998201424924,0.31857437393477656,167.4461946575179,0.3214660263504117
Beyaz Peynir,13.0,0.0284563895683025,-0.17386430488948168,100.0,2.8456389568302503,100.0,2.8456389568302503,100.0,2.8456389568302503,100.0,2.8456389568302503,100.0,2.8456389568302503,100.06734384645604,2.847555319560031,100.06734384645604,2.847555319560031,101.0567765252847,2.8757110013203886,101.85923580302412,2.89854609514044,101.85923580302412,2.89854609514044,101.85923580302412,2.89854609514044,101.78554597701113,2.896449148744194,101.2968239520309,2.882541884410747,101.13328414045574,2.8778881318226377,101.5709497876124,2.8903425159787908,101.42447861675576,2.886174475280369,101.30525973789604,2.88278193641964,101.30525973789604,2.88278193641964,101.59177573192008,2.890935147163138,101.59177573192008,2.890935147163138,101.80965281099301,2.897135142203241,100.9602478622896,2.872964144081693,100.44618628232398,2.8583358075000938,100.17906392453129,2.8507344696243417,100.11470496552397,2.8489030460146187,100.47425259065874,2.8591344733038118,100.62964416966484,2.8635563566116433,100.62964416966484,2.8635563566116433,100.62964416966484,2.8635563566116433,100.72003675186461,2.8661286031448046,100.62964416966484,2.8635563566116433,100.5222124981141,2.8604992391140214,100.87620490542824,2.8705725849607737,100.87620490542824,2.8705725849607737,101.21505979049358,2.8802151715773157,101.84741242772265,2.8982096445668493,101.80490347547268,2.896999993261484,101.85805774777717,2.8985125719413998,101.85805774777717,2.8985125719413998,101.85805774777717,2.8985125719413998,101.85805774777717,2.8985125719413998,101.85805774777717,2.8985125719413998,101.78436877402552,2.8964156497974347,101.78436877402552,2.8964156497974347,101.6757043246443,2.8933234518936177,101.6757043246443,2.8933234518936177,102.08089146825539,2.9048536151002824,101.95607586431544,2.901301813650364,101.6393197940748,2.892288079517472,101.44945838269368,2.886885309231223,101.38826745529516,2.8851440363631253,101.38826745529516,2.8851440363631253,101.38826745529516,2.8851440363631253,101.64836448984065,2.8925454589037116,101.574719351211,2.890449784149055,101.574719351211,2.890449784149055,101.574719351211,2.890449784149055,101.574719351211,2.890449784149055,101.574719351211,2.890449784149055,2.890449784149055,101.574719351211,101.574719351211,2.890449784149055,101.574719351211,2.890449784149055,101.47170239446535,2.8875182934957597,101.47170239446535,2.8875182934957597,101.47170239446535,2.8875182934957597,101.58898150696179,2.890855633609183,101.58898150696179,2.890855633609183,101.58898150696179,2.890855633609183,101.58898150696179,2.890855633609183,101.74588966361935,2.895320673241475,103.43819099944047,2.9434774593205595,103.43819099944047,2.9434774593205595,103.65316103425035,2.949594730376621,103.65316103425035,2.949594730376621,104.12883134419472,2.963130590022473,104.12883134419472,2.963130590022473,104.91534593482226,2.985511955614524,104.91534593482226,2.985511955614524,105.4687373436357,3.001259477127471,105.4687373436357,3.001259477127471,105.4687373436357,3.001259477127471,105.4687373436357,3.001259477127471,105.4687373436357,3.001259477127471,105.4687373436357,3.001259477127471,105.4687373436357,3.001259477127471,105.52662486947742,3.0029067471139683,105.7900746411595,3.0104035764486343,105.7900746411595,3.0104035764486343,106.07345081470892,3.0184674392375315,106.07345081470892,3.0184674392375315,106.23397063138836,3.023035253674394,106.63990618270007,3.0345867138621436,107.171484632402,3.049713517312976,108.51888505378902,3.08805566860846,108.51888505378902,3.08805566860846,108.62246579242758,3.091003202458931,108.57977062326201,3.0897882520924713,108.73168547959943,3.0941112004256217,109.1605389300794,3.1063148212801903,109.99451121990789,3.1300466616487195,110.62102171445518,3.147874888350187,110.62102171445518,3.147874888350187,110.69584667648125,3.1500041366190343,110.81042551198222,3.153264636598332,110.91020397099594,3.1561039712985512,111.14889290651983,3.1628961966334628,111.37277981743401,3.1692672097896804,111.54090294679008,3.174051387054079,111.54090294679008,3.174051387054079,111.54541648875109,3.174179826162454,111.81458484872029,3.181839385873199,112.04766339956214,3.18847195991597,111.76905252978553,3.180543700467643,112.33072378997689,3.1965268366569677,111.33933847171672,3.1683155898282607,111.33933847171672,3.1683155898282607,111.5583206013089,3.174547030616433,111.59671939705956,3.175639721707267,111.6124147280212,3.176086354159515,111.92926178203577,3.1851026773621225,111.81547515150001,3.1818647206759323,112.16978016913647,3.1919469622838,112.16978016913647,3.1919469622838,112.16978016913647,3.1919469622838,112.2371980718729,3.1938654323879456,112.6150657284017,3.204618181627391,112.7535708418459,3.2085595370927606,112.58443423871174,3.2037465200237154,112.43889428088936,3.1996049782861675,112.43889428088936,3.1996049782861675,112.1701305015855,3.191956931480448,112.9500066950938,3.214149392257965,112.98329844832169,3.2150967553572296,112.98329844832169,3.2150967553572296,113.04961037030301,3.216983753242153,113.01762153790193,3.2160734665655126,113.01762153790193,3.2160734665655126,112.93394834814845,3.213692429681465,113.6098469285018,3.2329260629926626,114.1927278518869,3.249512749620441,114.0407299432561,3.2451874379188754,113.92143905987236,3.241792850069361,113.35405077257543,3.2256470279295475,113.35405077257543,3.2256470279295475,113.00693563023636,3.21576938421409,112.95973811634414,3.2144263133721176,113.0585817695786,3.2172390468749117,113.0585817695786,3.2172390468749117,113.24236262070715,3.22246878636982,113.13086405509578,3.219295939750476,113.13086405509578,113.13086405509578,3.219295939750476,3.219295939750476,113.44006924520136,3.228094803096661,113.7882466838792,3.2380026759305713,114.91583273325854,3.2700897038234933,114.91583273325854,3.2700897038234933,115.3095714989019,3.2812940875267835,115.42044415480765,3.28444912301571,115.50629709582438,3.2868921877508663,115.6582218814496,3.2912154186356988,116.00969938845016,3.301217199499402,116.75009492224848,3.3222861832437984,116.54293018329732,3.3163910227273883,116.67777668551092,3.3202282673263017,116.67777668551092,3.3202282673263017,116.31251744263827,3.3098343080176944,116.45202521635356,3.313804195574343,116.51878093990402,3.315703822449609,116.58654654656144,3.3176321869519847,116.74924524608845,3.322262004527982,116.01147784680612,3.3012678080032103,116.01147784680612,3.3012678080032103,115.80821678190169,3.295483731956222,115.7315170022066,3.2933011331454156,115.87020638088946,3.2972477321342004,115.90418433879526,3.2982146221411037,116.1549534828969,3.3053506065973695,116.1127129064661,3.304148592298865,116.1127129064661,3.304148592298865,116.1127129064661,3.304148592298865,116.1127129064661,3.304148592298865,116.81688892504805,3.3241868994082893,117.11522684388827,3.332676519449803,117.18206927523147,3.334578613715798,117.44841409497346,3.342157825665875,117.44841409497346,3.342157825665875,117.36618715143206,3.3398179437274504,117.39618717638992,3.3406716361247097,116.47200643931122,3.3143727890388774,116.75784278054586,3.3225066593178285,116.89602811312221,3.326438914974247,116.3941074201593,3.312156064202902,116.28798106726788,3.30913609136156,116.06655420374146,3.3028350822721655,116.14822997172716,3.305159279744257,116.35191134863936,3.3109553163534784,116.03029549425419,3.3018032903097514,115.9912200715685,3.3006913448592616,115.65564236486394,3.291142014906839,115.7865390592856,3.2948668622365047,115.94752710371698,3.2994480007446834,115.99720990387358,3.3008617938607836,116.23442007379667,3.307611938865678,115.58894917863034,3.2892441676178246,115.39105391370174,3.2836127828652937,115.37673701097629,3.2832053755039268,115.37673701097629,3.2832053755039268,115.57299596675567,3.288790196805853,116.12387672919071,3.304466274387388,115.92835869697231,3.2989025370949534,116.42823301958583,3.3131271555544353,116.22151121857995,3.3072445994527504,116.23014640542007,3.3074903256934682,116.71409485819643,3.3212617513966496,116.5254406386044,3.3158933334302345,116.5254406386044,3.3158933334302345,115.73529204008143,3.2934085570938167,115.65155621788514,3.291025737916577,115.4577844490263,3.2855116929745907,115.4577844490263,3.2855116929745907,115.46534482695785,3.2857268340342944,115.87165996959143,3.297289096020576,115.83522503771673,3.296252289405255,115.77722248478186,3.2946017461629844,116.13749478293691,3.304853795029952,115.47820340830393,3.286092742834374,114.95648880655689,3.271246628883589,115.05069535950913,3.2739274072542845,115.16560469722931,3.277197312133486,115.16670552861213,3.2772286378201643,114.9780655286546,3.271860624493208,114.63520612238906,3.262104083661359,114.50019331751895,3.258262106689266,114.30389795191135,3.252676249295084,114.30835794610779,3.25280316462741,112.76043309641763,3.2087548120821707,112.99556065393293,3.2154456934570694,114.41146421970197,3.255737196915742,116.0065928244653,3.30112879790443,116.13946830064197,3.304909954218587,116.03898992177817,3.302050702326447,116.03898992177817,3.302050702326447,115.88551053409601,3.2976832330798596,118.02035923588691,3.358433319407406,117.52206891964241,3.3442537760502398,117.49940092675489,3.343608726813901,116.09390441210488,3.303613370456129,115.57733621715205,3.2889137046619563,116.04073876412662,3.3021004680656083,115.51889589743465,3.287250704157582,115.91996711572176,3.2986637429897936,116.32653449997218,3.3102331828617895,115.13023222229508,3.276190739206762,114.06186482665998,3.245788860394497,113.94171775074504,3.242369908396769,113.94171775074504,3.242369908396769,114.09131554466418,3.246626921499091,114.14755186436585,3.248227204120409,114.11073505610476,3.24717953068187,114.56009915434042,3.259966810519273,114.58984818238049,3.2608133604504594,111.47578706516181,3.1721984241593812,111.47578706516181,3.1721984241593812,113.64294121249556,3.233867806830473,113.51202059633145,3.230142278774385,113.97422175532552,3.243294855013641,114.98086765710327,3.271940362951964,114.88776769184383,3.269291074071746,114.7262254626502,3.26469416546608,114.7262254626502,3.26469416546608,115.05750722916126,3.274121248470794,115.10544573141514,3.2754854051662514,114.44606727793216,3.256721875020995,114.72767197870468,3.2647353280904428,115.49033564873478,3.286437982594411,114.664368110616,3.262933928558931,114.7813730144416,3.2662634656835943,115.97099450390256,3.3001157982265195,116.47961126083682,3.3145891948028074,116.77982740090565,3.323132262239298,117.09693329975966,3.332155951231494,117.21530654230723,3.3355244263358914,117.01151096436335,3.329725139977623
Bisküvi,14.0,0.0113822582928912,-0.25106612022461894,100.0,1.13822582928912,99.6659410061472,1.134423483536024,99.62663834223852,1.1339761304638167,99.62663834223852,1.1339761304638167,99.62663834223852,1.1339761304638167,99.63187853992116,1.1340357757473465,99.6371190132296,1.13409542416812,99.73332891002478,1.1351905100637751,100.56503151924916,1.1446571639848386,100.61484454569138,1.1452241487181547,100.61484454569138,1.1452241487181547,100.61484454569138,1.1452241487181547,100.61484544204764,1.145224158920713,100.55976351180875,1.1445972021634632,99.4136325654791,1.1315516436948632,99.38806649233754,1.131260644046831,99.30207499894696,1.130281866658068,99.30207499894696,1.130281866658068,99.30207499894696,1.130281866658068,99.30207499894696,1.130281866658068,99.347574231478,1.1307997506748646,99.42812942893195,1.1317166507391203,99.72181202801065,1.1350594219379615,99.72181202801065,1.1350594219379615,99.63296734375501,1.1340481687938135,99.63296734375501,1.1340481687938135,99.63296734375501,1.1340481687938135,99.62780581615085,1.1339894189534372,99.62780581615085,1.1339894189534372,99.72194797569493,1.1350609693296185,99.62780581615085,1.1339894189534372,99.62780581615085,1.1339894189534372,99.62780581615085,1.1339894189534372,99.61735055060488,1.133870414420472,99.61735055060488,1.133870414420472,99.55706702496113,1.1331842517607889,99.89318541607453,1.1370100381054327,99.89318541607453,1.1370100381054327,99.89318541607453,1.1370100381054327,99.90902890305566,1.1371903727665118,99.92501301640053,1.1373723080731861,99.92501301640053,1.1373723080731861,99.92501301640053,1.1373723080731861,99.71158607873927,1.1349430275420649,99.71158607873927,1.1349430275420649,99.71158607873927,1.1349430275420649,99.71158607873927,1.1349430275420649,99.71158607873927,1.1349430275420649,99.71158607873927,1.1349430275420649,99.40607088865076,1.1314655747360756,99.65744985721598,1.1343268350856854,99.65744985721598,1.1343268350856854,99.65744985721598,1.1343268350856854,99.65744985721598,1.1343268350856854,99.64712426535385,1.1342093065320837,98.72226417993821,1.1236823101550975,98.72226417993821,1.1236823101550975,98.72226417993821,1.1236823101550975,98.72226417993821,1.1236823101550975,1.1236823101550975,98.72226417993821,98.72226417993821,1.1236823101550975,98.72226417993821,1.1236823101550975,98.72226417993821,1.1236823101550975,98.71182566403238,1.123563496270863,98.78098584879672,1.1243506953574347,100.14314183690773,1.1398551066493228,100.14314183690773,1.1398551066493228,100.14314183690773,1.1398551066493228,100.14314183690773,1.1398551066493228,100.14790511420213,1.1399093235018083,102.18368062685789,1.163081046213199,102.24095141672849,1.1637329171361441,102.24095141672849,1.1637329171361441,102.44089316498741,1.1660087057583595,102.44089316498741,1.1660087057583595,104.05715821306944,1.1844054520054013,104.05715821306944,1.1844054520054013,104.11752276043312,1.185092536875228,104.11752276043312,1.185092536875228,106.80820051091784,1.2157185260141807,106.80820051091784,1.2157185260141807,107.08932692245739,1.2189183794432774,107.18729030521035,1.2200334239690172,107.18729030521035,1.2200334239690172,107.21729813580494,1.220374980847654,109.22097323727824,1.243181328387658,109.18174534602782,1.2427348263971605,109.24217902536004,1.2434226981449095,109.24217902536004,1.2434226981449095,109.60890163514073,1.2475968296112763,109.60890163514073,1.2475968296112763,109.89793185236545,1.2508866461981785,110.20225940214723,1.2543505809754376,111.05891371426173,1.264101241623644,111.05891371426173,1.264101241623644,111.61914855263322,1.2704779792586642,111.602108237464,1.2702840219900158,111.94529480353923,1.2741902601277346,113.10489316375994,1.2873891081797797,113.15966298815263,1.2880125124676738,113.15966298815263,1.2880125124676738,113.15966298815263,1.2880125124676738,113.15966298815263,1.2880125124676738,113.15966298815263,1.2880125124676738,113.08993075578684,1.2872188021875464,113.08993075578684,1.2872188021875464,113.16083861886676,1.288025893800119,113.16083861886676,1.288025893800119,113.16083861886676,1.288025893800119,113.169322186141,1.2881224559540796,113.19964642730498,1.288467614299544,113.19964642730498,1.288467614299544,113.36040739001274,1.2902974371004974,113.59555528452323,1.2929739511728453,113.4646909250298,1.2914844192317574,113.42940444659735,1.2910827794199926,113.42940444659735,1.2910827794199926,113.7039950317153,1.2942082403846011,113.6687524915393,1.2938071006894205,113.70655312400086,1.2942373572517327,113.70655312400086,1.2942373572517327,113.70655312400086,1.2942373572517327,113.75951807094577,1.294840217958329,113.9102899697787,1.2965563426541549,114.09692979768312,1.2986807253831036,114.09692979768312,1.2986807253831036,114.16516058228154,1.2994573457969296,114.21900501521107,1.3000702170401677,114.21900501521107,1.3000702170401677,114.21900501521107,1.3000702170401677,114.21900501521107,1.3000702170401677,114.34549398067814,1.3015099471163145,114.34549398067814,1.3015099471163145,114.34549398067814,1.3015099471163145,114.39230244389611,1.3020427331349549,114.07652156529726,1.2984484336107864,114.39230244389604,1.302042733134954,114.39230244389604,1.302042733134954,114.07399883623874,1.2984197192570395,114.3940115573636,1.3020621867058937,114.34701310409665,1.301527238171443,114.04721659949884,1.2981148769208046,114.14980719911998,1.299282589624115,114.14980719911998,1.299282589624115,114.14980719911998,1.299282589624115,114.14980719911998,1.299282589624115,114.14980719911998,1.299282589624115,114.14980719911998,1.299282589624115,114.14980719911998,1.299282589624115,114.14980719911998,1.299282589624115,114.14980719911998,114.14980719911998,1.299282589624115,1.299282589624115,114.14980719911998,1.299282589624115,114.14980719911998,1.299282589624115,114.3142615822674,1.3011544518904972,114.3142615822674,1.3011544518904972,114.3142615822674,1.3011544518904972,114.3142615822674,1.3011544518904972,114.3142615822674,1.3011544518904972,114.3142615822674,1.3011544518904972,114.35493473556464,1.3016174042269126,114.42463476101456,1.3024107479196048,114.42463476101456,1.3024107479196048,114.4240577387305,1.3024041801029267,114.42343519361825,1.30239709413366,114.42343519361825,1.30239709413366,114.42343519361825,1.30239709413366,114.3134116186832,1.301144777385442,114.3134116186832,1.301144777385442,114.3134116186832,1.301144777385442,114.13708131987288,1.2991377403795203,114.13708131987288,1.2991377403795203,114.13708131987288,1.2991377403795203,114.81805730350492,1.3068887849164759,114.8883183140162,1.3076885138860348,114.81489587725966,1.3068528007463784,114.65676820068002,1.3050529506882942,114.63590347343684,1.3048154629736015,114.56157259483987,1.3039694097142733,114.56157259483987,1.3039694097142733,114.68718723279021,1.305399187968792,114.843356101892,1.3071767423742173,114.89025576990244,1.3077105665093631,114.86553470185737,1.307429184927598,114.86553470185737,1.307429184927598,114.8934716566548,1.307747170563019,115.3173841794492,1.3125722523910561,116.0072485581471,1.3204244669364604,116.03749830692733,1.3207687773903722,115.88167637174853,1.318995171876469,115.79543306507183,1.3180135282838417,115.7989066553781,1.3180530655859115,115.81548399843878,1.3182417531864379,116.262765979548,1.3233328322251792,118.30604590838112,1.346589972139838,118.03748342286984,1.3435331245619677,118.19276527626614,1.3453005827255233,118.07973776304559,1.3440140743758437,118.02746049770658,1.3434190410389093,118.67922708337663,1.3508376166636815,118.66204772627995,1.3506420767839014,118.60863408643327,1.350034108938803,118.45862009870709,1.348326610982957,118.07578554048317,1.3439690891578073,118.22983894181615,1.3457225647626778,118.65055507131656,1.350511264416637,118.65055507131656,1.350511264416637,118.72055632756906,1.3513080367961297,119.58604296882382,1.3611592292959382,119.78140618636137,1.363382903898881,119.34315155649928,1.3583945765037353,119.45849097022973,1.359707399502166,119.41328393295949,1.3591928413272996,119.22849842219938,1.3570895649150443,119.3672779826802,1.358669189718211,119.3672779826802,1.358669189718211,119.58078633743825,1.3610993969597573,119.54509710547975,1.3606931729033307,119.55508078720784,1.360806809747474,119.6152755051941,1.3614919615754613,119.42064867921351,1.3592766687714246,119.61232104450433,1.361458333140774,120.22482968080155,1.3684300646457355,119.62615470096227,1.3616157913917135,120.8218277594141,1.3752252509768634,120.33784605068259,1.3697164461590465,120.38279665250766,1.3702280855194404,120.38279665250766,1.3702280855194404,120.63323315442607,1.3730786184702437,120.94891195930906,1.3766717561650132,120.48823031872391,1.3714281587410801,120.56886436664172,1.372345956301682,119.82010809849378,1.363823419059201,119.71458764894057,1.362622358047204,119.7420189438015,1.3629345881306199,119.43724085031144,1.359465525148501,119.49172117528882,1.3600856342792742,119.28141309799378,1.3576918534224207,118.21949158805585,1.3456047885095301,117.75996515856104,1.3403743399966102,109.63965582325773,1.2479468817240122,107.78180648375739,1.2268003606725422,107.78180648375739,1.2268003606725422,119.47099090878383,1.359849677031434,120.07620606151734,1.3667383922226184,120.24466235896382,1.3686558053112183,120.00694323798635,1.3659500248750938,118.71801644559726,1.3512791272034932,118.86405046668959,1.3529413241511157,118.71581033167442,1.351254016645,118.48265968536997,1.3486002357676081,118.40625925229374,1.3477306263046458,118.23320849008925,1.3457609178314527,118.7122413836037,1.3512133939562252,118.75243385094502,1.3516708750009327,118.79494120148011,1.3521547046440696,119.41165773692202,1.3591743315439664,120.83244627864312,1.3753461137054162,120.68204311448234,1.37363418604287,121.61124714255465,1.3842106262971838,121.77527638576238,1.386077649510962,121.9148333004581,1.3876661223605875,122.158971962836,1.3904449716750538,122.158971962836,1.3904449716750538,122.67183348980734,1.396282494043528,122.29543380701446,1.3919982156326172,122.4049151110127,1.3932443601129676,123.27027260134389,1.4030940825836054,123.3221595695962,1.4036846734582882,123.2305670555145,1.402642143805315,123.36912703395728,1.4042192692690083,123.80373455657588,1.4091660843474867,124.0687911301089,1.4121830267296682,124.2762396195836,1.4145442590193393,124.15045575573056,1.4131125545918861,124.31536579485704,1.4149896032523146,124.37934088504667,1.415717784253164,124.37934088504667,1.415717784253164,124.44184530073818,1.416429225657011,124.47605911097716,1.416818656082335,122.66174547324206,1.3961676696333192,122.78047602337176,1.3975190914221525,122.47221584582655,1.3940103944599203
Bitki ve Meyve Çayı (Poşet),15.0,0.0003928805886557,0.0,100.0,0.03928805886557,101.05357831170502,0.039701989332867546,101.05357831170502,0.039701989332867546,101.05357831170502,0.039701989332867546,101.05357831170502,0.039701989332867546,101.05357831170502,0.039701989332867546,101.05357831170502,0.039701989332867546,101.05357831170502,0.039701989332867546,101.05357831170502,0.039701989332867546,102.24048902713494,0.040168303513427414,102.24048902713494,0.040168303513427414,102.24048902713494,0.040168303513427414,102.48065930908734,0.04026266175517848,102.48065930908734,0.04026266175517848,102.48065930908734,0.04026266175517848,102.48065930908734,0.04026266175517848,102.48065930908734,0.04026266175517848,102.48065930908734,0.04026266175517848,102.48065930908734,0.04026266175517848,104.56819759264737,0.04108281502486485,104.56819759264737,0.04108281502486485,104.56819759264737,0.04108281502486485,104.56819759264737,0.04108281502486485,104.56819759264737,0.04108281502486485,104.56819759264737,0.04108281502486485,104.56819759264737,0.04108281502486485,104.56819759264737,0.04108281502486485,104.56819759264737,0.04108281502486485,104.56819759264737,0.04108281502486485,104.67428112226335,0.04112449318442705,104.56819759264735,0.04108281502486484,104.56819759264735,0.04108281502486484,104.56819759264735,0.04108281502486484,104.56819759264735,0.04108281502486484,104.56819759264735,0.04108281502486484,104.56819759264735,0.04108281502486484,104.56819759264735,0.04108281502486484,105.86764261865223,0.04159334175160736,106.30617359582872,0.04176563206006422,106.30617359582872,0.04176563206006422,107.44085798586087,0.04221142753115849,107.44085798586087,0.04221142753115849,107.44085798586087,0.04221142753115849,106.8554507303221,0.041981432383999095,106.56434194115162,0.04186706139154695,106.56434194115162,0.04186706139154695,106.56434194115162,0.04186706139154695,107.70178195281449,0.0423139394928896,107.70178195281449,0.0423139394928896,107.70178195281449,0.0423139394928896,107.70178195281449,0.0423139394928896,107.70178195281449,0.0423139394928896,107.70178195281449,0.0423139394928896,107.70178195281449,0.0423139394928896,107.70178195281449,0.0423139394928896,107.70178195281449,0.0423139394928896,107.70178195281449,0.0423139394928896,107.70178195281449,0.0423139394928896,107.70178195281449,0.0423139394928896,0.0423139394928896,107.70178195281449,107.70178195281449,0.0423139394928896,109.50960353309569,0.043024197499534955,109.50960353309569,0.043024197499534955,109.50960353309569,0.043024197499534955,110.06302822925345,0.04324162731993802,110.06302822925345,0.04324162731993802,110.06302822925345,0.04324162731993802,110.06302822925345,0.04324162731993802,110.06302822925345,0.04324162731993802,110.06302822925345,0.04324162731993802,110.06302822925345,0.04324162731993802,110.06302822925345,0.04324162731993802,110.06302822925345,0.04324162731993802,110.06302822925345,0.04324162731993802,110.06302822925345,0.04324162731993802,110.06302822925345,0.04324162731993802,110.06302822925345,0.04324162731993802,110.06302822925345,0.04324162731993802,110.06302822925345,0.04324162731993802,110.06302822925345,0.04324162731993802,110.06302822925345,0.04324162731993802,110.06302822925345,0.04324162731993802,110.06302822925345,0.04324162731993802,110.06302822925345,0.04324162731993802,110.06302822925345,0.04324162731993802,110.06302822925345,0.04324162731993802,110.06302822925345,0.04324162731993802,110.06302822925345,0.04324162731993802,110.06302822925345,0.04324162731993802,110.06302822925345,0.04324162731993802,110.06302822925345,0.04324162731993802,110.06302822925345,0.04324162731993802,110.06302822925345,0.04324162731993802,110.06302822925345,0.04324162731993802,110.06302822925345,0.04324162731993802,110.06302822925345,0.04324162731993802,110.06302822925345,0.04324162731993802,110.06302822925345,0.04324162731993802,111.85328721059528,0.04394498532237375,111.85328721059528,0.04394498532237375,111.85328721059528,0.04394498532237375,111.85328721059528,0.04394498532237375,111.85328721059528,0.04394498532237375,111.85328721059528,0.04394498532237375,111.85328721059528,0.04394498532237375,111.85328721059528,0.04394498532237375,113.56711127860142,0.04461831353106431,113.56711127860142,0.04461831353106431,113.56711127860142,0.04461831353106431,113.57442724449132,0.04462118783204972,113.59833831168828,0.04463058202620545,114.13927144231788,0.04484310415299057,114.67399361568336,0.04505318611522966,118.38000106528838,0.046509204503592895,118.38000106528838,0.046509204503592895,118.38000106528838,0.046509204503592895,118.38000106528838,0.046509204503592895,118.38000106528838,0.046509204503592895,118.48274187474786,0.04654956937329229,118.48274187474786,0.04654956937329229,118.48274187474786,0.04654956937329229,118.48274187474786,0.04654956937329229,118.48274187474786,0.04654956937329229,118.48274187474786,0.04654956937329229,118.53413311861318,0.04656975999543385,118.53413311861318,0.04656975999543385,118.08642225242008,0.04639386308677635,118.08642225242008,0.04639386308677635,118.08642225242008,0.04639386308677635,118.08642225242008,0.04639386308677635,118.08642225242008,0.04639386308677635,118.08642225242008,0.04639386308677635,118.08642225242008,0.04639386308677635,118.08642225242008,0.04639386308677635,118.08642225242008,0.04639386308677635,118.08642225242008,0.04639386308677635,118.08642225242008,0.04639386308677635,118.08642225242008,0.04639386308677635,118.08642225242008,0.04639386308677635,118.08642225242008,0.04639386308677635,118.08642225242008,0.04639386308677635,118.86441485087262,0.04669952127682617,118.86441485087262,0.04669952127682617,118.86441485087262,0.04669952127682617,118.86441485087262,0.04669952127682617,118.86441485087262,0.04669952127682617,118.86441485087262,0.04669952127682617,118.86441485087262,0.04669952127682617,118.86441485087262,0.04669952127682617,118.86441485087262,0.04669952127682617,118.86441485087262,118.86441485087262,0.04669952127682617,0.04669952127682617,118.86441485087262,0.04669952127682617,118.86441485087262,0.04669952127682617,118.86441485087262,0.04669952127682617,118.86441485087262,0.04669952127682617,118.86441485087262,0.04669952127682617,118.86441485087262,0.04669952127682617,118.86441485087262,0.04669952127682617,118.86441485087262,0.04669952127682617,118.86441485087262,0.04669952127682617,118.86441485087262,0.04669952127682617,118.86441485087262,0.04669952127682617,118.86441485087262,0.04669952127682617,118.86441485087262,0.04669952127682617,118.86441485087262,0.04669952127682617,118.86441485087262,0.04669952127682617,118.86441485087262,0.04669952127682617,118.86441485087262,0.04669952127682617,119.50339735113825,0.04695056509767121,119.50339735113825,0.04695056509767121,119.50339735113825,0.04695056509767121,119.50339735113825,0.04695056509767121,119.50339735113825,0.04695056509767121,119.50339735113825,0.04695056509767121,118.82121450148937,0.046682548698130336,118.82121450148937,0.046682548698130336,118.82121450148937,0.046682548698130336,118.82121450148937,0.046682548698130336,121.1618937133706,0.0476021561247484,121.1618937133706,0.0476021561247484,121.1618937133706,0.0476021561247484,121.1618937133706,0.0476021561247484,121.1618937133706,0.0476021561247484,121.1618937133706,0.0476021561247484,121.1618937133706,0.0476021561247484,121.1618937133706,0.0476021561247484,121.1618937133706,0.0476021561247484,121.1618937133706,0.0476021561247484,118.67970597166746,0.046626952743634105,118.67970597166746,0.046626952743634105,118.67970597166746,0.046626952743634105,118.67970597166746,0.046626952743634105,121.79021726459692,0.047849012251420436,118.05626269423486,0.046382013981802944,118.05626269423486,0.046382013981802944,118.73876662648858,0.04665015652846662,114.81666377644486,0.04510923845197324,115.27150250956737,0.045287935761185824,115.27150250956737,0.045287935761185824,115.59347749777164,0.04541443348408394,115.1375913197678,0.04523532465410979,115.1375913197678,0.04523532465410979,115.1375913197678,0.04523532465410979,115.1375913197678,0.04523532465410979,115.1375913197678,0.04523532465410979,115.1375913197678,0.04523532465410979,116.27417316419213,0.0456818655982026,119.9665053237354,0.04713251123055633,119.9665053237354,0.04713251123055633,119.9665053237354,0.04713251123055633,119.27765829437993,0.046861876604169427,119.27765829437993,0.046861876604169427,119.27765829437993,0.046861876604169427,123.76709408897717,0.04862568878188276,123.76709408897717,0.04862568878188276,123.97809101809203,0.04870858537959795,123.97809101809203,0.04870858537959795,123.97809101809203,0.04870858537959795,123.97809101809203,0.04870858537959795,123.97809101809203,0.04870858537959795,123.97809101809203,0.04870858537959795,123.97809101809203,0.04870858537959795,123.97809101809203,0.04870858537959795,123.91502920197253,0.04868380961615922,124.0298460836279,0.0487289189402116,120.08206240543589,0.047177911364838156,120.08206240543589,0.047177911364838156,119.52844556380076,0.04696040605420684,119.52844556380076,0.04696040605420684,121.41960061255175,0.04770340416299932,121.08471757686034,0.047571835118806076,122.1714068901435,0.04799877425589462,122.44399038402524,0.048105867019428705,122.44399038402524,0.048105867019428705,122.44399038402524,0.048105867019428705,122.44399038402524,0.048105867019428705,122.44399038402524,0.048105867019428705,121.6694752198833,0.047801575045817855,121.6694752198833,0.047801575045817855,116.21896705619608,0.04566017618999572,116.21896705619608,0.04566017618999572,113.96157976868008,0.04477329254365254,113.96157976868008,0.04477329254365254,114.11809946107152,0.0448347860925355,114.11809946107152,0.0448347860925355,114.11809946107152,0.0448347860925355,118.51056370803919,0.046560500031533274,118.51056370803919,0.046560500031533274,118.51056370803919,0.046560500031533274,118.51056370803919,0.046560500031533274,118.51056370803919,0.046560500031533274,125.29120532924539,0.0492244825031361,125.25711494198345,0.049211089051721134,125.25711494198345,0.049211089051721134,125.25711494198345,0.049211089051721134,125.25711494198345,0.049211089051721134,125.28060777879111,0.04922031893127532,125.28060777879111,0.04922031893127532,127.76080953242048,0.05019474205622613,128.23257800480766,0.0503800907313668,128.23257800480766,0.0503800907313668,128.23257800480766,0.0503800907313668,128.23257800480766,0.0503800907313668,128.23257800480766,0.0503800907313668,123.94488161626806,0.048695538050260445,122.53078744456394,0.048139967899666736,123.02341825206977,0.048333512981309563,123.02341825206977,0.048333512981309563,123.02341825206977,0.048333512981309563,123.02341825206977,0.048333512981309563,126.88543461693729,0.04985082424413666,127.00594509291989,0.049898170470879875,127.00594509291989,0.049898170470879875,127.00594509291989,0.049898170470879875,127.5985930619633,0.05013101035382326,127.5985930619633,0.05013101035382326,127.5985930619633,0.05013101035382326,123.7026848083707,0.0486003836258032,124.13423077483272,0.04876992965913879,123.06793565936522,0.04835100300649322,121.93896420772576,0.04790745203799763,121.93896420772576,0.04790745203799763
Bulgur,16.0,0.0043378967051402,0.0,100.0,0.43378967051401995,100.0,0.43378967051401995,100.0,0.43378967051401995,100.0,0.43378967051401995,100.0,0.43378967051401995,100.0,0.43378967051401995,100.0,0.43378967051401995,100.30587665523878,0.43511653184895954,98.43590816071486,0.42700480167784827,98.43590816071486,0.42700480167784827,98.40912004486142,0.42688859759835074,98.40912004486142,0.42688859759835074,98.1952330164422,0.4259607777624988,98.1948528516164,0.42595912864675356,98.1948528516164,0.42595912864675356,98.1948528516164,0.42595912864675356,98.1948528516164,0.42595912864675356,98.1948528516164,0.42595912864675356,98.1948528516164,0.42595912864675356,97.66973196334372,0.42368120847571517,97.65644215810856,0.4236235586733736,100.02942804017663,0.4339173263125409,100.89569774651599,0.4376751148174332,100.89569774651599,0.4376751148174332,100.89569774651599,0.4376751148174332,100.89569774651599,0.4376751148174332,100.89569774651599,0.4376751148174332,100.89569774651599,0.4376751148174332,100.89569774651599,0.4376751148174332,100.96171692471034,0.43796149919299854,100.895697746516,0.43767511481743326,100.895697746516,0.43767511481743326,100.895697746516,0.43767511481743326,100.895697746516,0.43767511481743326,100.895697746516,0.43767511481743326,101.3323893220304,0.4395694377640196,101.3323893220304,0.4395694377640196,101.3323893220304,0.4395694377640196,101.3323893220304,0.4395694377640196,101.3323893220304,0.4395694377640196,101.3323893220304,0.4395694377640196,101.3323893220304,0.4395694377640196,101.3323893220304,0.4395694377640196,101.3323893220304,0.4395694377640196,101.3323893220304,0.4395694377640196,101.3323893220304,0.4395694377640196,101.3323893220304,0.4395694377640196,101.3323893220304,0.4395694377640196,101.3323893220304,0.4395694377640196,101.3323893220304,0.4395694377640196,101.3323893220304,0.4395694377640196,101.3323893220304,0.4395694377640196,101.3323893220304,0.4395694377640196,101.3323893220304,0.4395694377640196,101.3323893220304,0.4395694377640196,101.3323893220304,0.4395694377640196,101.77524543877117,0.44149050185368055,101.77524543877117,0.44149050185368055,101.77524543877117,0.44149050185368055,0.44149050185368055,101.77524543877117,102.52164907224113,0.4447283237160146,102.52164907224113,0.4447283237160146,102.52164907224113,0.4447283237160146,103.6930890392866,0.44980990928933073,103.489600100029,0.44892719529019265,103.8864014860746,0.45064847871531494,103.8864014860746,0.45064847871531494,103.8864014860746,0.45064847871531494,103.88535122672276,0.45064392279873305,104.01724715038843,0.4512160736914238,106.49731608249367,0.46197435654052366,106.49731608249367,0.46197435654052366,106.49731608249367,0.46197435654052366,106.37543221939723,0.4614456369323879,106.37543221939723,0.4614456369323879,106.37543221939723,0.4614456369323879,106.37543221939723,0.4614456369323879,107.13713951026627,0.46474984447972995,107.13713951026627,0.46474984447972995,107.13713951026627,0.46474984447972995,107.13713951026627,0.46474984447972995,107.13713951026627,0.46474984447972995,107.13713951026627,0.46474984447972995,107.178435920918,0.46492898404343025,107.178435920918,0.46492898404343025,109.2168806137637,0.47377154656013615,109.2168806137637,0.47377154656013615,109.2168806137637,0.47377154656013615,109.2168806137637,0.47377154656013615,109.2168806137637,0.47377154656013615,109.2168806137637,0.47377154656013615,109.2168806137637,0.47377154656013615,109.2168806137637,0.47377154656013615,109.58297010933322,0.47535960497675356,109.58297010933322,0.47535960497675356,109.54600935064992,0.47519927302344184,109.54600935064992,0.47519927302344184,109.54600935064992,0.47519927302344184,109.54600935064992,0.47519927302344184,109.54600935064992,0.47519927302344184,109.54600935064992,0.47519927302344184,109.54600935064992,0.47519927302344184,109.54600935064992,0.47519927302344184,110.89060821308476,0.48103200399853313,111.09962223970338,0.48193868525593014,111.09962223970338,0.48193868525593014,111.09962223970338,0.48193868525593014,111.09962223970338,0.48193868525593014,111.09962223970338,0.48193868525593014,111.10816683427976,0.48197575082458977,111.13870921559284,0.4821082405198549,111.13870921559284,0.4821082405198549,111.24088807751112,0.4825514818683052,111.99456742906824,0.48582086504415706,111.99456742906824,0.48582086504415706,111.99456742906824,0.48582086504415706,111.99456742906824,0.48582086504415706,111.99456742906824,0.48582086504415706,112.24849548659978,0.48692237872826577,112.24849548659978,0.48692237872826577,112.29924374498634,0.4871425194311124,112.29924374498634,0.4871425194311124,112.29924374498634,0.4871425194311124,112.29924374498634,0.4871425194311124,112.29924374498634,0.4871425194311124,112.29924374498634,0.4871425194311124,112.52226552577298,0.4881099648791613,113.09379442340244,0.49058919820108055,113.09379442340244,0.49058919820108055,113.09379442340244,0.49058919820108055,113.09379442340244,0.49058919820108055,113.09379442340244,0.49058919820108055,113.09379442340244,0.49058919820108055,113.09379442340244,0.49058919820108055,113.09379442340244,0.49058919820108055,113.09379442340244,0.49058919820108055,113.09379442340244,0.49058919820108055,113.09379442340244,0.49058919820108055,113.30564661921032,0.4915081911432523,113.30564661921032,0.4915081911432523,113.30564661921032,0.4915081911432523,113.34985591982694,0.4916999665227336,112.81332868164378,0.48937256678400093,112.85661213006426,0.48956032591229126,112.85661213006426,0.48956032591229126,112.85661213006426,0.48956032591229126,115.46071700389898,0.5008566638643384,115.46071700389898,0.5008566638643384,115.46071700389898,0.5008566638643384,115.46071700389898,0.5008566638643384,115.46071700389898,115.46071700389898,0.5008566638643384,0.5008566638643384,115.46071700389898,0.5008566638643384,116.51660213978931,0.5054369845163236,117.07074172133606,0.507840784781303,117.07074172133606,0.507840784781303,117.18237668627336,0.508325045727883,117.18237668627336,0.508325045727883,117.18237668627336,0.508325045727883,117.18237668627336,0.508325045727883,117.18237668627336,0.508325045727883,117.18237668627336,0.508325045727883,117.18237668627336,0.508325045727883,117.22708477023689,0.5085189847780015,117.22708477023689,0.5085189847780015,117.22708477023689,0.5085189847780015,117.22708477023689,0.5085189847780015,117.22708477023689,0.5085189847780015,117.52937666189504,0.509830295778816,117.52937666189504,0.509830295778816,117.52937666189504,0.509830295778816,117.52937666189504,0.509830295778816,117.52937666189504,0.509830295778816,117.52937666189504,0.509830295778816,117.52937666189504,0.509830295778816,117.52937666189504,0.509830295778816,117.52937666189504,0.509830295778816,117.52937666189504,0.509830295778816,117.52937666189504,0.509830295778816,117.12908315111592,0.5080938638773183,117.25084245778822,0.5086220431725522,117.25084245778822,0.5086220431725522,117.25084245778822,0.5086220431725522,118.93830140057457,0.5159420657605245,118.87924614827101,0.5156858901761355,118.87924614827101,0.5156858901761355,118.87924614827101,0.5156858901761355,119.50207947298865,0.5183876768032798,119.58230910854424,0.518735704675011,119.56591529698441,0.5186645900138609,119.58721329164933,0.5187569785147439,119.60701520770729,0.5188428771811672,119.60701520770729,0.5188428771811672,119.60701520770729,0.5188428771811672,119.7821086002175,0.519602414231629,120.22096430340521,0.5215061249405191,120.44815299586685,0.5224916460209935,121.08561588221518,0.5252568941753331,121.21962146394061,0.5258381965467702,121.23341020612288,0.5258980106860507,121.23341020612288,0.5258980106860507,121.30876088447924,0.5262248741454228,121.06364925035915,0.5251616051953818,122.21074404569654,0.5301375839285593,122.3401499122178,0.5306989332105677,122.1870996354818,0.5300350169193938,122.2228348421794,0.5301900325547848,121.70450869459488,0.5279415872669899,121.61234959615554,0.5275418106175213,121.61234959615554,0.5275418106175213,120.27894870395994,0.5217576552806349,119.77430504610653,0.5195685632199627,119.40013088151792,0.5179454343442452,118.91281504297552,0.5158315085738695,118.91281504297552,0.5158315085738695,118.91281504297552,0.5158315085738695,118.54202739138454,0.5142230700417263,118.54202739138454,0.5142230700417263,118.95504744208989,0.5160147083588379,118.95504744208989,0.5160147083588379,119.3400237911247,0.5176846959948729,119.58331243617941,0.5187400570066537,123.82905327511857,0.5371576422027671,124.24726695466917,0.5389718099453342,125.05433760268285,0.5424727990501681,124.66475712491338,0.540782839179265,124.87572353844358,0.5416979896894129,124.87572353844358,0.5416979896894129,124.87572353844358,0.5416979896894129,125.05915808375714,0.5424937097991375,125.05915808375714,0.5424937097991375,124.56805510468583,0.5403633558043395,124.0700282644007,0.5382029668147953,124.24245883780831,0.5389509528310455,123.78235601477856,0.5369550743109991,123.78235601477856,0.5369550743109991,123.71439356840234,0.5366602602387904,123.71439356840234,0.5366602602387904,124.506149108472,0.540094813987335,124.506149108472,0.540094813987335,124.506149108472,0.540094813987335,124.45069105466911,0.53985424267847,124.50665801234366,0.5400970215597632,123.88937246322294,0.5374193006101018,123.98874181601587,0.5378503545981742,123.98874181601587,0.5378503545981742,123.8819637908738,0.537387162554729,123.0846668049881,0.5339285705866372,123.0846668049881,0.5339285705866372,123.0846668049881,0.5339285705866372,123.31517146401924,0.5349284759875679,122.73650887197118,0.5324182974361347,123.32990638037018,0.5349923945326571,123.43366622758569,0.535442494032019,123.43366622758569,0.535442494032019,123.43366622758569,0.535442494032019,123.43366622758569,0.535442494032019,123.43366622758569,0.535442494032019,123.87908453142924,0.5373746726246712,123.2445294726559,0.5346220383259882,123.33934773241776,0.5350333501425963,123.33934773241776,0.5350333501425963,123.33934773241776,0.5350333501425963,123.33934773241776,0.5350333501425963,123.33934773241776,0.5350333501425963,123.33934773241776,0.5350333501425963,123.54657104039464,0.5359322634474976,122.72568508708244,0.5323713449753287,123.2741285548971,0.5347504360873175,123.2741285548971,0.5347504360873175,122.5963030522006,0.5318100990725104,123.4679556751789,0.5355912381137548,124.02560985078874,0.5380102843247404,124.02560985078874,0.5380102843247404,126.6036409365757,0.5491935168775246,126.6036409365757,0.5491935168775246,127.08952191816354,0.5513012183866448,127.08952191816354,0.5513012183866448,127.08952191816354,0.5513012183866448,126.49841335104573,0.5487370504809643,126.70782766188653,0.5496454681299698,127.1020426942719,0.551355532220071,127.1020426942719,0.551355532220071
Buğday Unu,17.0,0.0148331755308915,0.0,100.0,1.48331755308915,100.0,1.48331755308915,100.0,1.48331755308915,100.0,1.48331755308915,100.0,1.48331755308915,100.0,1.48331755308915,100.0,1.48331755308915,100.0,1.48331755308915,101.01827428882882,1.4984217943539415,101.01827428882882,1.4984217943539415,101.01827428882882,1.4984217943539415,101.97675071711816,1.5126390434569794,102.22810766692201,1.5163674652143293,103.18320056790465,1.530534525862913,103.18320056790465,1.530534525862913,103.18320056790465,1.530534525862913,103.18320056790465,1.530534525862913,103.18320056790465,1.530534525862913,103.18320056790465,1.530534525862913,103.18320056790465,1.530534525862913,103.75506527788883,1.539017095486031,103.19079493390558,1.5306471744268508,103.19079493390558,1.5306471744268508,103.19079493390558,1.5306471744268508,103.19079493390558,1.5306471744268508,103.19079493390558,1.5306471744268508,103.19079493390558,1.5306471744268508,103.19079493390558,1.5306471744268508,103.19079493390558,1.5306471744268508,103.24842588018257,1.5315020243689887,103.19079493390564,1.5306471744268515,103.19079493390564,1.5306471744268515,103.19079493390564,1.5306471744268515,103.19079493390564,1.5306471744268515,103.19079493390564,1.5306471744268515,103.19079493390564,1.5306471744268515,103.19079493390564,1.5306471744268515,103.19079493390564,1.5306471744268515,103.19079493390564,1.5306471744268515,103.19079493390564,1.5306471744268515,103.19079493390564,1.5306471744268515,103.19079493390564,1.5306471744268515,103.19079493390564,1.5306471744268515,103.19079493390564,1.5306471744268515,103.19079493390564,1.5306471744268515,103.19079493390564,1.5306471744268515,103.19079493390564,1.5306471744268515,103.19079493390564,1.5306471744268515,103.19079493390564,1.5306471744268515,103.19079493390564,1.5306471744268515,103.19079493390564,1.5306471744268515,103.19079493390564,1.5306471744268515,103.19079493390564,1.5306471744268515,103.19079493390564,1.5306471744268515,103.19079493390564,1.5306471744268515,103.59532050207136,1.5366475731861875,103.59532050207136,1.5366475731861875,103.59532050207136,1.5366475731861875,103.59532050207136,1.5366475731861875,1.5366475731861875,103.59532050207136,103.59532050207136,1.5366475731861875,103.59532050207136,1.5366475731861875,103.59532050207136,1.5366475731861875,105.4524706951337,1.56419500798711,105.4524706951337,1.56419500798711,105.4524706951337,1.56419500798711,105.4524706951337,1.56419500798711,105.4524706951337,1.56419500798711,105.4524706951337,1.56419500798711,105.4524706951337,1.56419500798711,106.17377148097302,1.5748941891540347,106.17377148097302,1.5748941891540347,106.17377148097302,1.5748941891540347,106.17377148097302,1.5748941891540347,106.17377148097302,1.5748941891540347,106.17377148097302,1.5748941891540347,106.17377148097302,1.5748941891540347,106.17377148097302,1.5748941891540347,106.17377148097302,1.5748941891540347,106.17377148097302,1.5748941891540347,106.17377148097302,1.5748941891540347,106.17377148097302,1.5748941891540347,106.17377148097302,1.5748941891540347,106.17377148097302,1.5748941891540347,106.17377148097302,1.5748941891540347,105.06392724423546,1.5584316747785583,105.06392724423546,1.5584316747785583,105.06392724423546,1.5584316747785583,105.06392724423546,1.5584316747785583,105.06392724423546,1.5584316747785583,105.06392724423546,1.5584316747785583,105.06392724423546,1.5584316747785583,105.06392724423546,1.5584316747785583,105.06392724423546,1.5584316747785583,105.06392724423546,1.5584316747785583,105.06392724423546,1.5584316747785583,105.21770260468944,1.560712651692498,105.32812246277628,1.5623505288295965,106.34759073137963,1.577472480605964,106.34759073137963,1.577472480605964,106.55657575753487,1.5805723921822525,106.55657575753487,1.5805723921822525,106.55657575753487,1.5805723921822525,106.55657575753487,1.5805723921822525,106.55657575753487,1.5805723921822525,106.55657575753487,1.5805723921822525,106.55657575753487,1.5805723921822525,106.55657575753487,1.5805723921822525,106.55657575753487,1.5805723921822525,106.55802567612578,1.580593899079217,106.56320836397339,1.5806707747977824,106.56320836397339,1.5806707747977824,106.56320836397339,1.5806707747977824,106.87690136861478,1.585323838198441,106.87690136861478,1.585323838198441,106.87690136861478,1.585323838198441,106.87690136861478,1.585323838198441,106.87690136861478,1.585323838198441,106.87690136861478,1.585323838198441,106.87690136861478,1.585323838198441,106.87690136861478,1.585323838198441,106.87690136861478,1.585323838198441,106.87690136861478,1.585323838198441,106.87690136861478,1.585323838198441,106.86029396113517,1.585077497608183,106.86029396113517,1.585077497608183,102.06944991862996,1.5140140669845772,102.06944991862996,1.5140140669845772,102.06944991862996,1.5140140669845772,102.06944991862996,1.5140140669845772,102.06944991862996,1.5140140669845772,102.06944991862996,1.5140140669845772,102.06944991862996,1.5140140669845772,102.06944991862996,1.5140140669845772,102.06944991862996,1.5140140669845772,102.06944991862996,1.5140140669845772,102.06944991862996,1.5140140669845772,102.06944991862996,1.5140140669845772,102.06944991862996,1.5140140669845772,102.06944991862996,1.5140140669845772,102.06944991862996,1.5140140669845772,102.06944991862996,1.5140140669845772,102.96765124624172,1.5273372449391223,102.96765124624172,1.5273372449391223,102.96765124624172,1.5273372449391223,102.96765124624172,1.5273372449391223,102.96765124624172,1.5273372449391223,102.96765124624172,1.5273372449391223,106.43291683917128,1.5787381377402054,106.43291683917128,1.5787381377402054,106.43291683917128,106.43291683917128,1.5787381377402054,1.5787381377402054,106.43291683917128,1.5787381377402054,106.43291683917128,1.5787381377402054,106.43291683917128,1.5787381377402054,106.43291683917128,1.5787381377402054,107.16432450648696,1.5895872360541388,107.16432450648696,1.5895872360541388,109.63692906733718,1.6262638135237129,109.63692906733718,1.6262638135237129,110.5662108895946,1.640048013910924,110.37549998825875,1.6372191656357546,110.37549998825875,1.6372191656357546,110.37549998825875,1.6372191656357546,110.37549998825875,1.6372191656357546,110.37549998825875,1.6372191656357546,110.37549998825875,1.6372191656357546,110.37549998825875,1.6372191656357546,110.56544671658082,1.6400366787984746,110.85621918850678,1.6443497579141035,110.85621918850678,1.6443497579141035,110.85621918850678,1.6443497579141035,110.85621918850678,1.6443497579141035,110.85621918850678,1.6443497579141035,110.85621918850678,1.6443497579141035,109.36839093582098,1.6222805402821956,109.36839093582098,1.6222805402821956,109.36839093582098,1.6222805402821956,109.36839093582098,1.6222805402821956,109.36839093582098,1.6222805402821956,109.36839093582098,1.6222805402821956,109.36839093582098,1.6222805402821956,109.36839093582098,1.6222805402821956,110.85621918850678,1.6443497579141035,110.85621918850678,1.6443497579141035,110.85621918850678,1.6443497579141035,110.85621918850678,1.6443497579141035,110.85621918850678,1.6443497579141035,110.65152192084228,1.6413134474121422,109.38589114732393,1.6225401239912465,109.38589114732393,1.6225401239912465,109.38589114732393,1.6225401239912465,109.38589114732393,1.6225401239912465,109.38589114732393,1.6225401239912465,109.38589114732393,1.6225401239912465,109.18757793135177,1.6195985092486358,108.99570680048369,1.616752451085159,108.99570680048369,1.616752451085159,108.99570680048369,1.616752451085159,108.99570680048369,1.616752451085159,108.79810097658769,1.6138213292133832,110.00524728787498,1.6317271423401756,108.80266026128041,1.6138889578835256,110.85121028623142,1.644275459987436,110.85121028623142,1.644275459987436,110.30819666747868,1.636220843664812,110.30819666747868,1.636220843664812,110.30819666747868,1.636220843664812,110.6646690419895,1.6415084609678448,110.6646690419895,1.6415084609678448,111.0136618739223,1.6466851329029268,110.77010590564487,1.6430724244738715,110.77010590564487,1.6430724244738715,109.79102564786763,1.628549555151431,109.44272447128898,1.623383142661624,109.44272447128898,1.623383142661624,109.77768123343392,1.628351615109779,109.77768123343392,1.628351615109779,109.93048391230762,1.6306181640671031,109.93048391230762,1.6306181640671031,109.93048391230762,1.6306181640671031,109.93048391230762,1.6306181640671031,110.03734912047945,1.632203314458061,111.76985968811066,1.6579019478168593,112.30643071531001,1.665861000048098,112.30643071531001,1.665861000048098,112.84557764685465,1.6738582611206412,112.84557764685465,1.6738582611206412,113.07265169588354,1.6772264903483969,113.07749864409334,1.677298385981982,113.49436687425785,1.6834818656132644,112.35205966403672,1.6665378222538512,110.20447640548372,1.6346823428125308,110.20447640548372,1.6346823428125308,110.20447640548372,1.6346823428125308,111.2212496390808,1.6497643186615882,111.2212496390808,1.6497643186615882,110.14673415184294,1.6338258418287277,107.73670449860305,1.5980774489475669,107.52186836443218,1.5948907468590323,107.52186836443218,1.5948907468590323,107.52186836443218,1.5948907468590323,108.29008300578495,1.6062858094796189,108.44458970034792,1.6085776344007692,108.44458970034792,1.6085776344007692,108.80010400502916,1.6138510404858488,108.80010400502916,1.6138510404858488,108.80010400502916,1.6138510404858488,108.80010400502916,1.6138510404858488,108.80010400502916,1.6138510404858488,105.1979155698077,1.5604191471308615,105.35005458867226,1.5626758519027772,103.91927260969898,1.5414528116622301,104.54185768679214,1.5506877253936666,106.77437292406835,1.5838030157835745,106.77437292406835,1.5838030157835745,106.77437292406835,1.5838030157835745,108.2540253361258,1.6057509597363298,106.81111659053919,1.5843480410379849,106.54816302708888,1.580447604674853,106.27283373621911,1.576363596974586,106.27283373621911,1.576363596974586,106.27283373621911,1.576363596974586,108.82945601284814,1.6142864239700119,107.99254612480438,1.60187239269712,112.21260012858885,1.6644691944850964,113.48119545697415,1.6832864916687045,113.48119545697415,1.6832864916687045,113.1776831338271,1.6787844401036758,113.1776831338271,1.6787844401036758,113.1776831338271,1.6787844401036758,113.4811954569741,1.683286491668704,114.0945892815661,1.692385069938442,114.0945892815661,1.692385069938442,114.74227744265713,1.7019923421211853,115.97228945109256,1.7202373261474126,115.97228945109256,1.7202373261474126,115.97228945109256,1.7202373261474126,115.17933602441872,1.7084753087817375,115.71035139367152,1.7163519529634654,116.88971621691582,1.733845678401607,116.38515620650884,1.7263614512013719,116.38515620650884,1.7263614512013719
Ceviz İçi,18.0,0.0076379330790472,0.17002344918375378,100.0,0.76379330790472,100.0,0.76379330790472,100.0,0.76379330790472,100.0,0.76379330790472,100.0,0.76379330790472,100.0,0.76379330790472,100.0,0.76379330790472,100.0,0.76379330790472,99.74122930440252,0.7618168346489279,98.69720896028169,0.7538426771273692,98.69720896028169,0.7538426771273692,100.03800123294968,0.7640835587789109,101.0948386104454,0.7721556119436589,101.0948386104454,0.7721556119436589,101.0948386104454,0.7721556119436589,101.0948386104454,0.7721556119436589,101.0948386104454,0.7721556119436589,101.0948386104454,0.7721556119436589,101.0948386104454,0.7721556119436589,101.0948386104454,0.7721556119436589,101.0948386104454,0.7721556119436589,104.46500358062394,0.7978967064512318,104.46500358062394,0.7978967064512318,104.46500358062394,0.7978967064512318,104.46500358062394,0.7978967064512318,104.46500358062394,0.7978967064512318,104.46500358062394,0.7978967064512318,104.46500358062394,0.7978967064512318,104.46500358062394,0.7978967064512318,104.62223049927807,0.7990975951341368,104.46500358062394,0.7978967064512318,104.46500358062394,0.7978967064512318,104.46500358062394,0.7978967064512318,104.46500358062394,0.7978967064512318,105.4328098024196,0.8052887456067925,108.44103195309376,0.8282653450805492,108.44103195309376,0.8282653450805492,108.44103195309376,0.8282653450805492,108.44103195309376,0.8282653450805492,108.44103195309376,0.8282653450805492,108.44103195309376,0.8282653450805492,108.44103195309376,0.8282653450805492,108.44103195309376,0.8282653450805492,108.44103195309376,0.8282653450805492,108.44103195309376,0.8282653450805492,108.44103195309376,0.8282653450805492,108.44103195309376,0.8282653450805492,108.44103195309376,0.8282653450805492,108.44103195309376,0.8282653450805492,108.44103195309376,0.8282653450805492,108.44103195309376,0.8282653450805492,108.44103195309376,0.8282653450805492,108.44103195309376,0.8282653450805492,108.44103195309376,0.8282653450805492,109.88700877758998,0.8393096192999046,109.88700877758998,0.8393096192999046,109.88700877758998,0.8393096192999046,109.88700877758998,0.8393096192999046,109.88700877758998,0.8393096192999046,0.8393096192999046,109.88700877758998,109.88700877758998,0.8393096192999046,109.88700877758998,0.8393096192999046,109.88700877758998,0.8393096192999046,109.88700877758998,0.8393096192999046,109.88700877758998,0.8393096192999046,109.88700877758998,0.8393096192999046,109.88700877758998,0.8393096192999046,109.88700877758998,0.8393096192999046,109.88700877758998,0.8393096192999046,109.88700877758998,0.8393096192999046,111.96860614615713,0.8552087206985411,109.88700877759001,0.8393096192999048,109.88700877759001,0.8393096192999048,109.88700877759001,0.8393096192999048,109.88700877759001,0.8393096192999048,109.88700877759001,0.8393096192999048,109.88700877759001,0.8393096192999048,109.88700877759001,0.8393096192999048,109.88700877759001,0.8393096192999048,109.88700877759001,0.8393096192999048,109.88700877759001,0.8393096192999048,109.88700877759001,0.8393096192999048,109.88700877759001,0.8393096192999048,109.88700877759001,0.8393096192999048,109.88700877759001,0.8393096192999048,113.13028059389396,0.8640815123899941,113.13028059389396,0.8640815123899941,113.13028059389396,0.8640815123899941,113.13028059389396,0.8640815123899941,113.84046226066249,0.8695058324347384,113.84046226066249,0.8695058324347384,113.84046226066249,0.8695058324347384,113.84046226066249,0.8695058324347384,113.84046226066249,0.8695058324347384,113.84046226066249,0.8695058324347384,113.84046226066249,0.8695058324347384,113.84046226066249,0.8695058324347384,113.84046226066249,0.8695058324347384,116.27564992549108,0.8881056328536204,116.27564992549108,0.8881056328536204,116.27564992549108,0.8881056328536204,116.27564992549108,0.8881056328536204,116.28245922811,0.8881576418513387,116.28245922811,0.8881576418513387,116.28245922811,0.8881576418513387,116.28245922811,0.8881576418513387,119.13495924692732,0.9099448461030463,119.13495924692732,0.9099448461030463,119.13495924692732,0.9099448461030463,120.0707871371866,0.9170926369023525,119.13495924692734,0.9099448461030464,120.98768657684779,0.9240958534627006,120.98768657684779,0.9240958534627006,122.40701264312494,0.9349365709742729,121.46030472646427,0.9277056792614145,121.46030472646427,0.9277056792614145,121.46030472646427,0.9277056792614145,120.97302382987931,0.9239838603826004,120.97302382987931,0.9239838603826004,120.97302382987931,0.9239838603826004,120.97302382987931,0.9239838603826004,120.97302382987931,0.9239838603826004,120.97302382987931,0.9239838603826004,120.97302382987931,0.9239838603826004,122.00774452094154,0.9318869877764392,122.00774452094154,0.9318869877764392,122.00774452094154,0.9318869877764392,122.00774452094154,0.9318869877764392,122.00774452094154,0.9318869877764392,122.00774452094154,0.9318869877764392,122.00774452094154,0.9318869877764392,123.07811124500657,0.9400623771848868,123.9879545804983,0.9470116996937897,126.23756795489372,0.9641940961011515,126.23756795489372,0.9641940961011515,126.23756795489372,0.9641940961011515,126.23756795489372,0.9641940961011515,126.23756795489372,0.9641940961011515,126.23756795489372,0.9641940961011515,126.23756795489372,0.9641940961011515,126.23756795489372,0.9641940961011515,126.23756795489372,0.9641940961011515,124.29190224194716,0.949333231591469,124.29190224194716,0.949333231591469,124.29190224194716,0.949333231591469,124.29190224194716,0.949333231591469,124.29190224194716,0.949333231591469,124.29190224194716,0.949333231591469,125.40333164926598,0.9578222550266553,125.40333164926598,0.9578222550266553,125.40333164926598,125.40333164926598,0.9578222550266553,0.9578222550266553,125.40333164926598,0.9578222550266553,125.40333164926598,0.9578222550266553,126.98683288066086,0.9699169314626381,127.62544052992553,0.9747945739514894,127.90230760538304,0.9769092661456253,127.90230760538304,0.9769092661456253,127.90230760538304,0.9769092661456253,127.90230760538304,0.9769092661456253,127.90230760538304,0.9769092661456253,127.90230760538304,0.9769092661456253,127.90230760538304,0.9769092661456253,127.90230760538304,0.9769092661456253,127.90230760538304,0.9769092661456253,127.90230760538304,0.9769092661456253,127.90230760538304,0.9769092661456253,127.90230760538304,0.9769092661456253,128.84710919826935,0.9841255974850682,128.84710919826935,0.9841255974850682,128.0665692239867,0.9781638853959761,128.0665692239867,0.9781638853959761,128.34247391401055,0.9802712269545736,128.6188751610331,0.9823823611822968,128.6188751610331,0.9823823611822968,127.60327897733342,0.974625305495863,127.60327897733342,0.974625305495863,127.60327897733342,0.974625305495863,127.60327897733342,0.974625305495863,128.06840668329556,0.9781779197872127,128.24773368955945,0.9795476074603221,128.9389455347824,0.9848270372775797,128.9389455347824,0.9848270372775797,128.9389455347824,0.9848270372775797,128.9659949458786,0.9850336388693601,128.9659949458786,0.9850336388693601,129.7681296475638,0.9911602900412132,129.7681296475638,0.9911602900412132,129.7681296475638,0.9911602900412132,130.21117354003687,0.994544229643003,130.39529768114727,0.9959505575110413,130.64964031974148,0.9978932095637723,130.64964031974148,0.9978932095637723,130.64964031974148,0.9978932095637723,130.64964031974148,0.9978932095637723,130.43602208875544,0.9962616078110363,130.591694475072,0.9974506230799778,129.81972371431004,0.9915543620702969,129.81972371431004,0.9915543620702969,129.81972371431004,0.9915543620702969,130.55219448998582,0.9971489248372662,129.94565120191317,0.9925161877934221,130.65752399479086,0.9979534245462164,129.39808861919477,0.9883339414300287,129.52863007093185,0.9893310083024383,129.57625385463638,0.9896947555753444,129.57625385463638,0.9896947555753444,129.57625385463638,0.9896947555753444,128.92407709348785,0.9847134731179822,128.5123562926747,0.9815687771941196,127.82568308160369,0.9763240131607848,127.14615502063464,0.9711338233057685,126.57264697961357,0.9667534072681541,127.26194471878098,0.9720182172714533,127.88383749920492,0.9767681927106739,127.88383749920492,0.9767681927106739,127.88383749920492,0.9767681927106739,127.88383749920492,0.9767681927106739,126.97700209472724,0.9698418445775627,127.66777731381198,0.9751179394735962,127.66777731381198,0.9751179394735962,127.66777731381198,0.9751179394735962,127.66777731381198,0.9751179394735962,129.01118384267693,0.9853787886390217,129.1579421295741,0.986499718613138,130.0968845732501,0.9936712981630123,130.23183244333555,0.9947020209638849,130.23183244333555,0.9947020209638849,130.23183244333555,0.9947020209638849,130.48531947548366,0.9966381379518385,130.59797815863985,0.997498617434559,130.59797815863985,0.997498617434559,129.67846981688484,0.9904754742546086,129.67846981688484,0.9904754742546086,129.67846981688484,0.9904754742546086,129.67846981688484,0.9904754742546086,130.57700800984614,0.997338448841415,129.5218800320324,0.9892794519570434,129.0859444203035,0.9859498049278843,129.0859444203035,0.9859498049278843,129.0859444203035,0.9859498049278843,129.0859444203035,0.9859498049278843,129.0859444203035,0.9859498049278843,127.8294580417894,0.9763528460540593,127.8294580417894,0.9763528460540593,127.8294580417894,0.9763528460540593,127.8294580417894,0.9763528460540593,127.8294580417894,0.9763528460540593,128.1597958901404,0.9788759444332408,128.08110833519132,0.9782749341543858,128.38940804242927,0.9806297066865591,127.74861473290062,0.9757353702708781,127.91486336205462,0.9770051661748397,127.91486336205462,0.9770051661748397,127.16592298080249,0.9712848096626399,127.16592298080249,0.9712848096626399,127.91486336205462,0.9770051661748397,128.1075239190675,0.978476694616276,127.70160349609444,0.9753763015901892,128.90594970201929,0.9845750173150476,128.45400970187723,0.981123129838218,128.45400970187723,0.981123129838218,128.45400970187723,0.981123129838218,128.45400970187723,0.981123129838218,129.17518276924912,0.9866314014652157,129.56522601962217,0.9896105257094991,129.25401794074222,0.9872335392293552,129.5484483375045,0.9894823788962629,128.65818178929734,0.9826825825785422,128.65818178929734,0.9826825825785422,128.65818178929734,0.9826825825785422,130.09839923253722,0.9936828670292849,130.09839923253722,0.9936828670292849,130.09839923253722,0.9936828670292849,130.09662137413127,0.9936692878657563,129.16647926077056,0.9865649246499035,129.16647926077056,0.9865649246499035,129.57563912808598,0.9896900603350905,130.32707161622187,0.9954294513928944,129.31857714460443,0.9877266381080914,130.44555815814329,0.9963344436708579,130.44555815814329,0.9963344436708579,130.66734619543075,0.9980284458573928
Cipsler,19.0,0.0056969434245712,0.0,100.0,0.5696943424571199,100.07982871233094,0.5701491221149256,100.07982871233094,0.5701491221149256,100.07982871233094,0.5701491221149256,100.07982871233094,0.5701491221149256,100.07982871233094,0.5701491221149256,100.07982871233094,0.5701491221149256,100.2298340901437,0.5710036942657064,100.40179754737892,0.5719833603526692,100.26881503407114,0.5712257664978975,100.26881503407114,0.5712257664978975,100.26881503407114,0.5712257664978975,100.06937355908644,0.5700895596983966,100.06937355908644,0.5700895596983966,100.06937355908644,0.5700895596983966,99.86021098137581,0.5688979723266416,99.86021098137581,0.5688979723266416,99.86021098137581,0.5688979723266416,100.02554245651058,0.5698398563867854,100.2596583047713,0.5711736011291222,100.2596583047713,0.5711736011291222,99.62295400992066,0.5675463327831766,99.5725435834638,0.5672591474356433,99.63157470476467,0.5675954443939834,99.63157470476467,0.5675954443939834,100.742006404551,0.5739215109645165,100.742006404551,0.5739215109645165,99.88774719600664,0.5690548445835203,99.48061424826076,0.5667354312139331,99.5276433617701,0.5670033534129036,99.59856749110111,0.5674074041651394,99.59856749110111,0.5674074041651394,99.64930542665438,0.5676964553134658,99.64930542665438,0.5676964553134658,99.64930542665438,0.5676964553134658,99.84696917716488,0.5688225345172128,99.84696917716488,0.5688225345172128,99.84696917716488,0.5688225345172128,99.84696917716488,0.5688225345172128,99.84696917716488,0.5688225345172128,99.84696917716488,0.5688225345172128,99.84696917716488,0.5688225345172128,99.84696917716488,0.5688225345172128,99.51040145766537,0.5669051272606871,99.51040145766537,0.5669051272606871,99.51040145766537,0.5669051272606871,99.51040145766532,0.5669051272606868,99.51040145844976,0.5669051272651557,99.5103769118962,0.5669049874248288,99.510402663494,0.5669051341302246,100.17270699910206,0.5706782444600319,100.17270699910206,0.5706782444600319,100.17270699910206,0.5706782444600319,100.17270699910206,0.5706782444600319,100.17270699910206,0.5706782444600319,100.17270699910206,0.5706782444600319,100.17270699910254,0.5706782444600347,100.17270699658572,0.5706782444456964,100.17270879752212,0.5706782547055292,0.5706782547055292,100.17270879752212,100.17276814416252,0.570678592799982,100.13155388326905,0.5704437974873864,100.08971036801826,0.5702054173483174,100.08971036801826,0.5702054173483174,100.08971036801826,0.5702054173483174,100.08971036801826,0.5702054173483174,100.08971036801826,0.5702054173483174,100.08971036801826,0.5702054173483174,100.08971036801826,0.5702054173483174,100.08971036801826,0.5702054173483174,100.08971036801826,0.5702054173483174,100.08971036801826,0.5702054173483174,100.08971036801826,0.5702054173483174,100.08971036801826,0.5702054173483174,100.08971036801826,0.5702054173483174,100.65612769369072,0.5734322648073704,100.65612769369072,0.5734322648073704,103.18594168424906,0.58784447198627,103.18594168424906,0.58784447198627,103.18594168424906,0.58784447198627,103.18594168424906,0.58784447198627,103.18594168424906,0.58784447198627,103.18594168424906,0.58784447198627,103.18594168424906,0.58784447198627,103.18594168424906,0.58784447198627,103.18594168424906,0.58784447198627,103.43551183689866,0.5892662590263763,103.43551183689866,0.5892662590263763,103.43551183689866,0.5892662590263763,103.50503348919902,0.5896623199463142,103.50503348919902,0.5896623199463142,103.67429102094093,0.5906265705288304,103.67429102094093,0.5906265705288304,105.60842079225854,0.6016451984118056,105.60842079225854,0.6016451984118056,105.60842079225854,0.6016451984118056,106.50565236582936,0.6067566759251777,106.641978353399,0.6075333173636607,106.641978353399,0.6075333173636607,106.85025283887578,0.6087198453242035,106.85025283887578,0.6087198453242035,106.85025283887578,0.6087198453242035,106.85025283887578,0.6087198453242035,107.22472375298506,0.6108531849360316,107.22472375298506,0.6108531849360316,107.22472375298506,0.6108531849360316,107.22472375298506,0.6108531849360316,107.22472375298506,0.6108531849360316,107.22472375298506,0.6108531849360316,107.23029451882556,0.6108849212738564,107.46646796060912,0.6122303880100837,108.35693901819401,0.6173033512463628,108.69860113995118,0.6192497810243324,109.42026381245735,0.6233610524412249,108.5146618433506,0.6182018892580434,108.5146618433506,0.6182018892580434,108.5146618433506,0.6182018892580434,108.98035580533963,0.6208549214126594,108.98035580533963,0.6208549214126594,108.82163128460735,0.6199506767979553,108.82163128460735,0.6199506767979553,109.5068835074356,0.6238545199429696,109.5336521048881,0.6240070191282117,109.66979602967714,0.6247826233653339,109.33271465225354,0.6228622898286751,109.38157753376439,0.6231406589002039,109.38157753376439,0.6231406589002039,109.38157753376439,0.6231406589002039,109.38157753376439,0.6231406589002039,109.38157753376439,0.6231406589002039,109.38157753376439,0.6231406589002039,110.21947851652712,0.6279141333943957,110.21947851652712,0.6279141333943957,110.21947851652712,0.6279141333943957,110.21947851652712,0.6279141333943957,110.21947851652712,0.6279141333943957,110.21947851652712,0.6279141333943957,110.21947851652712,0.6279141333943957,110.21947851652712,0.6279141333943957,110.21947851652712,0.6279141333943957,110.21947851652712,0.6279141333943957,110.21947851652712,0.6279141333943957,109.46408794596188,0.6236107160504311,109.21245077760622,0.6221771533387895,109.71229693390907,0.6250247486122363,109.21245077760622,0.6221771533387895,109.21245077760622,0.6221771533387895,109.21245077760622,0.6221771533387895,109.44542828873016,0.6235044130388601,109.21245077760624,0.6221771533387896,109.21245077760624,109.21245077760624,0.6221771533387896,0.6221771533387896,109.21245077760624,0.6221771533387896,109.44542828873026,0.6235044130388606,110.24777119952344,0.6280753152087551,110.01308573350958,0.626738325386305,110.01308573350958,0.626738325386305,110.01308573350958,0.626738325386305,110.01308573350958,0.626738325386305,111.80974369200428,0.636973784129155,111.80974369200428,0.636973784129155,112.08009624069442,0.6385139673037313,111.87859985820474,0.6373660538124318,111.87859985820474,0.6373660538124318,112.06986667807782,0.6384556900642464,111.87997471206106,0.6373738862770684,111.87997471206106,0.6373738862770684,111.6918820994198,0.6363023333042713,112.17555738730682,0.6390578040552268,112.17555738730682,0.6390578040552268,111.18177847602475,0.6333963018211209,111.4850739696632,0.6351241590893066,111.4850739696632,0.6351241590893066,111.30682103990384,0.6341086622332034,111.30682103990384,0.6341086622332034,111.43586443505278,0.6348438151546816,111.43586443505278,0.6348438151546816,110.87175412895304,0.6316301106556138,110.87175412895304,0.6316301106556138,110.87175412895304,0.6316301106556138,110.75413248728492,0.6309600268175253,111.91753435247031,0.6375878614235271,111.98892083125524,0.6379945461544442,111.98892083125524,0.6379945461544442,111.98892083125524,0.6379945461544442,111.98892083125524,0.6379945461544442,111.98892083125524,0.6379945461544442,113.03334642302852,0.6439445796619508,113.3099718820213,0.6455204992516288,113.45869918228344,0.6463677902669114,113.88425531955413,0.6487921595049215,113.44340322974101,0.6462806500906523,113.44953221832665,0.6463155665918745,113.44953221832665,0.6463155665918745,113.48521609489572,0.6465188556178578,113.27687822495882,0.6453319665596317,112.0106127440837,0.6381181237545986,112.21675864535459,0.6392925252913462,112.01374486318277,0.6381359672599051,112.01374486318277,0.6381359672599051,112.05897147959263,0.6383936207348768,111.98975366412232,0.63799929075617,112.49063224129063,0.6408527676728776,113.26650941762782,0.6452728960508867,113.01134376924648,0.6438192317881641,112.73539653009685,0.6422471759785621,112.73539653009685,0.6422471759785621,112.73539653009685,0.6422471759785621,113.05811915321841,0.6440857085043149,113.18469952541352,0.6448068297233716,114.11363578792115,0.6500989270559101,113.08444295365967,0.6442356737061484,113.08444295365967,0.6442356737061484,113.28749125113,0.6453924283692924,114.65525000375472,0.6531844726014574,114.65525000375472,0.6531844726014574,112.557848631953,0.641235695647685,112.61080798731753,0.6415374020989986,112.8138177738705,0.642693937367625,112.8138177738705,0.642693937367625,112.78378739930976,0.6425228560227338,112.78378739930976,0.6425228560227338,114.4923140915211,0.6522562359276316,114.84613513414136,0.6542719343898621,115.86024227179846,0.6600492453795483,115.53218685180244,0.6581803322117071,115.2592622527684,0.6566254962118364,115.2592622527684,0.6566254962118364,115.2592622527684,0.6566254962118364,115.14941454729927,0.6559997000484599,114.38083417320075,0.6516211411399848,114.46391893734985,0.652094470340786,113.93567962824322,0.649085120882171,112.39241115922111,0.6402932077252275,112.4266404165675,0.6404882098677949,112.97959586677004,0.6436383657839071,113.97705201322476,0.6493208170187504,113.96256585835256,0.6492382902140039,113.01813101604878,0.6438578983492055,113.1386578124921,0.6445445326896878,112.27419913267778,0.6396197604979061,112.27419913267778,0.6396197604979061,112.29587062868332,0.6397432217845755,114.44126373838519,0.651965404954012,114.66654845860455,0.653248839259522,116.2319405715178,0.6621667895640587,116.4370796265529,0.6633354551547638,116.7411870296691,0.66506793782531,117.21587277132464,0.6677721956399723,117.08955881540592,0.6670525921793695,117.26095847911833,0.6680290463665296,117.39689815067528,0.6688034869845444,118.63908545693269,0.6758801577910133,118.96044345671093,0.6777109161347834,118.96044345671093,0.6777109161347834,118.96044345671093,0.6777109161347834,119.01676287611798,0.67803176468085,119.01676287611798,0.67803176468085,119.01676287611798,0.67803176468085,119.6235860385248,0.6814888019058011,119.54256214413796,0.6810272133634407,119.00109021280724,0.6779424784046564,119.00109021280724,0.6779424784046564,119.00109021280724,0.6779424784046564,119.00109021280724,0.6779424784046564,118.92702655830698,0.6775205419551513,118.42307148418716,0.6746495384093651,116.68090972751712,0.6647245414451644,116.2194457225781,0.6620956071165508,116.2194457225781,0.6620956071165508,116.19273917492016,0.6619434614254779,116.12222955437646,0.6615417721063525,115.30049159937552,0.6568603774668892,115.172048206088,0.6561286427220703,117.1732819342747,0.6675295580508935,117.26115979739984,0.6680301932653897,117.44442187748416,0.6690742269674993,117.53556325705254,0.6695934542505378,117.49516436530014,0.6693633040498089,116.8453005936468,0.6656610669090214,118.12354886759215,0.6729431750082439,118.22227914393079,0.6735056358068374,118.22227914393079,0.6735056358068374
Dana Eti,20.0,0.0842266864041758,0.8164848516163392,100.0,8.42266864041758,99.6674832179502,8.394661853691746,99.6674832179502,8.394661853691746,99.6674832179502,8.394661853691746,99.6674832179502,8.394661853691746,101.2005106509085,8.523783674536523,101.55587081048397,8.553714483257624,102.05257285461109,8.595550050564631,101.68384428750706,8.5644932651749,100.99991039120675,8.506887779370027,101.18663932094994,8.522615338378094,101.40113021867192,8.540681195957074,101.93372545709627,8.585539928084199,102.0154358582643,8.592422124419338,102.12298719711342,8.601480817308932,101.784764417855,8.572993433345584,100.58164713797039,8.471658851505298,100.58164713797039,8.471658851505298,101.06089938668235,8.512024680366057,102.85597719462918,8.663218135967089,102.99832770086313,8.675207847415132,103.19170598434218,8.6914954594551,103.099877992365,8.683761091971713,102.11745939921202,8.601015229208585,102.11745939921202,8.601015229208585,102.35845644999735,8.621313612229413,103.26526132314955,8.69769078191018,103.46478508883574,8.714496007552812,103.49642052658685,8.717160555647533,103.61205744133144,8.726900269802472,103.29558246199875,8.70024463096345,103.29638168275355,8.700311946679331,103.29558322804245,8.700244695484772,103.93765923601453,8.754324630055882,103.93765923601453,8.754324630055882,103.99182179366208,8.75888656281371,105.03304153627685,8.846585051552761,103.96308679204573,8.756466308843747,103.96308679204573,8.756466308843747,103.81248098832265,8.743781281042914,104.91093697679197,8.836300589112508,105.08658675630798,8.851094988008766,105.88219229535738,8.918106206247705,105.51910466657009,8.887524538400601,105.17948469206493,8.858919473311362,105.17948469206493,8.858919473311362,105.23048466948966,8.863215032416534,106.34057670853525,8.956714406469,106.34057670853525,8.956714406469,106.35623038136417,8.958032863461435,106.35623038136417,8.958032863461435,106.01110932183848,8.928964460209286,106.01110932183848,8.928964460209286,105.97341229440984,8.925789364501686,107.60845228012454,9.063503364636766,107.64849729085806,9.06687622319787,107.5997462023595,9.062770080555039,108.33745153947261,9.124904556642752,108.4961624391026,9.138272249814813,9.138272249814813,108.4961624391026,108.4961624391026,9.138272249814813,108.4961624391026,9.138272249814813,109.0504610713561,9.18495898688789,109.63927524980856,9.23455285404674,109.5492002619267,9.226966136289553,109.62345334631524,9.23322022754289,109.62345334631524,9.23322022754289,109.62345334631524,9.23322022754289,109.95476411200498,9.261125435506967,109.95476411200498,9.261125435506967,109.33038523160216,9.208536071349888,108.26181613942454,9.118534037521849,108.26181613942454,9.118534037521849,108.07783529652563,9.103037940762627,108.07783529652563,9.103037940762627,108.07783529652563,9.103037940762627,108.07783529652563,9.103037940762627,108.07783529652563,9.103037940762627,108.07783529652563,9.103037940762627,108.07783529652563,9.103037940762627,108.07783529652563,9.103037940762627,108.07783529652563,9.103037940762627,108.07783529652563,9.103037940762627,108.07783529652563,9.103037940762627,108.07783529652563,9.103037940762627,108.4280998558248,9.132539563957215,108.77258439335513,9.16155435507087,108.77258439335513,9.16155435507087,110.08393833883106,9.272005352601349,110.27276390370433,9.287909504239021,111.70442316193036,9.40849341961926,111.9917292656205,9.432692260716776,111.9917292656205,9.432692260716776,111.98631120695146,9.432235915588338,111.98631120695146,9.432235915588338,111.98631120695146,9.432235915588338,112.10307945970213,9.442070918594732,112.10307945970213,9.442070918594732,112.50697797362493,9.47608995206602,112.50697797362493,9.47608995206602,112.50697797362493,9.47608995206602,112.50697797362493,9.47608995206602,112.50697797362493,9.47608995206602,112.67611008832057,9.490335389651365,112.31535879204189,9.459950503349802,112.31535879204189,9.459950503349802,112.31535879204189,9.459950503349802,112.52492826201367,9.477601845377004,112.39739356537402,9.466860020477483,112.66410225316237,9.489324009485102,113.53104141210517,9.562343422156879,116.47334836443201,9.810164187135337,116.61808607532413,9.822354964921505,116.80877295266137,9.838415888740382,116.80877295266137,9.838415888740382,117.73153276170818,9.916136889803344,117.25169708855303,9.875721921034968,117.35925770218427,9.884781395108728,117.29619183104845,9.879469565757764,117.50390232477773,9.896964332375957,118.2442302063213,9.959319696690995,119.44844162001415,10.060746433796433,119.71509231034563,10.08320553787044,119.71509231034563,10.08320553787044,119.71509231034563,10.08320553787044,119.44799435689075,10.060708762305598,120.01012249400766,10.108054952629507,120.31728093822494,10.13392589058699,120.24187224798195,10.127574466481745,120.4652353341314,10.146387599093124,119.76576034265447,10.087473138338433,121.89126079729635,10.266496998583488,121.81556808709392,10.260121652418185,122.11415253301594,10.285270430910023,122.17391119449566,10.290303704950409,122.24076545961513,10.295934618173408,122.24076545961513,10.295934618173408,121.81128638853009,10.259761019135972,123.09620151924054,10.367985162906301,122.97395706934206,10.357688917960052,122.96439035005562,10.356883144894796,123.45998360104066,10.398625322229538,123.30484991667264,10.38555892604555,123.42410203380287,10.39560313671811,124.73225322942434,10.505784377240968,126.74735592372524,10.67550979994606,127.02584542171724,10.698966047560289,127.2324790410487,10.716370112616278,127.7611746960478,10.760900395753138,127.60402420237362,10.747664130404182,127.60402420237362,127.60402420237362,10.747664130404182,10.747664130404182,127.86742630788427,10.769849616943228,127.86742630788427,10.769849616943228,127.94053418322844,10.776007251033516,127.09009243176357,10.704377360327866,127.09009243176357,10.704377360327866,127.00021739195803,10.696807483534602,127.00021739195803,10.696807483534602,127.00021739195803,10.696807483534602,127.38981563645461,10.729622052697433,127.439970301929,10.73384641397805,127.82327697558526,10.766131064976724,128.91809819221635,10.858344228258549,128.65650233481963,10.836310876012964,128.09646924298542,10.789141144411083,128.09646924298542,10.789141144411083,128.09646924298542,10.789141144411083,128.09646924298542,10.789141144411083,129.11046684328545,10.87454680230614,128.6702524551681,10.837469003087575,128.22235420553943,10.799744017675122,127.89613201406713,10.772267403455901,127.90053342565446,10.772638119769402,128.35578248128786,10.810982239214034,129.2967795784489,10.890239306623858,128.96654689195935,10.862424901698494,129.0967210900527,10.873389043059218,128.6754397549594,10.83790591216038,128.32228304402412,10.808160692616905,128.97282326333544,10.862953539662143,129.38118333074073,10.897348354999476,129.13825643552258,10.876887427576797,129.4840846299134,10.906015390455476,129.5925727209463,10.91515298287749,129.80119006001917,10.932724130074055,129.80119006001917,10.932724130074055,130.3386286318711,10.977990800126936,130.49584225942348,10.991232383033253,130.19919898442663,10.966247102936187,129.27449029021017,10.8883619537332,129.3947020433993,10.898486991371158,129.3947020433993,10.898486991371158,129.17332597990455,10.879841219093795,130.0655455189479,10.95498991441248,129.8762013597048,10.939042083289447,130.11432857569778,10.959098749635187,130.15824987551198,10.962798095181101,130.21377153132286,10.967474500273726,129.8503658566549,10.936866044475968,129.84212233056468,10.936171719589103,130.71561653154424,11.009743241730876,130.40126990049208,10.983266866615036,132.20805379504418,11.13544628710159,132.54707188468308,11.164000657422948,133.12427506210872,11.212616568439472,133.0106952394209,11.203050116332102,132.97834515071193,11.200325375555265,134.87123284607094,11.359757033870592,134.52100106312048,11.330258171319247,134.9452234270426,11.365989015330955,133.63619110941008,11.255733560820788,133.43371987733852,11.23868007985123,133.68592180553236,11.25992221256774,133.39793477970667,11.23566601965505,133.39793477970667,11.23566601965505,133.45491157925332,11.24046498668278,134.04067207407834,11.28980165218836,134.2191976496986,11.304838269861254,134.2191976496986,11.304838269861254,134.2191976496986,11.304838269861254,134.2191976496986,11.304838269861254,134.92941518882688,11.364657539808157,135.0549943141474,11.375234653415438,135.38445418602615,11.40298396672693,135.16805857048843,11.384757681077796,136.9227320235361,11.532548011749375,136.9227320235361,11.532548011749375,136.67046047979358,11.511300015545876,137.49825477258207,11.581022385851739,136.87599530278328,11.528611532626966,138.08726835471217,11.63063304812161,137.58684913800434,11.588484395685336,137.40744823926022,11.573374052446189,136.85074835447725,11.526485065829332,135.70567297730202,11.430039161126851,137.03920670220546,11.542358287983685,135.5081703164497,11.413404166447252,136.42982583123614,11.491032156463849,136.86548628553905,11.527726392927121,137.72849527928665,11.600414780807483,137.72849527928665,11.600414780807483,135.84184529028175,11.441508503829127,137.10355690299744,11.547778292165837,137.10355690299744,11.547778292165837,137.10355690299744,11.547778292165837,138.98452814187124,11.706206266837734,137.9034110712356,11.615147358363107,138.99549164334982,11.707129686238664,137.39266177652584,11.572128637686433,137.77724327854378,11.604520663253744,136.71409540801648,11.514975240961574,137.4502585449308,11.57697982263677,137.78139903209262,11.604870688604676,136.7291147039667,11.516240266491586,137.07730455128114,11.545567143570457,134.53367908366388,11.331325998979782,134.60571680110124,11.337393497215652,136.88890293247883,11.529698699505555,137.36370094238427,11.569689362591188,137.36027274941688,11.56940061725719,137.1482945428077,11.551546395324598,137.1482945428077,11.551546395324598,136.31451765897123,11.481320131198654,136.7256002902487,11.515944259069466,136.29650814785668,11.479803249753717,136.0721150170805,11.46090335989658,136.49936517260753,11.49688922476229,133.65689107009615,11.257477049918073,133.49422516150028,11.243776239446118,133.49422516150028,11.243776239446118,134.22304886056733,11.30516264459137,134.287487660242,11.31059011116383,135.34089895376866,11.399315453838318,136.15621071040613,11.467986461486259,136.15621071040613,11.467986461486259,137.56243425522436,11.586428011009833,137.33532776960286,11.567299584265037,137.98734227566746,11.622216605598313,137.98734227566746,11.622216605598313,137.37062918212538,11.570272905267196,139.00550591707866,11.707973155331588,140.14046481580425,11.803566982576177
Dereotu,21.0,0.0006197946076707,0.0,100.0,0.06197946076707,100.0,0.06197946076707,100.0,0.06197946076707,100.0,0.06197946076707,100.0,0.06197946076707,100.0,0.06197946076707,100.0,0.06197946076707,100.0,0.06197946076707,100.0,0.06197946076707,100.0,0.06197946076707,100.0,0.06197946076707,100.0,0.06197946076707,100.0,0.06197946076707,100.0,0.06197946076707,100.0,0.06197946076707,100.0,0.06197946076707,100.0,0.06197946076707,100.0,0.06197946076707,100.0,0.06197946076707,100.0,0.06197946076707,100.0,0.06197946076707,100.0,0.06197946076707,100.0,0.06197946076707,100.0,0.06197946076707,100.0,0.06197946076707,100.0,0.06197946076707,100.0,0.06197946076707,100.0,0.06197946076707,100.0,0.06197946076707,100.3703467059438,0.06220899965838258,100.0,0.06197946076707,100.0,0.06197946076707,100.0,0.06197946076707,100.0,0.06197946076707,100.0,0.06197946076707,100.0,0.06197946076707,100.0,0.06197946076707,100.0,0.06197946076707,100.0,0.06197946076707,100.0,0.06197946076707,100.0,0.06197946076707,100.0,0.06197946076707,100.0,0.06197946076707,100.0,0.06197946076707,100.0,0.06197946076707,100.0,0.06197946076707,100.0,0.06197946076707,100.0,0.06197946076707,100.0,0.06197946076707,100.0,0.06197946076707,100.0,0.06197946076707,100.0,0.06197946076707,100.0,0.06197946076707,100.0,0.06197946076707,100.0,0.06197946076707,100.0,0.06197946076707,100.0,0.06197946076707,100.0,0.06197946076707,100.0,0.06197946076707,0.06197946076707,100.0,120.38633223837142,0.07461479955859596,125.6319240570369,0.07786598908184636,125.6319240570369,0.07786598908184636,125.6319240570369,0.07786598908184636,125.6319240570369,0.07786598908184636,125.6319240570369,0.07786598908184636,125.6319240570369,0.07786598908184636,125.6319240570369,0.07786598908184636,125.6319240570369,0.07786598908184636,166.46229937557382,0.10317243553344639,166.46229937557382,0.10317243553344639,166.46229937557382,0.10317243553344639,166.46229937557382,0.10317243553344639,166.46229937557382,0.10317243553344639,166.46229937557382,0.10317243553344639,153.6328350691712,0.09522080273703432,153.6328350691712,0.09522080273703432,153.6328350691712,0.09522080273703432,153.6328350691712,0.09522080273703432,153.6328350691712,0.09522080273703432,153.6328350691712,0.09522080273703432,153.6328350691712,0.09522080273703432,147.2181029159699,0.0912449863388283,147.2181029159699,0.0912449863388283,147.2181029159699,0.0912449863388283,147.2181029159699,0.0912449863388283,147.2181029159699,0.0912449863388283,147.2181029159699,0.0912449863388283,147.2181029159699,0.0912449863388283,147.2181029159699,0.0912449863388283,147.2181029159699,0.0912449863388283,147.2181029159699,0.0912449863388283,147.2181029159699,0.0912449863388283,147.2181029159699,0.0912449863388283,147.2181029159699,0.0912449863388283,147.2181029159699,0.0912449863388283,147.2181029159699,0.0912449863388283,147.2181029159699,0.0912449863388283,147.2181029159699,0.0912449863388283,147.2181029159699,0.0912449863388283,147.2181029159699,0.0912449863388283,147.2181029159699,0.0912449863388283,147.2181029159699,0.0912449863388283,147.2181029159699,0.0912449863388283,147.2181029159699,0.0912449863388283,147.2181029159699,0.0912449863388283,147.2181029159699,0.0912449863388283,147.2181029159699,0.0912449863388283,147.2181029159699,0.0912449863388283,147.2181029159699,0.0912449863388283,147.2181029159699,0.0912449863388283,147.2181029159699,0.0912449863388283,147.2181029159699,0.0912449863388283,151.17026675264017,0.09369451617342768,151.17026675264017,0.09369451617342768,151.17026675264017,0.09369451617342768,151.17026675264017,0.09369451617342768,151.17026675264017,0.09369451617342768,151.17026675264017,0.09369451617342768,151.17026675264017,0.09369451617342768,151.17026675264017,0.09369451617342768,151.17026675264017,0.09369451617342768,151.17026675264017,0.09369451617342768,151.17026675264017,0.09369451617342768,151.17026675264017,0.09369451617342768,151.17026675264017,0.09369451617342768,151.17026675264017,0.09369451617342768,151.17026675264017,0.09369451617342768,151.17026675264017,0.09369451617342768,151.17026675264017,0.09369451617342768,151.17026675264017,0.09369451617342768,151.17026675264017,0.09369451617342768,151.17026675264017,0.09369451617342768,151.17026675264017,0.09369451617342768,151.17026675264017,0.09369451617342768,151.17026675264017,0.09369451617342768,151.17026675264017,0.09369451617342768,151.17026675264017,0.09369451617342768,151.17026675264017,0.09369451617342768,151.17026675264017,0.09369451617342768,151.17026675264017,0.09369451617342768,151.17026675264017,0.09369451617342768,151.17026675264017,0.09369451617342768,151.17026675264017,0.09369451617342768,151.17026675264017,0.09369451617342768,151.17026675264017,0.09369451617342768,151.17026675264017,0.09369451617342768,151.17026675264017,0.09369451617342768,151.17026675264017,0.09369451617342768,151.17026675264017,0.09369451617342768,151.17026675264017,151.17026675264017,0.09369451617342768,0.09369451617342768,151.17026675264017,0.09369451617342768,151.17026675264017,0.09369451617342768,151.17026675264017,0.09369451617342768,151.17026675264017,0.09369451617342768,151.17026675264017,0.09369451617342768,151.17026675264017,0.09369451617342768,151.17026675264017,0.09369451617342768,151.17026675264017,0.09369451617342768,151.17026675264017,0.09369451617342768,151.17026675264017,0.09369451617342768,151.17026675264017,0.09369451617342768,151.17026675264017,0.09369451617342768,151.17026675264017,0.09369451617342768,151.17026675264017,0.09369451617342768,151.17026675264017,0.09369451617342768,151.17026675264017,0.09369451617342768,151.17026675264017,0.09369451617342768,151.17026675264017,0.09369451617342768,151.17026675264017,0.09369451617342768,151.17026675264017,0.09369451617342768,151.17026675264017,0.09369451617342768,151.17026675264017,0.09369451617342768,151.17026675264017,0.09369451617342768,151.17026675264017,0.09369451617342768,151.17026675264017,0.09369451617342768,151.17026675264017,0.09369451617342768,170.5276714602053,0.10569213122967598,170.5276714602053,0.10569213122967598,170.5276714602053,0.10569213122967598,170.5276714602053,0.10569213122967598,170.5276714602053,0.10569213122967598,170.5276714602053,0.10569213122967598,170.5276714602053,0.10569213122967598,170.5276714602053,0.10569213122967598,170.5276714602053,0.10569213122967598,155.79320078713764,0.09655978575962657,155.79320078713764,0.09655978575962657,155.79320078713764,0.09655978575962657,155.79320078713764,0.09655978575962657,155.79320078713764,0.09655978575962657,138.9442776017881,0.08611691402428907,138.9442776017881,0.08611691402428907,170.52767146020534,0.105692131229676,170.52767146020534,0.105692131229676,170.52767146020534,0.105692131229676,170.52767146020534,0.105692131229676,155.79320078713764,0.09655978575962657,155.79320078713764,0.09655978575962657,155.79320078713764,0.09655978575962657,164.64041735452287,0.1020432428809868,164.64041735452287,0.1020432428809868,164.64041735452287,0.1020432428809868,164.64041735452287,0.1020432428809868,164.64041735452287,0.1020432428809868,164.64041735452287,0.1020432428809868,164.64041735452287,0.1020432428809868,164.64041735452287,0.1020432428809868,166.12242605763436,0.10296178388369635,166.12242605763436,0.10296178388369635,164.11853435409495,0.10171978261148658,164.11853435409495,0.10171978261148658,164.11853435409495,0.10171978261148658,168.35555842947048,0.10434586728597527,168.35555842947048,0.10434586728597527,164.25901511357822,0.1018068518286958,164.25901511357822,0.1018068518286958,164.25901511357822,0.1018068518286958,164.25901511357822,0.1018068518286958,164.25901511357822,0.1018068518286958,164.25901511357822,0.1018068518286958,168.3555584294704,0.10434586728597521,166.59106729202256,0.10325224519370231,166.59106729202256,0.10325224519370231,166.59106729202256,0.10325224519370231,168.35555842947042,0.10434586728597522,168.35555842947042,0.10434586728597522,166.75858107405847,0.10335606933251869,165.14782351315364,0.10235773048200507,165.14782351315364,0.10235773048200507,168.19581302802908,0.1042468579475617,173.10477753490034,0.10728940767816736,171.36995841363557,0.10621417614152344,171.36995841363557,0.10621417614152344,171.36995841363557,0.10621417614152344,166.53478049118752,0.10321735893806172,166.53478049118752,0.10321735893806172,162.37799141053617,0.10064100348064955,162.37799141053617,0.10064100348064955,162.37799141053617,0.10064100348064955,162.37799141053617,0.10064100348064955,162.37799141053617,0.10064100348064955,162.37799141053617,0.10064100348064955,162.37799141053617,0.10064100348064955,162.37799141053617,0.10064100348064955,162.37799141053617,0.10064100348064955,162.37799141053617,0.10064100348064955,162.37799141053617,0.10064100348064955,162.37799141053617,0.10064100348064955,162.37799141053617,0.10064100348064955,162.37799141053617,0.10064100348064955,162.37799141053617,0.10064100348064955,162.37799141053617,0.10064100348064955,146.07166018724897,0.09053442731756378,146.07166018724897,0.09053442731756378,162.37799141053617,0.10064100348064955,162.37799141053617,0.10064100348064955,162.37799141053617,0.10064100348064955,162.37799141053617,0.10064100348064955,171.56188192287115,0.10633312929763289,171.56188192287115,0.10633312929763289,171.56188192287115,0.10633312929763289,171.56188192287115,0.10633312929763289,171.56188192287115,0.10633312929763289,171.56188192287115,0.10633312929763289,171.56188192287115,0.10633312929763289,171.56188192287115,0.10633312929763289,171.56188192287115,0.10633312929763289,171.56188192287115,0.10633312929763289,171.56188192287115,0.10633312929763289,181.42733198176452,0.11244768204637959,181.42733198176452,0.11244768204637959,181.42733198176452,0.11244768204637959,181.42733198176452,0.11244768204637959,181.42733198176452,0.11244768204637959,181.42733198176452,0.11244768204637959,181.42733198176452,0.11244768204637959,198.15219163784442,0.12281365987526714,198.15219163784442,0.12281365987526714,184.39523304017405,0.11428717111848197,198.15219163784434,0.1228136598752671,198.15219163784434,0.1228136598752671
Dolmalık Biber,22.0,0.0023440364623081,0.0,100.0,0.23440364623081,101.28303823453942,0.23741113463510582,101.28303823453942,0.23741113463510582,101.28303823453942,0.23741113463510582,101.28303823453942,0.23741113463510582,104.68923383985656,0.24539538133172278,105.92859856289034,0.24830049743261237,105.92859856289034,0.24830049743261237,116.31375528474233,0.2726436834554175,116.31375528474233,0.2726436834554175,116.31375528474233,0.2726436834554175,114.83876201120391,0.2691862454405842,118.92834271275143,0.2787723717205632,119.3738228396578,0.27981659338126535,119.3738228396578,0.27981659338126535,120.12084300761565,0.28156763589303807,122.62492562190832,0.2874372968455719,122.62492562190832,0.2874372968455719,122.62492562190832,0.2874372968455719,115.85527918527174,0.27156899876116164,112.63588439639058,0.26402261998945953,111.80112269716294,0.26206590812913166,109.60894382074795,0.25692736091091334,108.00948039205242,0.25317816031392265,108.00948039205242,0.25317816031392265,108.00948039205242,0.25317816031392265,101.89613276828848,0.23884825057705542,97.4729513138734,0.22848015196850147,97.07249936570544,0.22754147800059346,97.19947617570486,0.22783911627309966,97.0724993657054,0.22754147800059338,97.0724993657054,0.22754147800059338,95.60170392077052,0.22409387984906934,92.3133401211192,0.21638583520135263,92.45524011759613,0.21671845396709596,92.45524011759613,0.21671845396709596,92.45524011759613,0.21671845396709596,92.45524011759613,0.21671845396709596,92.45524011759613,0.21671845396709596,94.41840901186697,0.22132019343693587,91.33662241763211,0.2140963732909971,94.85227378089748,0.22233718827525428,94.29660726782826,0.22103468570773643,95.31713332051052,0.223426835985959,95.31713332051052,0.223426835985959,95.31713332051052,0.223426835985959,94.34846326644029,0.22115623805927243,96.28530623829441,0.22569626860706368,95.28170704881873,0.22334379551338981,94.85815646590673,0.22235097750341223,89.584743275674,0.20998990470469026,89.584743275674,0.20998990470469026,89.584743275674,0.20998990470469026,89.584743275674,0.20998990470469026,89.584743275674,0.20998990470469026,97.05761141678785,0.22750658010548166,97.05761141678785,0.22750658010548166,100.44553191157877,0.23544798927667246,100.44553191157877,0.23544798927667246,0.23544798927667246,100.44553191157877,100.44553191157877,0.23544798927667246,100.44553191157877,0.23544798927667246,100.44553191157877,0.23544798927667246,99.66645274874325,0.23362179931196156,96.816940137991,0.22694243785255153,101.53722499719693,0.23800695767501107,101.53722499719693,0.23800695767501107,101.53722499719693,0.23800695767501107,101.53722499719693,0.23800695767501107,100.32643051833709,0.23516881126820227,97.45344622471116,0.22843443132830463,97.45344622471116,0.22843443132830463,97.45344622471116,0.22843443132830463,97.45344622471116,0.22843443132830463,97.45344622471116,0.22843443132830463,99.19716825292849,0.23252177934257587,99.19716825292849,0.23252177934257587,99.19716825292849,0.23252177934257587,100.32643051833733,0.23516881126820285,100.32643051833733,0.23516881126820285,100.32643051833733,0.23516881126820285,100.32643051833733,0.23516881126820285,103.57021830041961,0.24277236810539324,103.57021830041961,0.24277236810539324,103.57021830041961,0.24277236810539324,105.82391764781921,0.24805512155077789,105.82391764781921,0.24805512155077789,105.82391764781921,0.24805512155077789,105.82391764781921,0.24805512155077789,105.82391764781921,0.24805512155077789,106.45858935752119,0.24954281517991472,103.23004846935366,0.24197499761799746,103.83113742492691,0.24338397204695184,107.07847749317092,0.25099585557242987,107.07847749317092,0.25099585557242987,107.07847749317092,0.25099585557242987,107.07847749317092,0.25099585557242987,107.07847749317092,0.25099585557242987,107.07847749317092,0.25099585557242987,107.07847749317092,0.25099585557242987,107.07847749317092,0.25099585557242987,107.07847749317092,0.25099585557242987,107.07847749317092,0.25099585557242987,108.56831958378423,0.2544880997559088,111.15772655131163,0.2605577641035477,111.15772655131163,0.2605577641035477,111.15772655131163,0.2605577641035477,111.15772655131163,0.2605577641035477,111.15772655131163,0.2605577641035477,111.16831423744622,0.2605825820258986,111.20615958449658,0.26067129289931334,114.29602118589295,0.26791404115647216,115.51731627993196,0.2707768013881376,122.79603393054661,0.2878383809600239,122.79603393054661,0.2878383809600239,122.79603393054661,0.2878383809600239,122.79603393054661,0.2878383809600239,127.93185396296833,0.2998769303798728,127.93185396296833,0.2998769303798728,127.93185396296833,0.2998769303798728,125.18520372808621,0.293438682080102,125.18520372808621,0.293438682080102,125.18520372808621,0.293438682080102,125.18520372808621,0.293438682080102,123.64893857627537,0.2898376205484841,129.25238001255877,0.3029722915895405,124.88297860332713,0.2927302553678411,129.52304754591054,0.30360674615688,133.19807931852813,0.31222115463203637,133.19807931852813,0.31222115463203637,133.19807931852813,0.31222115463203637,136.50643374851097,0.3199760580461547,136.50643374851097,0.3199760580461547,136.50643374851097,0.3199760580461547,136.50643374851097,0.3199760580461547,137.84608312186046,0.3231162450239941,137.84608312186046,0.3231162450239941,137.84608312186046,0.3231162450239941,137.84608312186046,0.3231162450239941,130.79625128688042,0.30659118214966047,135.37254607970715,0.317318184006317,134.05693563639755,0.314234345157006,134.05693563639755,0.314234345157006,134.05693563639755,0.314234345157006,134.05693563639755,0.314234345157006,134.05693563639755,0.314234345157006,137.4233034097148,0.3221252339632006,137.4233034097148,0.3221252339632006,137.4233034097148,0.3221252339632006,137.4233034097148,0.3221252339632006,137.4233034097148,137.4233034097148,0.3221252339632006,0.3221252339632006,134.30721330642186,0.3148210051412445,134.30721330642186,0.3148210051412445,134.30721330642186,0.3148210051412445,125.55930205250706,0.29431558219303283,125.55930205250706,0.29431558219303283,125.55930205250706,0.29431558219303283,125.55930205250706,0.29431558219303283,111.1566127342944,0.26055515327584694,106.142762756985,0.24880250611249105,100.2024843561089,0.23487827694457625,100.2024843561089,0.23487827694457625,100.2024843561089,0.23487827694457625,97.86691686343534,0.2294036215815679,96.17562365995896,0.2254391686441654,95.82267606758926,0.22461184661836697,95.17480136487787,0.22309320469220445,95.17480136487787,0.22309320469220445,95.17480136487787,0.22309320469220445,95.17480136487787,0.22309320469220445,95.17480136487787,0.22309320469220445,95.17480136487787,0.22309320469220445,94.35640783177448,0.22117486041009296,93.3716447614552,0.2188665398665301,93.3716447614552,0.2188665398665301,93.3716447614552,0.2188665398665301,93.3716447614552,0.2188665398665301,93.3716447614552,0.2188665398665301,91.78576411840676,0.21514917781435594,90.43338340728249,0.2119791481165585,87.31349919840092,0.20466602577276083,87.31349919840092,0.20466602577276083,86.17087452752324,0.20198767188149075,86.59687279662961,0.2029862273571562,85.64714646741574,0.20076003421226488,86.29427407107235,0.20227692491100205,85.93714517322104,0.20143980175269466,79.6807473392684,0.18677457710720424,76.62225177424746,0.17960535198298755,75.70099102827956,0.17744588320314564,75.22319505762158,0.17632591202637946,75.22319505762158,0.17632591202637946,75.94429694557428,0.17801620114477978,72.27146272333074,0.16940694380782792,68.59740148189356,0.16079481029314618,68.59740148189356,0.16079481029314618,64.6207563634903,0.15147340913794946,66.98571345955338,0.15701695480291558,66.98571345955338,0.15701695480291558,65.74170898214712,0.15410096294860076,57.00143068178672,0.13361343192183575,52.59821803873956,0.12329214093523717,52.77893065021898,0.12371573788574386,51.37080152874922,0.12041503188138086,50.94195787303253,0.11940980671575144,50.94195787303253,0.11940980671575144,52.81757665479593,0.12380632552959474,53.45287056863418,0.12529547762791404,52.949633060746834,0.12411587056022502,53.682125467790534,0.12583285947069928,54.15577320169683,0.12694310702926526,54.99720683269762,0.1289154581409434,54.99720683269762,0.1289154581409434,55.35937400702535,0.1297643912030187,55.35937400702535,0.1297643912030187,54.15802336038056,0.1269483814832659,53.720271784456685,0.1259222758278675,53.720271784456685,0.1259222758278675,53.720271784456685,0.1259222758278675,53.720271784456685,0.1259222758278675,52.985145338034414,0.12419911263304671,56.7364080448282,0.13299220919746793,56.725174546673344,0.13296587746819366,56.725174546673344,0.13296587746819366,56.61335365690261,0.13270376522532334,56.554958264480334,0.13256688429625474,56.98263509889594,0.1335693743902094,55.39595338939114,0.12985013460905281,55.33463954679607,0.12970641272636574,52.796135471926206,0.12375606661515309,52.04293385681306,0.12199053456585852,51.77756112007243,0.121368491194836,52.04249636050887,0.12198950905856938,52.04249636050887,0.12198950905856938,54.95832586883264,0.1288243197439542,59.012361740802234,0.13832712764735594,59.012361740802234,0.13832712764735594,59.986919561057086,0.1406115267126608,60.282063878523815,0.14130335575444586,60.282063878523815,0.14130335575444586,58.14965358357009,0.13630490827047317,58.14965358357009,0.13630490827047317,60.59301164539544,0.14203222865786624,60.022331508559,0.14069453360880665,64.96798210566934,0.1522873189382691,66.11890099801498,0.15498511478708654,66.11890099801498,0.15498511478708654,66.11890099801498,0.15498511478708654,66.11890099801498,0.15498511478708654,68.62993189938518,0.16087106277788069,71.44692988099844,0.16747420876103047,71.44692988099844,0.16747420876103047,71.44692988099844,0.16747420876103047,68.83857994514531,0.16136014140493174,68.83857994514531,0.16136014140493174,74.84678628460219,0.17544359613768934,74.84678628460219,0.17544359613768934,74.84678628460219,0.17544359613768934,74.84678628460219,0.17544359613768934,68.62126682645392,0.16085075153098122,66.17829846918656,0.1551243446252816,66.17829846918656,0.1551243446252816,65.14269216367526,0.15269684568456696,65.14269216367526,0.15269684568456696,63.20671214554032,0.14815883793175877,62.160458133974096,0.1457063803798114,62.160458133974096,0.1457063803798114,61.50502911092066,0.1441700308513192,59.24806620317025,0.13887962750147528,60.61384523233942,0.1420810633453036,59.81995901953101,0.140220165115557,57.71591499487862,0.1352882092034703,55.45882372537216,0.1299975049689899,53.07553537527494,0.12441099017616788,53.07553537527494,0.12441099017616788,53.07553537527494,0.12441099017616788,55.19770400778593,0.12938543082994017,53.923869414144335,0.12639951609549485,53.923869414144335,0.12639951609549485,49.662412451981055,0.11641050559362741,52.10222896202807,0.12212952445451891,52.10222896202807,0.12212952445451891
Domates,23.0,0.03618255213479,0.0,100.0,3.618255213479,100.0,3.618255213479,100.0,3.618255213479,100.0,3.618255213479,101.31147540983608,3.6657077408688887,102.01583832222232,3.6911933886681165,103.7587699661546,3.7542571037420718,103.7587699661546,3.7542571037420718,110.91006363550106,4.013009159764393,111.41929257781284,4.031434362518134,111.41929257781284,4.031434362518134,110.68588795818945,4.004897911632715,110.68588795818945,4.004897911632715,110.94718608840242,4.0143523448518685,110.94718608840242,4.0143523448518685,110.94718608840242,4.0143523448518685,110.94718608840242,4.0143523448518685,110.94718608840242,4.0143523448518685,110.94718608840242,4.0143523448518685,111.20188578098367,4.023568029757405,110.87891336919795,4.011882063629868,109.17675715889585,3.9502937078090565,109.17675715889585,3.9502937078090565,109.17675715889585,3.9502937078090565,109.17675715889585,3.9502937078090565,108.78118919817521,3.935981049447429,105.86095567942657,3.830319547909545,105.86095567942657,3.830319547909545,104.92662275434196,3.7965129981364205,104.7466732388495,3.790001965410484,105.0678809971452,3.8016240818711173,105.0678809971452,3.8016240818711173,105.0098863060318,3.799525685936366,102.18604135730791,3.6973517688586006,99.74119896899887,3.608891131682264,99.74119896899887,3.608891131682264,99.74119896899887,3.608891131682264,99.74119896899887,3.608891131682264,99.74119896899887,3.608891131682264,100.3144242504297,3.6296318853126146,100.3144242504297,3.6296318853126146,100.23911312111254,3.6269069364497666,100.23911312111254,3.6269069364497666,100.23911312111254,3.6269069364497666,100.23911312111254,3.6269069364497666,100.23911312111254,3.6269069364497666,100.23911312111254,3.6269069364497666,100.23911312111254,3.6269069364497666,99.09171019171184,3.585390970137115,98.59575568624771,3.5674460703866755,96.24543969849448,3.4824056396265637,96.24543969849448,3.4824056396265637,96.24543969849448,3.4824056396265637,96.24543969849448,3.4824056396265637,94.90646585739147,3.433958148813734,97.54715772877123,3.529505120121848,94.86599880511449,3.4324939475849807,94.86599861412456,3.432493940674478,94.86605233629622,3.4324958844797546,3.4324958844797546,94.86605233629622,95.0426201816906,3.438884559751064,96.15366045832405,3.479084832484206,99.5577933715707,3.602255049091507,99.5577933715707,3.602255049091507,99.03311461862413,3.583270832759001,95.99168506925125,3.4732241495245257,95.99168506925125,3.4732241495245257,95.99168506925125,3.4732241495245257,95.76489188787637,3.465018193415615,98.75064671240914,3.5730504230159723,109.35363942982576,3.9566937597986978,108.00228015396816,3.907798132347148,104.81105421490264,3.7923314334330156,104.81105421490264,3.7923314334330156,104.81105421490264,3.7923314334330156,101.64815372247978,3.6778896214687724,101.21385080592748,3.662175433548328,100.6556574770807,3.641978574326037,99.70563898181815,3.6076044805921854,99.76206047110192,3.6096459540697174,99.76206047110192,3.6096459540697174,99.76206047110192,3.6096459540697174,98.97277193499804,3.581087480462747,98.97277193499804,3.581087480462747,97.83456465443452,3.5399042361935598,93.42962818650844,3.3805223927923866,91.27348972759248,3.302507800592834,91.27348972759248,3.302507800592834,91.27348972759248,3.302507800592834,89.62056314226517,3.2427006982442483,89.35882770145727,3.2332304420116946,88.99478757172538,3.2200585410385147,85.06931137241047,3.0780247938029253,83.74278575426072,3.030027711466088,83.74278575426072,3.030027711466088,83.74278575426072,3.030027711466088,80.32511198590035,2.9063675521626844,82.47494655515618,2.984154053545957,84.2341012562866,3.04780476023277,84.2341012562866,3.04780476023277,80.66705413490878,2.918739891796264,80.66705413490878,2.918739891796264,80.66705413490878,2.918739891796264,79.81106086705228,2.8877678707550167,78.73547548750442,2.8488504466841085,77.69763455901082,2.8112987131812703,75.6183912109923,2.736066382340675,78.512894133739,2.840796885247259,78.27020836158063,2.8320158946437672,78.61057294193078,2.8443311538171225,80.9971558542533,2.9306838144662306,91.48242433101335,3.3100675877738714,91.06581508416099,3.2949936019798005,94.75548853016747,3.42849540380028,94.75548853016747,3.42849540380028,94.75548853016747,3.42849540380028,92.23052373859552,3.3371357335907192,93.8818912887988,3.3968864260696496,94.5052787148686,3.4194421741135925,94.5052787148686,3.4194421741135925,101.57180047574647,3.6751269661381842,105.57882072374049,3.820111185166387,106.3588950592414,3.8483362654796607,106.3588950592414,3.8483362654796607,106.83165351174932,3.865441872834691,109.11474428633174,3.9480499238144775,110.11460259186423,3.9842273490818094,111.41367624004477,4.031231149084033,112.60611233229166,4.074376530159162,112.60611233229166,4.074376530159162,112.60611233229166,4.074376530159162,113.3247504385879,4.100378690906273,112.20016819458036,4.05968843523261,111.01471404821157,4.016795678778219,110.22153419817822,3.988096407502122,108.64525315811342,3.9310625365908964,109.1302330321812,3.9486103461686777,107.89491544027763,3.903913402996604,110.53768480752753,3.999535543407349,112.19248622293287,4.059410481892977,112.19248622293287,4.059410481892977,111.35512334355,4.029112555853969,109.77977139815098,3.972112301958926,109.77977139815098,3.972112301958926,109.77977139815098,3.972112301958926,109.77977139815098,3.972112301958926,110.78109960243063,4.00834291191431,110.78109960243063,4.00834291191431,110.864226133556,4.011350641960538,109.60659569254783,3.9658463629624605,109.60659569254783,109.60659569254783,3.9658463629624605,3.9658463629624605,107.66320610639339,3.89552956794322,108.83155775096549,3.9378035122347175,110.08416681637718,3.9831261050484863,106.8838771445589,3.8673314571514914,105.73328177648136,3.8256999802599783,105.73328177648136,3.8256999802599783,103.00030109227616,3.7268137641703496,103.10004244947723,3.730422661027272,106.5707391035128,3.8560013236559554,106.38905755738226,3.8494276216411576,105.08269374151892,3.802160044766679,103.7004023867851,3.752145215758553,102.24952594872765,3.699648803397401,100.3548302378054,3.6310938770573937,101.63216561840835,3.6773111310596716,100.88050538717819,3.650114145555538,100.64749711653252,3.641683311655064,99.11547397280135,3.586250804385306,97.73688404947252,3.5363699026119644,95.93576098301484,3.4712006733586867,97.94219983899075,3.543798751870303,100.69734893165088,3.6434870775545978,99.57411157073619,3.6028454831835584,99.28211232257846,3.5922802051637714,101.16805097363762,3.6605182787287354,102.28536558156051,3.7009455727808676,100.94075084471359,3.652293979963697,100.94075084471359,3.652293979963697,98.04753209004039,3.5476099415353817,96.33032022144539,3.485476833573463,88.86469693776598,3.215351529893031,87.04723997688193,3.1495912986531063,88.46302315369886,3.2008179472598437,88.46302315369886,3.2008179472598437,88.69378061763643,3.209167341229257,92.40657631582488,3.3435057651447844,92.13045077876922,3.333514838504521,91.71920046103027,3.3186347524424824,89.70525374489712,3.245765020389306,88.820043168266,3.213735842550083,88.3838649924423,3.197953802963284,89.14867767279617,3.2256266776435365,86.70340987682988,3.1371506481324634,88.84581290874173,3.214668257528346,88.42587451303694,3.1994738146323574,89.10963427019276,3.224213987693319,89.95390293839172,3.254761782796198,89.43708495444945,3.236061989148009,88.6047611063699,3.205946388121842,89.6507394503181,3.2437925540836092,88.45108879727911,3.200386131786491,91.10186605524115,3.2962980181204182,88.13830348490549,3.189068760914536,87.14698024297577,3.153200156030985,85.53696863043513,3.0949458269226158,85.05674224929083,3.0775700108503607,86.40869984066678,3.126487286884346,85.83803895906749,3.1058393197845944,85.91808706687912,3.1087356646187803,84.71833885460316,3.065325712379484,84.09219163820758,3.0426701080781973,83.99114246030476,3.039013890930551,83.96150104240408,3.0379413887820106,83.96150104240408,3.0379413887820106,80.41655129207757,2.909676059625611,79.77751243363393,2.886554002813817,78.74530605267411,2.8492061416208756,78.74530605267411,2.8492061416208756,78.18506506876713,2.828935193012615,78.29707439086143,2.8329879761488743,81.39834125929943,2.945199726300029,82.10546448663132,2.9707852493386864,82.88787815848767,2.999094972811601,82.4525440920313,2.9833434752559937,82.4093020087791,2.9817788663243037,82.44541650895168,2.9830855811096204,82.40424777122738,2.981595991110587,85.34344614583553,3.0879436895343364,85.81036661484004,3.1048380637468926,86.43424155535914,3.127411451307814,85.2770155588654,3.0855400613579453,85.01595172880297,3.0760941057162037,85.449523130715,3.091781825570039,85.92284395539393,3.1089077809854664,83.72674469003097,3.029447304823297,83.46061178307545,3.0198179370425957,82.85806407187496,2.9980162230683858,80.7218032497241,2.9207208544974033,80.02696403354732,2.89557979833279,80.02696403354732,2.89557979833279,80.83188727429203,2.9247039754555395,82.12266057383657,2.971407447660505,82.48851009683706,2.984644817099958,82.22599778041273,2.97514645152491,82.95999449977629,3.001704326090047,85.93764830894293,3.1094434402795748,85.93764830894293,3.1094434402795748,85.93764830894293,3.1094434402795748,87.74560274537342,3.174859845933046,91.04665193546954,3.294300230353205,92.53593315940978,3.3481862258817867,91.71623435636045,3.3185274312056294,89.74975142645505,3.247375060072153,89.79483106514229,3.2490061564491715,91.14062559150247,3.2977004370619136,91.25399433781716,3.301802407635901,91.37395388771633,3.306142850304193,92.25029840460952,3.3378512314747186,94.03536834695734,3.402439617727965,93.32982432714108,3.376911234447574,93.54611989299019,3.3847373600354334,93.90672555001645,3.397784993020886,96.72720108637256,3.499836996159991,97.7779725042091,3.537856587767609,97.53970329930772,3.5292353998391497,97.73394445655713,3.536263540638048,97.38026911781864,3.5234666642553534,96.88631900077417,3.505594288393406,96.1937406254934,3.4805350352223816,94.50588274850298,3.41946402959206,92.97840971331311,3.3641961568618166,92.18894111384279,3.3356311681027018,91.07520693830912,3.2953334232321576,90.66158755325185,3.280367618268363,90.66158755325185,3.280367618268363,90.04092452850459,3.2579104460173087,91.93810627682267,3.3265553235349996,93.22833919235546,3.373239243267287,87.24153290490946,3.1566213126508837,90.5635460957621,3.2768202281213696,90.5635460957621,3.2768202281213696
Dondurma,24.0,0.0059697051140974,-0.03859561270458389,100.0,0.59697051140974,100.3011567244836,0.5987683282480346,100.3011567244836,0.5987683282480346,100.3011567244836,0.5987683282480346,100.3011567244836,0.5987683282480346,100.3011567244836,0.5987683282480346,100.3011567244836,0.5987683282480346,100.3011567244836,0.5987683282480346,100.04405249469362,0.5972334918126013,100.04405249469362,0.5972334918126013,100.04405249469362,0.5972334918126013,100.04405249469362,0.5972334918126013,100.04405249469362,0.5972334918126013,99.9628280962655,0.5967486061059154,99.9628280962655,0.5967486061059154,99.74892415189368,0.5954716626352734,99.98584818013737,0.5968860292183323,99.98584818013737,0.5968860292183323,100.15519759458984,0.5978969952838586,100.15519759458984,0.5978969952838586,99.5755009491855,0.5944363772551632,99.72681604126842,0.5953396837342108,99.72681604126842,0.5953396837342108,99.72681604126842,0.5953396837342108,99.72681604126842,0.5953396837342108,99.7268160356265,0.5953396837005301,100.90173027009288,0.6023535752146499,100.90173027009288,0.6023535752146499,100.90173027009288,0.6023535752146499,101.12126175928051,0.6036641134683588,100.90173027009288,0.6023535752146499,101.57337075864676,0.6063630708740049,101.57337075864676,0.6063630708740049,101.57337075864676,0.6063630708740049,101.57337076369348,0.6063630709041323,101.57368840869331,0.6063649671511123,101.57368840869331,0.6063649671511123,101.57368840869331,0.6063649671511123,101.57368840869331,0.6063649671511123,101.57368840869714,0.6063649671511352,101.57370405310316,0.6063650605436257,101.5266509478329,0.6060841673804598,101.5266509478329,0.6060841673804598,101.5213036302661,0.6060522454714345,101.5213036302661,0.6060522454714345,101.5213036302661,0.6060522454714345,101.5213036302661,0.6060522454714345,101.5213036302661,0.6060522454714345,101.5213036302661,0.6060522454714345,101.5213036302661,0.6060522454714345,101.5213036302661,0.6060522454714345,101.5213036302661,0.6060522454714345,101.5213036302661,0.6060522454714345,101.5213036302661,0.6060522454714345,101.5213036302661,0.6060522454714345,108.22074303424412,0.6460459231429477,113.27683447962332,0.676229298101772,113.27683447962332,0.676229298101772,113.40748826795051,0.6770092626901251,0.6770092626901251,113.40748826795051,113.77770018405222,0.6792193186589773,115.43741515068635,0.689127327583237,115.66193911639486,0.6904676694495646,117.02209511461943,0.698587399668136,117.02209511461943,0.698587399668136,117.79306721078989,0.7031898757334711,117.79306721078989,0.7031898757334711,117.79306721078989,0.7031898757334711,117.79306721078989,0.7031898757334711,117.79306721078989,0.7031898757334711,118.07651508181902,0.7048819759387339,118.07651508181902,0.7048819759387339,121.35838350136167,0.7244737626266724,121.35838350136167,0.7244737626266724,121.35838350136167,0.7244737626266724,121.76851557565097,0.7269221301680125,121.76851557565097,0.7269221301680125,121.76851557565097,0.7269221301680125,121.76851557565097,0.7269221301680125,121.76851557565097,0.7269221301680125,121.76851557565097,0.7269221301680125,121.76851557565097,0.7269221301680125,121.76851557565097,0.7269221301680125,121.76851557565097,0.7269221301680125,121.76851557565097,0.7269221301680125,126.89838403468094,0.7575459321425307,127.07715862844726,0.7586131637492083,127.07715862844726,0.7586131637492083,127.07715862844726,0.7586131637492083,127.07715862844726,0.7586131637492083,127.07715862844726,0.7586131637492083,127.07715862844726,0.7586131637492083,127.07715862844726,0.7586131637492083,127.07715862844726,0.7586131637492083,127.07715862844726,0.7586131637492083,127.32632920259562,0.7601006385999842,127.32632920259562,0.7601006385999842,127.88874165957995,0.7634580751206756,127.88874165957995,0.7634580751206756,128.3938451066838,0.7664733937519999,128.3938451066838,0.7664733937519999,128.3938451066838,0.7664733937519999,128.3938451066838,0.7664733937519999,128.3938451066838,0.7664733937519999,128.3938451066838,0.7664733937519999,128.47426091829178,0.7669534524338102,128.47426091829178,0.7669534524338102,128.47426091829178,0.7669534524338102,128.47426091829178,0.7669534524338102,128.48827602688723,0.7670371184992671,128.54006140861514,0.7673462619574037,128.54006140861514,0.7673462619574037,128.628132164502,0.7678720183992239,129.48331754941796,0.7729772229650581,129.48331754941796,0.7729772229650581,129.48331754941796,0.7729772229650581,129.48331754941796,0.7729772229650581,129.48331754941796,0.7729772229650581,129.58911784564108,0.7736088195344942,129.58911784564108,0.7736088195344942,129.58911784564108,0.7736088195344942,129.58911784564108,0.7736088195344942,129.58911784564108,0.7736088195344942,129.58911784564108,0.7736088195344942,129.58911784564108,0.7736088195344942,129.58911784564108,0.7736088195344942,129.58911784564108,0.7736088195344942,129.72319068955505,0.7744091948764691,129.6387767128759,0.7739052683281863,129.6387767128759,0.7739052683281863,129.6387767128759,0.7739052683281863,129.72347056841394,0.7744108656707244,129.72347056841394,0.7744108656707244,129.64098962143743,0.7739184787397431,129.64098962143743,0.7739184787397431,129.71920302586918,0.7743853897001702,129.64165791222436,0.7739224682386715,129.71920302586918,0.7743853897001702,129.64141602413704,0.7739210242381196,129.64141602413704,0.7739210242381196,129.64141602413704,0.7739210242381196,129.71920302586918,0.7743853897001702,129.6407427473199,0.7739170049740611,129.6407427473199,0.7739170049740611,129.6407427473199,0.7739170049740611,129.6407427473199,0.7739170049740611,129.49101687201733,0.7730231856505546,129.49101687201733,0.7730231856505546,129.49101687201733,0.7730231856505546,129.54055803672685,0.7733189317948794,129.54055803672685,129.54055803672685,0.7733189317948794,0.7733189317948794,129.54055803672685,0.7733189317948794,129.54055803672685,0.7733189317948794,130.07663976458804,0.7765191816272665,130.07663976458804,0.7765191816272665,129.91764915356038,0.7755700545635211,130.07530289871733,0.7765112009322412,129.8422685543363,0.7751200546148295,130.07530289871752,0.7765112009322425,130.56967152351112,0.779462435839922,130.4159608910704,0.7785448286913496,130.56534786714852,0.7794366248864226,130.56534786714852,0.7794366248864226,130.56534786714852,0.7794366248864226,130.56534786714852,0.7794366248864226,130.41889992974876,0.7785623738855783,130.56651080986862,0.7794435673115262,130.56651080986862,0.7794435673115262,130.56651080986862,0.7794435673115262,128.92506426082372,0.7696446154531753,128.99282197496703,0.7700491090258162,128.99282197496703,0.7700491090258162,128.45389183616044,0.7668318550200413,128.81617182494253,0.7689945597218089,128.45254195490946,0.7668237966270339,128.45254195490946,0.7668237966270339,128.45254195490946,0.7668237966270339,128.45254195490946,0.7668237966270339,128.54428579563987,0.7673714803022291,128.54428579563987,0.7673714803022291,128.96919935373703,0.7699080889430511,130.57190023198243,0.7794757405722811,131.1853066333992,0.7831375959038388,131.39168825188915,0.784369633307194,131.39168825188915,0.784369633307194,131.39168825188915,0.784369633307194,131.39168825188915,0.784369633307194,131.01752306028652,0.7821359774493666,131.01752306028652,0.7821359774493666,131.01752306028652,0.7821359774493666,131.02479636956065,0.7821793969609367,131.06835151167786,0.7824394083155791,131.02469268411505,0.7821787779894018,131.1818800963746,0.7831171404882395,131.5509837336899,0.7853205803595524,129.59146855594727,0.7736228525818309,128.12341971884717,0.7648590339312497,127.9062402456284,0.7635625365192986,127.9062402456284,0.7635625365192986,127.9062402456284,0.7635625365192986,128.99240739443638,0.7700466341023022,128.9014358925361,0.769503561062171,128.94438467307614,0.7697599526170051,128.94438467307614,0.7697599526170051,129.1575447945446,0.771032455684257,129.1575447945446,0.771032455684257,129.4030200163439,0.7724978703712164,129.4030200163439,0.7724978703712164,130.01172078175208,0.7761316344434286,129.93173959047166,0.7756541703168104,129.6122568687135,0.773746952678865,129.6889559038384,0.7742048233010964,129.6889559038384,0.7742048233010964,129.4453341642708,0.7727504733564944,129.4453341642708,0.7727504733564944,129.70108899137472,0.7742772542558117,129.17508906148228,0.771137189784318,128.89160248362396,0.7694448585106991,128.89160248362396,0.7694448585106991,128.89160248362396,0.7694448585106991,128.89160248362396,0.7694448585106991,128.88892024076156,0.7694288463117662,129.1937814936813,0.7712487780924114,129.05253982965738,0.7704056070083641,129.1631233434088,0.7710657579759409,128.7124149946264,0.7683751620412482,128.7124149946264,0.7683751620412482,129.07172540604722,0.7705201392418555,129.085460545066,0.7706021339714988,129.29979567123303,0.7718816514703087,128.77621630898318,0.76875603707385,128.59990576854003,0.7677035151388972,128.35291646170458,0.7662290618107542,128.4935139502545,0.76706838735718,128.6792059847773,0.7681769140453178,128.6792059847773,0.7681769140453178,128.08923322047448,0.7646549506170811,129.1553250140172,0.7710192042490903,128.82957728361976,0.7690745863570312,128.80346032174842,0.7689186757961831,128.9612008463525,0.7698603402126126,129.0872351103383,0.77061272760288,129.405725594799,0.7725140218767566,128.90214738303393,0.7695078084506345,127.88447395872196,0.7634325982050383,128.451820530077,0.766819489933522,128.6649248980706,0.76809166016897,129.2651266830765,0.7716746878344101,129.04353042687458,0.7703518235304967,129.28450229639347,0.7717903545323173,129.47966122715042,0.7729553957993187,129.21223039710725,0.7713589126055427,128.66689207389012,0.7681034036285201,128.66689207389012,0.7681034036285201,128.66689207389012,0.7681034036285201,128.66689207389012,0.7681034036285201,128.6087869870096,0.7677565333942145,128.61469110487806,0.767791779236848,128.84520744559424,0.7691678938149044,128.16125013639996,0.765084870368383,128.01107206783573,0.7641883515844499,128.01107206783573,0.7641883515844499,128.11103290199858,0.7647850882873612,128.23304646731083,0.765513473292195,128.99767651028168,0.7700780891701107,129.5314412805964,0.7732645074491834,129.8704122129123,0.77528806395736,129.8059527414354,0.7749032599208323,129.8059527414354,0.7749032599208323,129.8059527414354,0.7749032599208323,129.74703158746118,0.7745515180066239,129.94973941714966,0.7757616239741828,129.98907294949782,0.7759964335633972,130.52595736996082,0.7792014752339144,130.2268673001392,0.7774159957145245,130.2268673001392,0.7774159957145245,130.2268673001392,0.7774159957145245,130.34050598036526,0.7780943851250294,129.987209447907,0.7759853090084203,129.50889259168864,0.7731298984256946,129.33953312007878,0.7721188723219045,129.28961373480178,0.7718208683123237
Ekmek,25.0,0.0877485462169537,0.0,100.0,8.77485462169537,100.0,8.77485462169537,101.21021710838367,8.881049413562923,101.21021710838367,8.881049413562923,101.77858143461982,8.930922556911723,101.77858143461982,8.930922556911723,101.77858143461982,8.930922556911723,101.77858143461982,8.930922556911723,102.11628808768462,8.960555824765953,102.11628808768462,8.960555824765953,102.66141646499982,9.008390047376968,102.81394526650789,9.021774227965516,102.81394526650789,9.021774227965516,102.6844668623942,9.010412686238048,102.11244107074393,8.960218254622134,102.08993695149968,8.95824355087456,102.08993695149968,8.95824355087456,102.20547801821841,8.968382111507484,102.41604129434589,8.98685873287435,102.43923070706961,8.98889357012848,102.43923070706961,8.98889357012848,102.29059992851548,8.975851435387261,102.2055305590651,8.968386721890397,102.2055305590651,8.968386721890397,102.07538822446894,8.956966921228304,102.22167444328474,8.969803324260965,102.46903188286569,8.991508579980142,102.46903188286569,8.991508579980142,102.46903188286569,8.991508579980142,102.60572328373512,9.003503051686794,102.46903188286565,8.991508579980138,102.46903188286565,8.991508579980138,102.46903188286565,8.991508579980138,102.46903188286565,8.991508579980138,102.56378449860448,8.999822984261474,102.56378449860448,8.999822984261474,102.56378449860448,8.999822984261474,102.56378449860448,8.999822984261474,102.56378449860448,8.999822984261474,102.56378449860448,8.999822984261474,102.58108316355631,9.001340916962492,102.58108316355631,9.001340916962492,102.58108316355631,9.001340916962492,104.77232170893606,9.193618913734118,105.11937058920557,9.224071948443989,105.11937058920557,9.224071948443989,105.11937058920557,9.224071948443989,105.94980389090638,9.296941263398379,107.16587484230986,9.403649721480702,107.32690545815086,9.417779923917172,107.69757024747352,9.450305220314048,107.69757024747352,9.450305220314048,107.69757024747352,9.450305220314048,107.80952780269722,9.460129333022932,107.80952780269722,9.460129333022932,107.80952780269722,9.460129333022932,107.80952780269722,9.460129333022932,107.80952780269722,9.460129333022932,107.80952780269722,9.460129333022932,9.460129333022932,107.80952780269722,107.80952780269722,9.460129333022932,107.80952780269722,9.460129333022932,107.80952780269722,9.460129333022932,107.80952780269722,9.460129333022932,107.80952780269722,9.460129333022932,107.79311726215653,9.458689331947852,107.79311726215653,9.458689331947852,107.79311726215653,9.458689331947852,108.07668510796888,9.48357199817176,108.07668510796888,9.48357199817176,108.07668510796888,9.48357199817176,108.07668510796888,9.48357199817176,108.07668510796888,9.48357199817176,108.07668510796888,9.48357199817176,108.07668510796888,9.48357199817176,108.07668510796888,9.48357199817176,108.07668510796888,9.48357199817176,109.28045016975784,9.589200632330503,111.18207866923358,9.756065768604225,111.18207866923358,9.756065768604225,111.18207866923358,9.756065768604225,111.18207866923358,9.756065768604225,111.18207866923358,9.756065768604225,111.18207866923358,9.756065768604225,111.18207866923358,9.756065768604225,112.11146488924956,9.837618058284697,112.3351265011729,9.85724403957551,112.3351265011729,9.85724403957551,112.5409805715339,9.875307434982531,112.5409805715339,9.875307434982531,112.5409805715339,9.875307434982531,112.5409805715339,9.875307434982531,112.5409805715339,9.875307434982531,113.55604072204942,9.96437748751303,113.55604072204942,9.96437748751303,113.55604072204942,9.96437748751303,114.72134583041118,10.066631316670964,114.72134583041118,10.066631316670964,120.71102448048734,10.592216910521874,120.85902621064837,10.605203847181096,121.05923098743136,10.622771525289494,121.05923098743136,10.622771525289494,121.05923098743136,10.622771525289494,121.05923098743136,10.622771525289494,121.05923098743136,10.622771525289494,121.05923098743136,10.622771525289494,121.05923098743136,10.622771525289494,121.05923098743136,10.622771525289494,121.05923098743136,10.622771525289494,121.07174709465404,10.62386979550258,121.11648552149607,10.627795527418002,121.11648552149607,10.627795527418002,121.45887541307243,10.657839742643208,122.6161296355014,10.759387118264781,121.78643060941792,10.686582234928334,121.78643060941792,10.686582234928334,121.78643060941792,10.686582234928334,121.78643060941792,10.686582234928334,121.78643060941792,10.686582234928334,121.78643060941792,10.686582234928334,120.9465271831586,10.612881930311438,120.9465271831586,10.612881930311438,120.65579446175822,10.587370556670857,120.77610934283108,10.597928012573266,120.65579446175822,10.587370556670857,120.65579446175822,10.587370556670857,120.65579446175822,10.587370556670857,120.65579446175822,10.587370556670857,120.65579446175822,10.587370556670857,120.65579446175822,10.587370556670857,120.65579446175822,10.587370556670857,122.68272896764655,10.765231112839539,122.83880007180497,10.778926125335914,122.83880007180497,10.778926125335914,122.83880007180497,10.778926125335914,122.83880007180497,10.778926125335914,122.83880007180497,10.778926125335914,122.98706396518786,10.791936066436728,122.98706396518786,10.791936066436728,122.98706396518786,10.791936066436728,122.98706396518786,10.791936066436728,122.98706396518786,10.791936066436728,121.41950525878056,10.654385068839758,121.41950525878056,10.654385068839758,121.41950525878056,10.654385068839758,121.41950525878056,10.654385068839758,121.41950525878056,10.654385068839758,121.41950525878056,10.654385068839758,121.41950525878056,10.654385068839758,121.41950525878056,10.654385068839758,121.41950525878056,121.41950525878056,10.654385068839758,10.654385068839758,121.41950525878056,10.654385068839758,121.62284497476774,10.672227833305802,124.56150607474588,10.930091072653198,124.71007985738932,10.943128206086113,124.71007985738932,10.943128206086113,124.71007985738932,10.943128206086113,124.71007985738932,10.943128206086113,124.71007985738932,10.943128206086113,124.71007985738932,10.943128206086113,124.71007985738932,10.943128206086113,124.71007985738932,10.943128206086113,124.71007985738932,10.943128206086113,124.71007985738932,10.943128206086113,124.71007985738932,10.943128206086113,124.71007985738932,10.943128206086113,124.71007985738932,10.943128206086113,124.71007985738932,10.943128206086113,124.71007985738932,10.943128206086113,123.93133558445236,10.874794528261116,123.93133558445236,10.874794528261116,123.93133558445236,10.874794528261116,123.93133558445236,10.874794528261116,123.93133558445236,10.874794528261116,123.93133558445236,10.874794528261116,123.93133558445236,10.874794528261116,123.93133558445236,10.874794528261116,123.93133558445236,10.874794528261116,123.93133558445236,10.874794528261116,123.93133558445236,10.874794528261116,124.65054400116303,10.937904021254475,124.76387930912523,10.947849029763209,124.76387930912523,10.947849029763209,124.58667880055148,10.932299942746958,124.58667880055148,10.932299942746958,124.58667880055148,10.932299942746958,124.58667880055148,10.932299942746958,122.6001872916636,10.757988200769724,122.77129058569498,10.77300226607391,122.77129058569498,10.77300226607391,122.60229822350819,10.75817343197025,122.60229822350819,10.75817343197025,122.60229822350819,10.75817343197025,122.60229822350819,10.75817343197025,123.07654529071424,10.799787922665233,123.07654529071424,10.799787922665233,123.80785724588242,10.86395948356232,123.80785724588242,10.86395948356232,123.63848287020802,10.849097128330488,123.63848287020802,10.849097128330488,125.89047309122923,11.046705996319893,125.94804393040467,11.051757753762029,125.9016403140512,11.047685903887803,125.75235845763382,11.03458663801061,125.01317598432196,10.969724450588442,124.88288932446214,10.95829198559428,125.01256968533467,10.969671248733734,125.58956997709039,11.020302185502057,124.31494607403799,10.90845579103583,124.31494607403799,10.90845579103583,124.31494607403799,10.90845579103583,124.83149351853189,10.953782078342252,125.10779552624425,10.978027177835838,125.10779552624425,10.978027177835838,125.10779552624425,10.978027177835838,125.16619560121589,10.98315169951356,125.57405063507976,11.01894038580238,125.57405063507976,11.01894038580238,125.57405063507976,11.01894038580238,125.57405063507976,11.01894038580238,125.57405063507976,11.01894038580238,125.29949804712253,10.99484879534903,125.54951885429165,11.016787757702112,125.67073637485491,11.027424418907561,125.77699660587571,11.036748599700314,125.77699660587571,11.036748599700314,125.77699660587571,11.036748599700314,126.08726403392218,11.063974115449865,126.24192798343546,11.077545652171827,128.2197081106743,11.251092983073818,128.35203759026663,11.26270470252969,129.2768821044975,11.343858464130173,129.2768821044975,11.343858464130173,129.6306253690589,11.374898921329475,129.9892157702253,11.406364707719181,129.9892157702253,11.406364707719181,130.2118745422084,11.42590269126315,129.58380141817764,11.370790187711512,129.58380141817764,11.370790187711512,129.58380141817764,11.370790187711512,129.58380141817764,11.370790187711512,129.45039036469493,11.359083561719132,131.16334944101712,11.509393230395538,130.867007090623,11.483389619965939,130.92107942146362,11.488134388387767,130.8834691480348,11.484834141571566,130.8834691480348,11.484834141571566,132.1719378914633,11.597895400653401,131.01173319484053,11.496089125210672,131.1673889954442,11.509747695423881,131.1673889954442,11.509747695423881,131.38573865287267,11.528907560430198,131.30130054237864,11.52149823898904,131.19275699830314,11.51197370079518,131.300697274687,11.52144530312612,131.300697274687,11.52144530312612,131.12423678569613,11.505961151752437,131.12423678569613,11.505961151752437,132.91138896004801,11.662781156920284,132.33736841148638,11.612411688285341,132.46747562542376,11.623828407160685,132.46747562542376,11.623828407160685,132.08459411459555,11.590231111212159,132.57135071104943,11.632943294912499,132.33182147901942,11.611924953025403,132.24983189507577,11.604730486229414,132.24983189507577,11.604730486229414,131.9725720507695,11.5804013379672,131.9725720507695,11.5804013379672,132.1043783607866,11.59196715005342,131.94175184935096,11.57769691009861,131.94175184935096,11.57769691009861,133.48442873917168,11.713064564462869,133.5930342503698,11.722594540181655,133.80824793937148,11.74147922851754,133.80824793937148,11.74147922851754,133.80824793937148,11.74147922851754,134.38916520863236,11.792453874367503,134.38916520863236,11.792453874367503,134.38916520863236,11.792453874367503,134.666569075258,11.816795660378864,134.666569075258,11.816795660378864
Ekmek Hamuru (Yufka),26.0,0.0041432010980375,-1.1802731024997848,100.0,0.41432010980375,100.0,0.41432010980375,100.0,0.41432010980375,100.0,0.41432010980375,100.0,0.41432010980375,100.0,0.41432010980375,100.0,0.41432010980375,100.0,0.41432010980375,101.64710164710166,0.42114438315660097,101.64710164710166,0.42114438315660097,101.64710164710166,0.42114438315660097,101.64710164710166,0.42114438315660097,101.64710164710166,0.42114438315660097,101.64710164710166,0.42114438315660097,101.64710164710166,0.42114438315660097,101.64710164710166,0.42114438315660097,101.64710164710166,0.42114438315660097,101.64710164710166,0.42114438315660097,101.64710164710166,0.42114438315660097,101.64710164710166,0.42114438315660097,101.64710164710166,0.42114438315660097,101.64710164710166,0.42114438315660097,101.64710164710166,0.42114438315660097,101.64710164710166,0.42114438315660097,101.64710164710166,0.42114438315660097,101.64710164710166,0.42114438315660097,101.64710164710166,0.42114438315660097,101.64710164710166,0.42114438315660097,101.64710164710166,0.42114438315660097,101.7498604744579,0.4215701336429364,101.64710164710166,0.42114438315660097,101.64710164710166,0.42114438315660097,101.64710164710166,0.42114438315660097,101.64710164710166,0.42114438315660097,101.64710164710166,0.42114438315660097,101.64710164710166,0.42114438315660097,101.64710164710166,0.42114438315660097,101.64710164710166,0.42114438315660097,101.64710164710166,0.42114438315660097,101.64710164710166,0.42114438315660097,101.64710164710166,0.42114438315660097,101.64710164710166,0.42114438315660097,101.64710164710166,0.42114438315660097,101.64710164710166,0.42114438315660097,101.64710164710166,0.42114438315660097,101.64710164710166,0.42114438315660097,101.64710164710166,0.42114438315660097,101.64710164710166,0.42114438315660097,102.85766657342678,0.4261599970885969,102.85766657342678,0.4261599970885969,102.85766657342678,0.4261599970885969,102.85766657342678,0.4261599970885969,102.85766657342678,0.4261599970885969,102.85766657342678,0.4261599970885969,102.85766657342678,0.4261599970885969,102.85766657342678,0.4261599970885969,102.85766657342678,0.4261599970885969,102.85766657342678,0.4261599970885969,102.85766657342678,0.4261599970885969,0.4261599970885969,102.85766657342678,102.85766657342678,0.4261599970885969,102.85766657342678,0.4261599970885969,104.4425304651591,0.4327264069050622,104.4425304651591,0.4327264069050622,104.4425304651591,0.4327264069050622,104.4425304651591,0.4327264069050622,104.4425304651591,0.4327264069050622,104.4425304651591,0.4327264069050622,104.4425304651591,0.4327264069050622,104.4425304651591,0.4327264069050622,104.4425304651591,0.4327264069050622,104.4425304651591,0.4327264069050622,104.4425304651591,0.4327264069050622,104.4425304651591,0.4327264069050622,104.4425304651591,0.4327264069050622,104.4425304651591,0.4327264069050622,104.4425304651591,0.4327264069050622,104.4425304651591,0.4327264069050622,104.4425304651591,0.4327264069050622,104.4425304651591,0.4327264069050622,104.4425304651591,0.4327264069050622,104.4425304651591,0.4327264069050622,104.4425304651591,0.4327264069050622,104.4425304651591,0.4327264069050622,104.4425304651591,0.4327264069050622,104.4425304651591,0.4327264069050622,104.4425304651591,0.4327264069050622,104.4425304651591,0.4327264069050622,104.4425304651591,0.4327264069050622,104.4425304651591,0.4327264069050622,104.4425304651591,0.4327264069050622,104.4425304651591,0.4327264069050622,104.4425304651591,0.4327264069050622,104.4425304651591,0.4327264069050622,104.4425304651591,0.4327264069050622,104.4425304651591,0.4327264069050622,104.4425304651591,0.4327264069050622,104.4425304651591,0.4327264069050622,109.09787276676359,0.45201442624081034,109.09787276676359,0.45201442624081034,114.09987997796497,0.47273874801065147,114.09987997796497,0.47273874801065147,114.09987997796497,0.47273874801065147,114.09987997796497,0.47273874801065147,114.09987997796497,0.47273874801065147,114.09987997796497,0.47273874801065147,114.09987997796497,0.47273874801065147,114.09987997796497,0.47273874801065147,114.09987997796497,0.47273874801065147,114.09987997796497,0.47273874801065147,114.09987997796497,0.47273874801065147,114.09987997796497,0.47273874801065147,114.09987997796497,0.47273874801065147,118.13956486686641,0.48947597487807337,118.13956486686641,0.48947597487807337,118.13956486686641,0.48947597487807337,118.13956486686641,0.48947597487807337,118.13956486686641,0.48947597487807337,118.13956486686641,0.48947597487807337,118.13956486686641,0.48947597487807337,118.13956486686641,0.48947597487807337,118.13956486686641,0.48947597487807337,118.13956486686641,0.48947597487807337,118.13956486686641,0.48947597487807337,118.13956486686641,0.48947597487807337,118.13956486686641,0.48947597487807337,118.13956486686641,0.48947597487807337,118.13956486686641,0.48947597487807337,118.13956486686641,0.48947597487807337,118.13956486686641,0.48947597487807337,118.13956486686641,0.48947597487807337,118.13956486686641,0.48947597487807337,118.13956486686641,0.48947597487807337,118.13956486686641,0.48947597487807337,118.13956486686641,0.48947597487807337,118.13956486686641,0.48947597487807337,118.13956486686641,0.48947597487807337,118.13956486686641,0.48947597487807337,118.13956486686641,0.48947597487807337,118.13956486686641,0.48947597487807337,118.13956486686641,0.48947597487807337,118.13956486686641,0.48947597487807337,118.13956486686641,0.48947597487807337,118.13956486686641,0.48947597487807337,118.13956486686641,0.48947597487807337,118.13956486686641,0.48947597487807337,118.13956486686641,0.48947597487807337,118.13956486686641,0.48947597487807337,118.13956486686641,0.48947597487807337,118.13956486686641,0.48947597487807337,118.13956486686641,118.13956486686641,0.48947597487807337,0.48947597487807337,118.13956486686641,0.48947597487807337,118.13956486686641,0.48947597487807337,118.13956486686641,0.48947597487807337,119.71428888376916,0.49600037315401085,119.71428888376916,0.49600037315401085,119.71428888376916,0.49600037315401085,119.71428888376916,0.49600037315401085,119.71428888376916,0.49600037315401085,119.71428888376916,0.49600037315401085,119.71428888376916,0.49600037315401085,119.71428888376916,0.49600037315401085,119.65136688310632,0.4957396746517739,119.71428888376914,0.4960003731540108,119.71428888376914,0.4960003731540108,119.71428888376914,0.4960003731540108,119.71428888376914,0.4960003731540108,119.71428888376914,0.4960003731540108,119.71428888376914,0.4960003731540108,119.71428888376914,0.4960003731540108,119.71428888376914,0.4960003731540108,119.71428888376914,0.4960003731540108,119.71428888376914,0.4960003731540108,119.71428888376914,0.4960003731540108,119.71428888376914,0.4960003731540108,119.71428888376914,0.4960003731540108,119.71428888376914,0.4960003731540108,119.71428888376914,0.4960003731540108,119.71428888376914,0.4960003731540108,119.71428888376914,0.4960003731540108,119.71428888376914,0.4960003731540108,119.71428888376914,0.4960003731540108,118.79826230217583,0.4922050908153218,118.6102040474528,0.49142592764785836,118.6102040474528,0.49142592764785836,118.6102040474528,0.49142592764785836,121.47086003138246,0.5032782006615832,121.47086003138246,0.5032782006615832,121.11754450957963,0.5018143434036961,121.11754450957963,0.5018143434036961,121.11754450957963,0.5018143434036961,121.11754450957963,0.5018143434036961,121.11754450957963,0.5018143434036961,121.11754450957963,0.5018143434036961,123.45129129158951,0.5114835256334609,123.45129129158951,0.5114835256334609,123.45129129158951,0.5114835256334609,123.45129129158951,0.5114835256334609,123.45129129158951,0.5114835256334609,124.7703443631859,0.5169486277680688,123.69227527980726,0.5124819707580541,123.86585738747435,0.5132011563371401,124.40839990254786,0.5154490190813247,124.66358196512444,0.5165062896831915,125.32726831771448,0.519256075707995,125.32726831771448,0.519256075707995,125.32726831771448,0.519256075707995,125.32726831771448,0.519256075707995,125.32726831771448,0.519256075707995,125.04408575375324,0.5180827933980457,125.04408575375324,0.5180827933980457,125.04408575375324,0.5180827933980457,124.79392219186826,0.5170463154537549,124.79392219186826,0.5170463154537549,124.79392219186826,0.5170463154537549,124.79392219186826,0.5170463154537549,124.79392219186826,0.5170463154537549,124.79392219186826,0.5170463154537549,124.79392219186826,0.5170463154537549,124.79392219186826,0.5170463154537549,124.79392219186826,0.5170463154537549,124.79392219186826,0.5170463154537549,124.23391234077694,0.5147260820238015,124.09849731389497,0.5141650303357334,124.09849731389497,0.5141650303357334,123.68535861398009,0.5124533136206042,123.68535861398009,0.5124533136206042,123.68535861398009,0.5124533136206042,123.68535861398009,0.5124533136206042,124.12321231744636,0.5142674295655855,124.57335262394528,0.5161324513777428,124.09353528078968,0.5141444716347231,123.68515505898343,0.5124524702513186,122.18623712724448,0.5062421518306697,121.8240772720518,0.5047416507209702,122.7272587090595,0.5084837130425076,123.00725896400996,0.5096438104062692,123.8351600074468,0.5130739709185032,123.07625325242302,0.5099296676177805,123.07625325242302,0.5099296676177805,123.07625325242302,0.5099296676177805,123.07625325242302,0.5099296676177805,123.07625325242302,0.5099296676177805,123.07625325242302,0.5099296676177805,123.07625325242302,0.5099296676177805,123.07625325242302,0.5099296676177805,123.07625325242302,0.5099296676177805,123.07625325242302,0.5099296676177805,123.07625325242302,0.5099296676177805,123.07625325242302,0.5099296676177805,123.09945385290129,0.5100257923711572,123.92167364921991,0.5134324143340927,124.37108306359804,0.5152944079132125,124.37108306359804,0.5152944079132125,124.37108306359804,0.5152944079132125,124.37108306359804,0.5152944079132125,124.98070210301493,0.5178201821867091,124.98070210301493,0.5178201821867091,125.98076258825648,0.5219636338872659,123.77327002795144,0.5128175482875004,123.77327002795144,0.5128175482875004,123.77327002795144,0.5128175482875004,123.77327002795144,0.5128175482875004,123.77327002795144,0.5128175482875004,123.77327002795144,0.5128175482875004,122.37264716284288,0.5070144860948462,122.37264716284288,0.5070144860948462,122.94251615234188,0.509375567917876,122.94251615234188,0.509375567917876,122.94251615234188,0.509375567917876,122.45716527925752,0.5073646616475794,122.45716527925752,0.5073646616475794,122.45716527925752,0.5073646616475794,122.45716527925752,0.5073646616475794,122.95498630864903,0.5094272342831804,124.05779492140718,0.5139963921384852,124.05779492140718,0.5139963921384852,125.13490420186284,0.5184590724919755,125.13490420186284,0.5184590724919755,125.79100462115282,0.5211774284696006,125.79100462115282,0.5211774284696006,124.30632722824511,0.5150261114650739
Elma,27.0,0.0103878732860877,0.0,100.0,1.0387873286087699,100.0,1.0387873286087699,100.0,1.0387873286087699,100.0,1.0387873286087699,100.09218289085544,1.0397449127981215,100.14673894984392,1.0403116342258822,100.3520473950524,1.0424443523392715,100.78200645334039,1.0469107125549728,101.11374446009928,1.0503567649333634,101.20667988699277,1.0513221663717214,101.20667988699277,1.0513221663717214,101.26168351736611,1.0518935371143145,101.26168351736611,1.0518935371143145,101.97713155416359,1.059325520663347,102.02265705932174,1.059798433842215,100.95814686462927,1.048740436828001,100.95814686462927,1.048740436828001,100.95814686462927,1.048740436828001,100.98052234044084,1.0489728704354475,101.61565194888946,1.0555705163282543,102.88839308051388,1.0687915899295606,102.88839308051388,1.0687915899295606,102.88839308051388,1.0687915899295606,102.88839308051388,1.0687915899295606,102.88839308051388,1.0687915899295606,102.77356228466535,1.0675987421729454,103.65581954598527,1.0767635188092675,103.65581954598527,1.0767635188092675,102.68993577294299,1.066730040565816,102.80173942303479,1.0678914427158919,102.68993577373034,1.066730040573995,102.68993577373034,1.066730040573995,102.59613475702338,1.065755647498337,102.59613475702338,1.065755647498337,102.40748586217585,1.0637959866831002,102.40748586217585,1.0637959866831002,102.40748586217585,1.0637959866831002,102.40748586217585,1.0637959866831002,102.40748586217585,1.0637959866831002,102.5716004228522,1.065500787943808,103.10582750838782,1.0710502712143481,103.10582750838782,1.0710502712143481,103.10582750838782,1.0710502712143481,103.10582750838782,1.0710502712143481,103.10582750838782,1.0710502712143481,103.10582750838782,1.0710502712143481,103.10582750838782,1.0710502712143481,103.10582750838782,1.0710502712143481,103.16016187187967,1.0716146896973815,103.16016187187967,1.0716146896973815,103.16016187187967,1.0716146896973815,103.16016187187967,1.0716146896973815,103.16016187187967,1.0716146896973815,103.16016187187967,1.0716146896973815,103.28415245105249,1.0729026881224974,103.28415245101293,1.0729026881220867,103.28415226552805,1.072902686195293,103.1612676474396,1.071626176353781,103.19115441428926,1.071936636300746,1.071936636300746,103.19115441428926,103.59287728619064,1.076109682590181,102.73395843791673,1.0671873424312792,104.60119419421856,1.0865839508629949,104.60119419421856,1.0865839508629949,104.60119419421856,1.0865839508629949,104.60119419421856,1.0865839508629949,104.60119419421856,1.0865839508629949,104.60119419421856,1.0865839508629949,104.60119419421856,1.0865839508629949,105.20306918317763,1.092836151982367,106.37009296367223,1.104959047135996,106.37009296367223,1.104959047135996,106.37009296367223,1.104959047135996,108.2977747171675,1.124983560927208,108.74524455762722,1.1296318209292495,110.18696817059966,1.1446082631343677,109.91761749104842,1.141810282405668,109.46532351752774,1.137111909920674,109.46532351752774,1.137111909920674,109.46532351752774,1.137111909920674,109.46532351752774,1.137111909920674,109.46532351752774,1.137111909920674,109.46532351752774,1.137111909920674,109.46532351752774,1.137111909920674,109.46532351752774,1.137111909920674,100.10176971297142,1.0398444994914786,100.10176971297142,1.0398444994914786,100.10176971297142,1.0398444994914786,100.10176971297142,1.0398444994914786,102.95686942307078,1.0695029134991365,106.39811176624698,1.1052501029067703,106.39811176624698,1.1052501029067703,104.58537141289048,1.0864195858155252,106.92496773128772,1.110723015911633,106.92496773128772,1.110723015911633,106.92496773128772,1.110723015911633,107.58572889242095,1.1175869191258532,109.45047335499616,1.1369576483140182,109.45047335499616,1.1369576483140182,109.45047335499616,1.1369576483140182,109.45047335499616,1.1369576483140182,109.45047335499616,1.1369576483140182,109.45047335499616,1.1369576483140182,109.45047335499616,1.1369576483140182,108.16171791629642,1.1235702201200488,108.16171791629642,1.1235702201200488,108.16171791629642,1.1235702201200488,108.16171791629642,1.1235702201200488,108.16171791629642,1.1235702201200488,108.16171791629642,1.1235702201200488,108.39240874145864,1.1259666071800971,108.96601609574026,1.1319251676923425,107.33667620706007,1.1149997913887644,107.94815124315976,1.121351716581374,107.94815124315976,1.121351716581374,107.94815124315976,1.121351716581374,107.94815124315976,1.121351716581374,108.62173711816787,1.1283488412982567,108.62173711816787,1.1283488412982567,108.62173711816787,1.1283488412982567,108.41169450714239,1.126166945270245,108.41169450714239,1.126166945270245,108.41169450714239,1.126166945270245,108.41169450714239,1.126166945270245,108.41169450714239,1.126166945270245,109.22939514175347,1.1346611158485385,110.8683138768453,1.1516859959948675,107.90136845272744,1.1208657428823934,109.52219250968757,1.137702657805138,109.52219250968757,1.137702657805138,109.52219250968757,1.137702657805138,109.52219250968757,1.137702657805138,111.16550448609756,1.1547731743855951,111.16550448609756,1.1547731743855951,111.16550448609756,1.1547731743855951,111.16550448609756,1.1547731743855951,111.16550448609756,1.1547731743855951,111.16550448609756,1.1547731743855951,111.75745377650101,1.1609222686060956,111.75745377650101,1.1609222686060956,112.35255515948961,1.1671041063649568,112.35255515948961,1.1671041063649568,111.15049414172464,1.1546172488302686,111.15049414172464,1.1546172488302686,111.15049414172464,1.1546172488302686,111.15049414172464,1.1546172488302686,112.35255515948965,1.1671041063649572,112.35255515948965,1.1671041063649572,112.35255515948965,1.1671041063649572,112.35255515948965,1.1671041063649572,112.35255515948965,112.35255515948965,1.1671041063649572,1.1671041063649572,112.35255515948965,1.1671041063649572,112.35255515948965,1.1671041063649572,111.12171019011778,1.1543182447883038,109.57272909139178,1.1382276254121932,109.57272909139178,1.1382276254121932,109.57272909139178,1.1382276254121932,109.57272909139178,1.1382276254121932,111.20366927151568,1.1551696253405093,112.77570624858937,1.1714997462593952,112.77570624858937,1.1714997462593952,112.77570624858937,1.1714997462593952,112.77570624858937,1.1714997462593952,112.77570624858937,1.1714997462593952,112.77570624858937,1.1714997462593952,120.04354616370807,1.2469971463612186,124.72263472369943,1.2956029254167913,123.12826139470667,1.2790407773044967,129.1855120108761,1.3419627291673415,129.1855120108761,1.3419627291673415,129.1855120108761,1.3419627291673415,129.1855120108761,1.3419627291673415,135.13335276684427,1.4037481452661669,134.61131450182916,1.3983252779187008,134.61131450182916,1.3983252779187008,134.61131450182916,1.3983252779187008,134.61131450182916,1.3983252779187008,134.61131450182916,1.3983252779187008,137.48556900216855,1.4281826694601938,137.83451522607294,1.4318074786177712,138.69212726518356,1.4407162438086758,138.69212726518356,1.4407162438086758,138.09731743109924,1.434537434622889,138.09731743109924,1.434537434622889,138.09731743109924,1.434537434622889,139.44695198685903,1.448557267370647,140.99325501378965,1.4646200672762961,141.13950840368247,1.4661393289581635,142.52313435532628,1.4805122600191818,138.6750020148716,1.4405383488784427,138.6750020148716,1.4405383488784427,138.6750020148716,1.4405383488784427,140.43001913096515,1.4587692442953375,143.09080393871727,1.4864091397198136,149.11969545015202,1.5490365007961677,148.18495785418045,1.5393265650934727,149.6931341673551,1.55499330952781,149.6931341673551,1.55499330952781,149.6931341673551,1.55499330952781,150.67121839498495,1.5651535245475496,151.53118640100925,1.5740867632242197,151.5476555064652,1.5742578422048312,152.33667505008412,1.5824540772441915,151.17520217154777,1.5703888441567282,152.57628088634885,1.5849430723099165,152.57628088634885,1.5849430723099165,152.77287296533817,1.586985245915506,152.77287296533817,1.586985245915506,155.14460663818093,1.611622514777344,155.57738449036736,1.6161181562668818,153.77392027755238,1.597383998548166,154.57570933477317,1.6057128816767472,154.57570933477317,1.6057128816767472,155.21178776801847,1.6123203838413125,155.21178776801847,1.6123203838413125,158.2415473646731,1.643793142618669,158.2415473646731,1.643793142618669,158.37924133402808,1.645223490124587,158.37924133402808,1.645223490124587,158.37924133402808,1.645223490124587,158.37924133402808,1.645223490124587,160.01672397277767,1.6622334522840863,160.60078870731124,1.6683006427372935,160.60078870731124,1.6683006427372935,160.60078870731124,1.6683006427372935,160.34528431766154,1.6656464955135732,160.34528431766154,1.6656464955135732,160.531166984157,1.6675774210992083,152.98348528849772,1.589173060040976,152.78215564709996,1.5870816732374025,153.00429246954545,1.5893892024011405,153.55596287805116,1.595119884700382,154.14156548086396,1.6012030503344046,154.14156548086396,1.6012030503344046,154.99049866766052,1.6100216607072018,156.6558628631198,1.6273212529448202,156.6558628631198,1.6273212529448202,156.73821112303196,1.6281766762341177,156.73821112303196,1.6281766762341177,157.38969217402135,1.6349441788400827,157.38969217402135,1.6349441788400827,157.38969217402135,1.6349441788400827,161.74657737515872,1.6802029502315283,161.74657737515872,1.6802029502315283,162.61588208287492,1.6892331773822837,162.61588208287492,1.6892331773822837,162.61588208287492,1.6892331773822837,162.61588208287492,1.6892331773822837,162.61588208287492,1.6892331773822837,162.61588208287492,1.6892331773822837,162.61588208287492,1.6892331773822837,164.18441321928736,1.7055268800726193,164.18441321928736,1.7055268800726193,159.03314136240587,1.6520161207611448,159.03314136240587,1.6520161207611448,162.44904502727198,1.6875000951892565,163.3206802038092,1.6965545309548216,163.3206802038092,1.6965545309548216,164.1051321656159,1.7047033185330929,163.89338172428623,1.7025036817802868,163.89338172428623,1.7025036817802868,163.89338172428623,1.7025036817802868,163.89338172428623,1.7025036817802868,163.89338172428623,1.7025036817802868,163.89338172428623,1.7025036817802868,163.89338172428623,1.7025036817802868,165.26922454398212,1.7167957626528614,165.26922454398212,1.7167957626528614,165.26922454398212,1.7167957626528614,165.26922454398212,1.7167957626528614,165.26922454398212,1.7167957626528614,165.26922454398212,1.7167957626528614,166.1430883859117,1.7258733495121197,169.18267934379924,1.7574482352241934,169.18267934379924,1.7574482352241934,169.18267934379924,1.7574482352241934,169.18267934379924,1.7574482352241934,169.18267934379924,1.7574482352241934,161.66892032482966,1.6793962586329387,169.1826793437993,1.7574482352241938,169.1826793437993,1.7574482352241938,169.1826793437993,1.7574482352241938
Fındık Ezmesi,28.0,0.0004824980876917,0.9342043747133655,100.0,0.048249808769170004,100.0,0.048249808769170004,100.0,0.048249808769170004,100.0,0.048249808769170004,100.0,0.048249808769170004,100.0,0.048249808769170004,100.0,0.048249808769170004,100.0,0.048249808769170004,100.0,0.048249808769170004,100.0,0.048249808769170004,100.0,0.048249808769170004,100.0,0.048249808769170004,100.0,0.048249808769170004,100.17417267977106,0.04833384675408768,100.17417267977106,0.04833384675408768,100.17417267977106,0.04833384675408768,100.17417267977106,0.04833384675408768,100.17417267977106,0.04833384675408768,100.17417267977106,0.04833384675408768,100.17417267977106,0.04833384675408768,100.17417267977106,0.04833384675408768,101.64732227800306,0.04904463861811841,100.89767103173793,0.048682933325359785,100.89767103173793,0.048682933325359785,100.89767103173793,0.048682933325359785,100.89767103173793,0.048682933325359785,100.89767103173793,0.048682933325359785,100.89767103173793,0.048682933325359785,100.89767103173793,0.048682933325359785,101.08458962690234,0.048773121190080634,100.89767103173793,0.048682933325359785,100.89767103173793,0.048682933325359785,100.89767103173793,0.048682933325359785,100.89767103173793,0.048682933325359785,100.89767103173793,0.048682933325359785,104.92873804531344,0.050627915450767065,104.92873804531344,0.050627915450767065,104.92873804531344,0.050627915450767065,104.92873804531344,0.050627915450767065,105.21817667314126,0.0507675690351981,105.21822928185718,0.05076759441880292,105.21970415560742,0.050768306042567,105.21970415560742,0.050768306042567,105.21970415560742,0.050768306042567,105.21970415560742,0.050768306042567,105.21970415560742,0.050768306042567,105.21970415560742,0.050768306042567,105.21970415560742,0.050768306042567,105.21970415560742,0.050768306042567,108.1909706218405,0.05220193643054694,108.1909706218405,0.05220193643054694,108.1909706218405,0.05220193643054694,108.1909706218405,0.05220193643054694,108.1909706218405,0.05220193643054694,108.1909706218405,0.05220193643054694,108.1909706218405,0.05220193643054694,108.1909706218405,0.05220193643054694,108.1909706218405,0.05220193643054694,108.1909706218405,0.05220193643054694,0.05220193643054694,108.1909706218405,108.1909706218405,0.05220193643054694,108.1909706218405,0.05220193643054694,108.1909706218405,0.05220193643054694,108.1909706218405,0.05220193643054694,108.1909706218405,0.05220193643054694,108.83983936108284,0.05251501435639429,108.83983936108284,0.05251501435639429,108.83983936108284,0.05251501435639429,108.83983936108284,0.05251501435639429,108.83983936108284,0.05251501435639429,108.83983936108284,0.05251501435639429,108.83983936108284,0.05251501435639429,108.83983936108284,0.05251501435639429,108.83983936108284,0.05251501435639429,108.83983936108284,0.05251501435639429,108.83983936108284,0.05251501435639429,108.83983936108284,0.05251501435639429,108.83983936108284,0.05251501435639429,108.83983936108284,0.05251501435639429,108.83983936108284,0.05251501435639429,108.83983936108284,0.05251501435639429,108.83983936108284,0.05251501435639429,108.83983936108284,0.05251501435639429,108.83983936108284,0.05251501435639429,108.83983936108284,0.05251501435639429,108.83983936108284,0.05251501435639429,108.83983936108284,0.05251501435639429,124.39235531979844,0.06001907356526922,108.83983936108284,0.05251501435639429,124.39235531979844,0.06001907356526922,108.83983936108284,0.05251501435639429,108.83983936108284,0.05251501435639429,108.83983936108284,0.05251501435639429,108.83983936108284,0.05251501435639429,124.39235531979844,0.06001907356526922,108.83983936108284,0.05251501435639429,124.39235531979844,0.06001907356526922,108.83983936108284,0.05251501435639429,124.39235531979844,0.06001907356526922,124.39235531979844,0.06001907356526922,108.83983936108284,0.05251501435639429,124.39235531979844,0.06001907356526922,108.83983936108284,0.05251501435639429,108.83983936108284,0.05251501435639429,108.83983936108284,0.05251501435639429,108.83983936108284,0.05251501435639429,124.39235531979844,0.06001907356526922,108.83983936108284,0.05251501435639429,124.39235531979844,0.06001907356526922,124.51581948209724,0.06007864478747685,124.51581948209724,0.06007864478747685,124.51581948209724,0.06007864478747685,122.23170678230034,0.05897656477775251,125.78857564337092,0.06069274720138922,123.2302376406362,0.059458354007400724,125.60408874453452,0.06060373262549649,123.2302376406362,0.059458354007400724,123.2302376406362,0.059458354007400724,123.2302376406362,0.059458354007400724,125.60408874453452,0.06060373262549649,125.60408874453452,0.06060373262549649,125.60408874453452,0.06060373262549649,123.2302376406362,0.059458354007400724,125.60408874453452,0.06060373262549649,125.60408874453452,0.06060373262549649,125.60408874453452,0.06060373262549649,125.60408874453452,0.06060373262549649,125.60408874453452,0.06060373262549649,125.60408874453452,0.06060373262549649,125.60408874453452,0.06060373262549649,123.3870891232756,0.05953403454782584,119.62212690331317,0.05771744747646247,119.62212690331317,0.05771744747646247,123.38708912327564,0.05953403454782586,123.38708912327564,0.05953403454782586,123.38708912327564,0.05953403454782586,123.38708912327564,0.05953403454782586,123.38708912327564,0.05953403454782586,123.38708912327564,0.05953403454782586,123.38708912327564,0.05953403454782586,123.38708912327564,0.05953403454782586,123.38708912327564,0.05953403454782586,123.38708912327564,0.05953403454782586,123.38708912327564,0.05953403454782586,123.38708912327564,0.05953403454782586,123.38708912327564,0.05953403454782586,124.24129656412217,0.05994618800452633,124.24129656412217,0.05994618800452633,124.24129656412217,0.05994618800452633,124.24129656412217,0.05994618800452633,124.24129656412217,124.24129656412217,0.05994618800452633,0.05994618800452633,124.24129656412217,0.05994618800452633,124.24129656412217,0.05994618800452633,124.24129656412217,0.05994618800452633,124.24129656412217,0.05994618800452633,126.82062479227947,0.06119070894214145,124.24129656412217,0.05994618800452633,124.24129656412217,0.05994618800452633,126.82062479227947,0.06119070894214145,124.02873536505876,0.05984362763246078,126.82062479227947,0.06119070894214145,126.82062479227947,0.06119070894214145,124.02873536505878,0.05984362763246079,124.02873536505878,0.05984362763246079,126.82062479227952,0.061190708942141465,124.02873536505878,0.05984362763246079,124.02873536505878,0.05984362763246079,126.14507949206501,0.060864759626638856,128.9846078698496,0.06223482663886624,126.3612676945317,0.06096907002091054,126.3612676945317,0.06096907002091054,126.3612676945317,0.06096907002091054,128.98460786984958,0.062234826638866224,130.1946965149357,0.06281869209605773,127.5467450762215,0.06154106059057763,130.19469651493566,0.0628186920960577,129.34857170248188,0.06241043849210025,129.34857170248188,0.06241043849210025,129.34857170248188,0.06241043849210025,129.34857170248188,0.06241043849210025,130.147723829296,0.06279602786506283,130.147723829296,0.06279602786506283,130.147723829296,0.06279602786506283,130.147723829296,0.06279602786506283,130.147723829296,0.06279602786506283,131.0907373119039,0.06325103006708861,131.0907373119039,0.06325103006708861,131.52155499784354,0.06345889877669826,131.90563341717078,0.0636442158795473,131.0876274291611,0.06324952955461227,131.0876274291611,0.06324952955461227,131.0876274291611,0.06324952955461227,131.0876274291611,0.06324952955461227,131.70756567518046,0.06354864857280357,130.83093675521386,0.06312567679530444,132.1848178715483,0.06377892184489771,132.1848178715483,0.06377892184489771,132.1848178715483,0.06377892184489771,132.1848178715483,0.06377892184489771,132.1848178715483,0.06377892184489771,131.8961936213348,0.06363966119610824,132.55510034987185,0.06395758243259457,132.48928157466688,0.06392582499942395,133.3233755378236,0.06432827374160227,133.98452789379573,0.06464727848903168,133.98452789379573,0.06464727848903168,133.98452789379573,0.06464727848903168,133.1826667614432,0.06426038202607728,133.8310838915447,0.0645732420513778,133.1826667614432,0.06426038202607728,138.67824647339344,0.06691198872785058,139.74133292955827,0.06742492591000106,137.1129039413514,0.0661567139495578,136.44858625753452,0.06583618193749638,136.44858625753452,0.06583618193749638,136.44858625753452,0.06583618193749638,136.44858625753452,0.06583618193749638,137.55064747804505,0.0663679243689119,136.85912360398487,0.06603426542208471,137.55064747804508,0.06636792436891191,136.85912360398493,0.06603426542208474,136.85643070346543,0.06603296610273374,138.18305896027795,0.06667306169972355,137.92576675132972,0.06654891870092805,138.62268017620733,0.06688517809571817,138.82657107960813,0.06698355506670679,138.82657107960813,0.06698355506670679,138.9708138383714,0.06705315192197345,138.9708138383714,0.06705315192197345,138.9708138383714,0.06705315192197345,139.51498513096624,0.06731571353002717,139.51498513096624,0.06731571353002717,139.91201631610875,0.0675072803176124,139.19604337828193,0.06716182474427196,139.60079080949896,0.0673571146058323,139.90356957423248,0.06750320478080987,141.06571411324583,0.06806393729850517,141.3083528651407,0.06818101003229435,141.71924236633325,0.06837926343087235,142.19324253473974,0.06860796760569403,142.7529198916776,0.06887801086014089,143.31480015740564,0.06914911701386638,141.11743802624258,0.06808889398761404,141.70766866626724,0.06837367914272298,140.64516524402876,0.06786102327332703,138.35210358431775,0.0667546254075573,138.88107357038163,0.06700985241427944,139.42771411953134,0.06727360543389892,139.97650626415975,0.06753839659422235,140.51168692747865,0.06779662024084329,142.41142520384332,0.06871324032630398,142.9017903079314,0.06894984055129721,145.34264025225824,0.0701275459817773,145.34264025225824,0.0701275459817773,145.34264025225824,0.0701275459817773,147.25619402867048,0.07105083201959145,146.42254251153958,0.0706485967567745,146.31024153160342,0.0705944117487094,146.56927587838163,0.07071939532567635,146.97559432936276,0.07091544320126861,146.97559432936276,0.07091544320126861,147.53753503044328,0.07118657851493608,147.68051144581042,0.07125556436193575,148.6564032000049,0.07172643026712867,149.88219178543991,0.07231787091551539,148.59020408327697,0.07169448931990058,148.59020408327697,0.07169448931990058,149.8070883140035,0.07228163363416831,149.8070883140035,0.07228163363416831,148.9396700841538,0.07186310599703691,148.93971188804068,0.07186312616733238,148.8772217317899,0.07183297478644182,149.08204824594523,0.07193180318783034,149.68735030088553,0.07222386027181489,152.06444282537586,0.07337080286914771,152.9130561292223,0.07378025716544334,152.9130561292223,0.07378025716544334,154.0556740779489,0.07433156814066615,151.4598373300301,0.07307908187383548,149.0022394006194,0.07189329557257974,149.0022394006194,0.07189329557257974,150.39422483952086,0.07256492588494438
Fındık İçi,29.0,0.0027803909239298,0.5250039547759489,100.0,0.27803909239298,100.0,0.27803909239298,100.0,0.27803909239298,100.0,0.27803909239298,100.0,0.27803909239298,100.0,0.27803909239298,100.0,0.27803909239298,100.0,0.27803909239298,100.34037674037674,0.2789854727926403,99.66240122186069,0.2771004358143117,99.66240122186069,0.2771004358143117,99.66240122186069,0.2771004358143117,99.66240163184409,0.2771004369542258,99.66240081187749,0.2771004346743981,99.66241358724707,0.27710047019491973,99.66577426595394,0.2771098141954946,99.66577426595394,0.2771098141954946,99.66577426595394,0.2771098141954946,99.66577426595394,0.2771098141954946,99.66577426595394,0.2771098141954946,99.66577426595394,0.2771098141954946,99.66577426595394,0.2771098141954946,99.66577426595394,0.2771098141954946,99.66577426595394,0.2771098141954946,99.66577426595394,0.2771098141954946,99.66577426595394,0.2771098141954946,99.66577426595394,0.2771098141954946,99.3870707403714,0.2763349094424976,100.18268467285618,0.27854702719933044,100.20880521087338,0.2786196525061616,100.18268467285618,0.27854702719933044,100.18268467285618,0.27854702719933044,100.39304424536724,0.2791319090455019,100.39304424536724,0.2791319090455019,100.39304424536724,0.2791319090455019,100.39289675396603,0.2791314989617486,100.39289675396603,0.2791314989617486,100.39289675396603,0.2791314989617486,100.39289675396603,0.2791314989617486,100.39289675396603,0.2791314989617486,100.39289675396603,0.2791314989617486,100.39289675396603,0.2791314989617486,100.39289675396603,0.2791314989617486,100.39289675396603,0.2791314989617486,100.39289675396603,0.2791314989617486,100.39289675396603,0.2791314989617486,100.39289675396603,0.2791314989617486,100.39289675396603,0.2791314989617486,100.39289675396603,0.2791314989617486,100.39289675396603,0.2791314989617486,100.39289675396603,0.2791314989617486,100.39289675396603,0.2791314989617486,100.39289675396603,0.2791314989617486,100.39289675396603,0.2791314989617486,100.39289675396603,0.2791314989617486,100.39289675396603,0.2791314989617486,100.39289675396603,0.2791314989617486,100.39289675396603,0.2791314989617486,100.39289675396603,0.2791314989617486,0.2791314989617486,100.39289675396603,100.39289675396603,0.2791314989617486,100.39289675396603,0.2791314989617486,100.39289675396603,0.2791314989617486,100.39289675396603,0.2791314989617486,100.39289675396603,0.2791314989617486,100.39289675396603,0.2791314989617486,100.39289675396603,0.2791314989617486,100.39289675396603,0.2791314989617486,100.39289675396603,0.2791314989617486,100.39289675396603,0.2791314989617486,100.39289675396603,0.2791314989617486,100.39289675396603,0.2791314989617486,100.39289675396603,0.2791314989617486,100.39289675396603,0.2791314989617486,100.39289675396603,0.2791314989617486,100.39289675396603,0.2791314989617486,100.39289675396603,0.2791314989617486,100.39289675396603,0.2791314989617486,100.39289675396603,0.2791314989617486,100.39289675396603,0.2791314989617486,100.39289675396603,0.2791314989617486,100.39289675396603,0.2791314989617486,100.39289675396603,0.2791314989617486,100.39289675396603,0.2791314989617486,100.39289675396603,0.2791314989617486,100.39289675396603,0.2791314989617486,100.39289675396603,0.2791314989617486,100.39289675396603,0.2791314989617486,100.39289675396603,0.2791314989617486,100.39289675396603,0.2791314989617486,100.39289675396603,0.2791314989617486,100.39289675396603,0.2791314989617486,100.39289675396603,0.2791314989617486,100.39289675396603,0.2791314989617486,100.39289675396603,0.2791314989617486,100.39289675396603,0.2791314989617486,100.39289675396603,0.2791314989617486,100.39289675396603,0.2791314989617486,103.54532297210277,0.28789647620701436,103.54532297210277,0.28789647620701436,103.54532297210277,0.28789647620701436,103.54532297210277,0.28789647620701436,103.54532297210277,0.28789647620701436,103.68050807664054,0.28827234364472165,103.68050807664054,0.28827234364472165,103.68050807664054,0.28827234364472165,103.68050807664054,0.28827234364472165,103.68050807664054,0.28827234364472165,103.68050807664054,0.28827234364472165,103.6873187572947,0.2882912799993983,103.71166331848877,0.28835896739638933,103.83041695271093,0.28868914892316433,103.94834814308038,0.28901704373451576,104.42675994462462,0.2903472155654303,104.42675994462462,0.2903472155654303,104.42675994462462,0.2903472155654303,104.42675994462462,0.2903472155654303,104.42675994462462,0.2903472155654303,104.42675994462462,0.2903472155654303,104.42675994462462,0.2903472155654303,104.42675994462462,0.2903472155654303,104.42675994462462,0.2903472155654303,104.42675994462462,0.2903472155654303,104.42675994462462,0.2903472155654303,104.42675994462462,0.2903472155654303,104.42675994462462,0.2903472155654303,104.42675994462462,0.2903472155654303,104.42675994462462,0.2903472155654303,104.42675994462462,0.2903472155654303,104.42675994462462,0.2903472155654303,104.42675994462462,0.2903472155654303,104.42675994462462,0.2903472155654303,104.42675994462462,0.2903472155654303,104.42675994462462,0.2903472155654303,104.42675994462462,0.2903472155654303,104.42675994462462,0.2903472155654303,104.42675994462462,0.2903472155654303,104.42675994462462,0.2903472155654303,104.42675994462462,0.2903472155654303,104.42675994462462,0.2903472155654303,104.42675994462462,0.2903472155654303,104.42675994462462,0.2903472155654303,103.79392746680732,0.288587693887739,103.79392746680732,0.288587693887739,103.79392746680732,0.288587693887739,103.79392746680732,0.288587693887739,103.79392746680732,0.288587693887739,103.79392746680732,0.288587693887739,103.79392746680732,0.288587693887739,103.79392746680732,0.288587693887739,103.79392746680732,103.79392746680732,0.288587693887739,0.288587693887739,103.79392746680732,0.288587693887739,103.79392746680732,0.288587693887739,104.85973928283723,0.29155106738764575,104.85973928283723,0.29155106738764575,104.85973928283723,0.29155106738764575,104.85973928283723,0.29155106738764575,104.85973928283723,0.29155106738764575,105.76797181639155,0.294076308880758,106.07256603498388,0.29492319988161353,106.07256603498388,0.29492319988161353,106.07256603498388,0.29492319988161353,106.07256603498388,0.29492319988161353,106.07256603498388,0.29492319988161353,106.07256603498388,0.29492319988161353,106.07256603498388,0.29492319988161353,106.07256603498388,0.29492319988161353,106.07256603498388,0.29492319988161353,106.07256603498388,0.29492319988161353,106.07256603498388,0.29492319988161353,106.07256603498388,0.29492319988161353,106.50289566106015,0.29611968446825415,106.42823586077799,0.2959121010371672,106.42823586077799,0.2959121010371672,106.42823586077799,0.2959121010371672,106.42823586077799,0.2959121010371672,106.42823586077799,0.2959121010371672,106.42823586077799,0.2959121010371672,106.80582195730095,0.29696193799294174,107.74301687152328,0.29956770622639867,107.74301687152328,0.29956770622639867,107.74301687152328,0.29956770622639867,107.74301687152328,0.29956770622639867,107.74301687152328,0.29956770622639867,107.74301687152328,0.29956770622639867,108.0514984927446,0.30042540572624155,112.18628010087318,0.3119217149819141,112.46481414165403,0.3126961485009067,112.78672678413497,0.31359119149035897,112.78672678413497,0.31359119149035897,113.56450526813752,0.31575371972810756,113.56450526813752,0.31575371972810756,113.56450526813752,0.31575371972810756,113.59876843893126,0.3158489847372075,114.51486194832812,0.3183960828162055,118.14989983782958,0.32850290917231634,119.18288944764844,0.33137502410797043,119.18288944764844,0.33137502410797043,119.18288944764844,0.33137502410797043,115.11801504118986,0.3200730842013385,114.94954007942022,0.31960465794672477,120.66928041062677,0.3355077720508467,124.01522646378717,0.3448108100890126,124.01522646378717,0.3448108100890126,124.01522646378717,0.3448108100890126,124.01522646378717,0.3448108100890126,124.01522646378717,0.3448108100890126,122.18405582518707,0.33971943986528214,121.76609251341081,0.3385573384666838,121.74383821622621,0.3384954628207733,121.74383821622621,0.3384954628207733,121.74383821622621,0.3384954628207733,121.02369948104493,0.33649319561750496,122.06746875425706,0.3393952822314208,122.06746875425706,0.3393952822314208,121.35616113130088,0.33741756897243136,121.35616113130088,0.33741756897243136,122.10091340526279,0.3394882714355311,121.35616113130088,0.33741756897243136,121.35616113130088,0.33741756897243136,121.35616113130088,0.33741756897243136,122.43650425006263,0.3404213451745665,121.67788788932987,0.33831209513044047,124.13054626613824,0.3451314442208189,124.13054626613824,0.3451314442208189,124.93226796627668,0.3473605439594014,124.93226796627668,0.3473605439594014,124.93226796627668,0.3473605439594014,124.93226796627668,0.3473605439594014,125.84272398225262,0.3498919676028582,125.84272398225262,0.3498919676028582,126.87349032443636,0.35275790098535814,126.87349032443636,0.35275790098535814,125.86367608945466,0.3499502226515599,126.85321485761716,0.3527015272614356,126.85321485761716,0.3527015272614356,124.26309736773824,0.34549998810066446,124.98698069728394,0.3475126667401174,124.98698069728394,0.3475126667401174,124.98698069728394,0.3475126667401174,124.98698069728394,0.3475126667401174,124.98698069728394,0.3475126667401174,124.27389345467319,0.34553000544279233,124.27389345467319,0.34553000544279233,124.15321065914158,0.34519446009342175,124.15321065914158,0.34519446009342175,124.15321065914158,0.34519446009342175,124.4511683704058,0.3460228990095357,124.84774582933696,0.34712553937698304,125.34302381749845,0.34850260580008946,126.25670737896424,0.35104300328173277,126.07989169987763,0.35055138657239193,126.07989169987763,0.35055138657239193,124.71494783190529,0.346756309030208,124.71494783190529,0.346756309030208,126.07989169987763,0.35055138657239193,126.07989169987763,0.35055138657239193,126.07989169987763,0.35055138657239193,126.6419036608525,0.3521139995278264,126.6419036608525,0.3521139995278264,126.6419036608525,0.3521139995278264,126.6419036608525,0.3521139995278264,125.48253654812038,0.34889050573008334,125.67580177306574,0.34942785860743264,127.15810327615789,0.35354923625315754,130.1844390771835,0.361963632847093,130.1844390771835,0.361963632847093,130.1844390771835,0.361963632847093,130.1844390771835,0.361963632847093,130.1844390771835,0.361963632847093,130.725993271147,0.3634693652128052,130.725993271147,0.3634693652128052,130.033256748916,0.36154328687371945,131.52235203666473,0.36568355389664264,131.52235203666473,0.36568355389664264,131.52235203666473,0.36568355389664264,131.52235203666473,0.36568355389664264,131.13335067932303,0.3646019780532934,131.9660401214781,0.36691718022071357,131.33871652472436,0.36517297538593246,130.9953797420184,0.36421836491144555,131.68311066623778,0.366130525731251
Gazoz Meyveli,30.0,0.0021356212076223,-0.5777701423693049,100.0,0.21356212076223,100.0,0.21356212076223,100.0,0.21356212076223,100.0,0.21356212076223,100.0,0.21356212076223,100.0,0.21356212076223,100.0,0.21356212076223,100.0,0.21356212076223,101.4543799928948,0.2166681255189977,101.93075077723206,0.21768547306872002,101.93075077723206,0.21768547306872002,101.88611347359029,0.21759014469641155,102.2165707302642,0.21829587622197705,102.2165707302642,0.21829587622197705,100.08656985913412,0.21374700118933768,102.4736991701037,0.21884500517118113,102.4736991701037,0.21884500517118113,102.4736991701037,0.21884500517118113,102.7345766551372,0.21940214066080985,103.24530674185554,0.22049286666537632,103.24530674185554,0.22049286666537632,102.93317186236773,0.21982626479710352,102.83075079583801,0.21960753219531534,102.83075079583801,0.21960753219531534,101.99250993422177,0.21781736723415213,103.47639032680513,0.22098637367012805,103.47639032680513,0.22098637367012805,103.47639032680513,0.22098637367012805,103.47639032680513,0.22098637367012805,103.5568655650559,0.22115823829562484,103.47639032680496,0.2209863736701277,103.47639032680496,0.2209863736701277,103.47639032680496,0.2209863736701277,103.28849307699764,0.22058509631858525,103.58593491834338,0.22122031942299747,103.58593491834338,0.22122031942299747,103.58593491834338,0.22122031942299747,103.58593491834338,0.22122031942299747,103.58593491834338,0.22122031942299747,103.58593491834338,0.22122031942299747,103.58593491834338,0.22122031942299747,103.58593491834338,0.22122031942299747,103.58593491834338,0.22122031942299747,103.58593491834338,0.22122031942299747,103.58593491834338,0.22122031942299747,103.58593491834338,0.22122031942299747,103.58593491833801,0.22122031942298598,103.58593457288632,0.221220318685232,103.83512365168312,0.22175249216661833,103.81275842345485,0.22170472851090073,103.81275842345485,0.22170472851090073,103.81275842345485,0.22170472851090073,103.81275842345485,0.22170472851090073,103.81275842345485,0.22170472851090073,103.81275842345485,0.22170472851090073,103.81275842345485,0.22170472851090073,103.81275842345485,0.22170472851090073,103.81275842345485,0.22170472851090073,103.81275842345485,0.22170472851090073,0.22170472851090073,103.81275842345485,103.81275842345485,0.22170472851090073,103.81275842345485,0.22170472851090073,103.81275842345485,0.22170472851090073,103.81275842345485,0.22170472851090073,103.81275842345485,0.22170472851090073,103.81275842345485,0.22170472851090073,103.81275842345485,0.22170472851090073,103.81275842345485,0.22170472851090073,104.15791438709958,0.22244185090679772,104.15791438709958,0.22244185090679772,103.98699358330781,0.22207682881339616,103.98699358330781,0.22207682881339616,104.32976779338858,0.22280886468587066,104.32976779338858,0.22280886468587066,104.32976779338858,0.22280886468587066,104.32976779338858,0.22280886468587066,104.32976779338858,0.22280886468587066,104.32976779338858,0.22280886468587066,104.32976779338858,0.22280886468587066,104.32976779338858,0.22280886468587066,104.32976779338858,0.22280886468587066,104.32976779338858,0.22280886468587066,104.32976779338858,0.22280886468587066,104.69101740149884,0.22358035701019616,104.69101740149884,0.22358035701019616,106.08467308698046,0.2265566776482341,106.08467308698046,0.2265566776482341,106.08467308698046,0.2265566776482341,106.08467308698046,0.2265566776482341,106.19442364171118,0.22679106326046536,107.53595933569717,0.2296560753393241,107.47216791787129,0.22951984103455086,107.78659923423024,0.23019134722210766,108.03883320370882,0.23073002343660887,108.03883320370882,0.23073002343660887,108.03883320370882,0.23073002343660887,109.03816701095693,0.23286422190886186,109.21862666666995,0.23324961537672279,109.2810168757244,0.23338285723032748,109.2810168757244,0.23338285723032748,109.2810168757244,0.23338285723032748,109.2810168757244,0.23338285723032748,109.2810168757244,0.23338285723032748,109.2810168757244,0.23338285723032748,109.72137526726127,0.23432329595024806,109.72137526726127,0.23432329595024806,109.97830058943714,0.23487199111706203,109.97830058943714,0.23487199111706203,109.97830058943714,0.23487199111706203,109.76631101832739,0.2344192616932053,109.93976506439719,0.23478969383253986,109.93976506439719,0.23478969383253986,110.06582327514477,0.23505890642080732,110.69376820767998,0.23639995893594845,110.31475788251272,0.23559053644761344,110.31475788251272,0.23559053644761344,110.31475788251272,0.23559053644761344,110.31475788251272,0.23559053644761344,110.16940004293265,0.23528010716271208,110.25485120210385,0.235462598470454,110.06144580389964,0.23504955780038048,110.18585737917294,0.23531525379900783,110.18585737917294,0.23531525379900783,110.18585737917294,0.23531525379900783,110.18585737917294,0.23531525379900783,110.18585737917294,0.23531525379900783,110.18585737917294,0.23531525379900783,110.54307463483579,0.23607813454593005,111.19904027985628,0.23747902868890744,111.19904027985628,0.23747902868890744,111.19904027985628,0.23747902868890744,111.56032379672239,0.23825059342949106,111.56032379672239,0.23825059342949106,111.59526202914942,0.2383252082596191,111.59526202914942,0.2383252082596191,111.59526202914942,0.2383252082596191,111.59526202914942,0.2383252082596191,111.59526202914942,0.2383252082596191,111.59526202914942,0.2383252082596191,111.59526202914942,0.2383252082596191,111.59526202914942,0.2383252082596191,111.88752587809437,0.23894937313364722,111.4225353953587,0.2379563295973744,111.4225353953587,0.2379563295973744,111.4225353953587,0.2379563295973744,111.4225353953587,0.2379563295973744,111.4225353953587,0.2379563295973744,111.4225353953587,0.2379563295973744,111.4225353953587,0.2379563295973744,111.4225353953587,0.2379563295973744,111.4225353953587,111.4225353953587,0.2379563295973744,0.2379563295973744,111.4225353953587,0.2379563295973744,111.4225353953587,0.2379563295973744,112.54189625899535,0.24034686039673925,112.54724427526011,0.24035828173369297,112.54724427526011,0.24035828173369297,112.54724427526011,0.24035828173369297,112.54724427526011,0.24035828173369297,112.54193392019323,0.24034694082679214,112.54193392019323,0.24034694082679214,112.53978885104887,0.24034235977163562,112.53978885104887,0.24034235977163562,112.64718001988683,0.24057170662931732,112.64718001988683,0.24057170662931732,112.64718001988683,0.24057170662931732,112.79811641192019,0.24089404958914576,112.82921452430357,0.2409604633774687,113.15762933311689,0.24166183300806768,113.15762933311689,0.24166183300806768,112.95288660131723,0.2412245800879298,112.95288660131723,0.2412245800879298,112.95288660131723,0.2412245800879298,113.12596464092057,0.2415942092198804,113.34854182449816,0.2420695497734615,113.45294379623978,0.2422925128384305,113.45294379623978,0.2422925128384305,113.46308365692477,0.2423141677399517,113.45294379623985,0.24229251283843067,113.46308365692481,0.2423141677399518,113.45294379623991,0.24229251283843078,113.55112890518157,0.2425021990393593,113.77158831009477,0.24297301681991174,113.48697113005572,0.24236518233416668,113.96691291123426,0.2433901561804756,113.96691291123426,0.2433901561804756,113.96691291123426,0.2433901561804756,114.1023240104612,0.2436793429957321,113.9826461103037,0.24342375633407204,114.7779018571644,0.24512212137255124,114.68426794558448,0.24492215480522855,114.5982538657067,0.24473846131208743,114.53396859486608,0.24460117232434248,114.53396859486608,0.24460117232434248,114.61955724015608,0.24478395725035546,114.90691735520717,0.24539764960628335,116.54011004240532,0.24888553054519735,116.51590602488211,0.24883383993206515,119.23087257001515,0.2546319800638363,119.36766244089971,0.2549241114130853,119.84833398649697,0.2559506437597634,119.58129720093484,0.2553803543373016,119.64912615771914,0.25552521129590106,118.27788642683446,0.2525967626458894,118.25288268333244,0.2525433641209966,118.86735138549002,0.25385563651274445,118.91922715566822,0.25396642350769877,119.13645404776267,0.25443033786532154,119.32040338077654,0.25482318396203396,119.13230526626847,0.25442147763957673,119.03590786266545,0.2542156093000824,118.61572489865348,0.25331825765105687,118.03559665755026,0.2520793234762162,118.03951880723164,0.2520876997022552,117.84779412494268,0.25167824840473424,117.84779412494268,0.25167824840473424,117.7856206992241,0.2515454695182191,117.5806869360898,0.2511078086275117,117.38689560394641,0.2506939437487329,117.38689560394641,0.2506939437487329,117.31232115613044,0.25053468097643034,117.49615525565713,0.2509272809780637,117.47375898631344,0.2508794510302817,118.25631882341634,0.2525507024146321,120.3011182485987,0.25691761943238545,118.54024329331685,0.25315705753391454,118.64422730419994,0.25337912799281015,118.64422730419994,0.25337912799281015,118.96397792283051,0.2540619941951079,119.05959069731907,0.2542661868640253,119.37470480614039,0.2549391512376451,119.75818120182325,0.25575811156088796,120.16366966554746,0.2566240813234636,120.58986075044584,0.2575342640428721,120.81738283397453,0.2580201650296584,121.392109062633,0.2592475625521582,121.56995162371177,0.25962736689721594,121.56396775248646,0.25961458761492345,121.1385851236255,0.2587061314513739,121.54186255028083,0.2595673792762943,111.40017556883264,0.23790857747764657,110.79023154369322,0.23660596808209633,119.38708971901195,0.25496560072022817,120.31692154205567,0.25695136928104245,119.95428324956099,0.2561769112528949,119.47725085380354,0.2551581507517924,119.80491522856713,0.25585791773951977,119.5328068614198,0.25527679733986847,119.99708318113906,0.2562683156944578,119.7691253800592,0.25578148418002866,119.60833807181912,0.25543810339463463,119.27923198922731,0.2547352574650941,119.85058117823122,0.25595544291008865,120.06410418823134,0.25641144717856024,119.38663191888092,0.2549646230325595,119.38663191888092,0.2549646230325595,119.38663191888092,0.2549646230325595,119.75724789354061,0.25575611836792633,119.86157169849258,0.2559789144982416,119.91617388705006,0.25609552409010755,119.77919418242035,0.25580298732788653,119.02155546526372,0.25418495801581104,119.02155546526372,0.25418495801581104,119.07283461847724,0.2542944708629228,119.58938500740636,0.25539762682832534,119.99576152644008,0.25626549314065344,119.88578867165054,0.25603063277970217,119.18876261032814,0.2545420491408766,119.41928316125463,0.25503435371822797,119.41928316125463,0.25503435371822797,119.76741738547992,0.25577783655058267,119.27795389717528,0.2547325279446025,119.2859967823118,0.2547497045006705,120.12785439323572,0.25654759346835787,121.88197815682496,0.2602937373786733,121.49484454983404,0.25946696663740015,121.49484454983404,0.25946696663740015,121.6863633771259,0.2598759783066236,121.61219545362518,0.2597175837162702,122.62568578387894,0.2618820151592802,124.26396495212848,0.26538075889499974,125.33076342213324,0.267659036331801,124.60663969187664,0.2661125823365224
Gofret,31.0,0.0060812527143249,-0.38538472032744187,100.0,0.6081252714324901,100.4101759609908,0.6106196551086162,100.40091815387657,0.610563356043974,100.40091815387657,0.610563356043974,100.40091815387657,0.610563356043974,100.50642129563236,0.6112049473111463,100.46162261696006,0.6109325152248721,100.46162261696006,0.6109325152248721,100.9572526928311,0.613946566969064,100.97533728802912,0.6140565439626994,100.97533728802912,0.6140565439626994,100.97533728802912,0.6140565439626994,101.1040362438148,0.6148391948369019,101.1040362438148,0.6148391948369019,100.88217785707285,0.6134900179203315,100.06521142197109,0.6085218385693567,100.08873772559694,0.6086649079671395,100.08873772559694,0.6086649079671395,102.52054350661135,0.6234533334736443,102.86664613720997,0.6255580710354072,102.95231017077843,0.6260790156720654,105.81769184733292,0.6435041257701892,106.0396870050545,0.6448541344256505,106.19832249731456,0.6458188369435452,106.04699972373616,0.6448986049159825,105.99381000600638,0.6445751448006641,105.99381000600638,0.6445751448006641,105.95780562553907,0.6443561930642197,105.95780562553907,0.6443561930642197,106.0975374219853,0.6452059374306357,105.95780562553907,0.6443561930642197,105.99471186225995,0.644580629216454,105.99471186225995,0.644580629216454,106.71749697811099,0.6489760681640968,106.71749697811099,0.6489760681640968,106.70476541966718,0.6488986443397528,106.92776388449417,0.6502547543592722,106.92776388449417,0.6502547543592722,106.93893710956041,0.6503227015645341,107.02615188101356,0.6508530766301628,107.06512156492165,0.6510900611262052,107.06512156492165,0.6510900611262052,107.08909494637369,0.651235849317232,107.08909494637369,0.651235849317232,107.09166730083473,0.6512514924547803,107.1252383564149,0.65145564652765,107.1252383564149,0.65145564652765,107.23128544932669,0.6521005456992661,107.23128544932669,0.6521005456992661,107.08574324082693,0.6512154667487781,107.19913752341293,0.6519050460375432,107.15433119633934,0.6516325674394079,107.15433119633934,0.6516325674394079,107.15433119633934,0.6516325674394079,107.11793260562077,0.651411218410803,107.01719473796658,0.6507986059796956,107.01719473796658,0.6507986059796956,107.01719473796658,0.6507986059796956,107.01719473796658,0.6507986059796956,0.6507986059796956,107.01719473796658,107.01719473796658,0.6507986059796956,107.04594991792322,0.6509734734958579,107.03866193113672,0.6509291534064305,107.04873521006878,0.6509904115612783,106.9788434669948,0.6505653822090007,107.03850264171382,0.6509281847271952,107.03850264171382,0.6509281847271952,107.03850264171382,0.6509281847271952,107.03850264171382,0.6509281847271952,107.03850264171382,0.6509281847271952,107.35612397291219,0.6528597203096728,107.62255658928271,0.6544799643811606,107.62255658928271,0.6544799643811606,107.66877157775743,0.654761009405265,107.66877157775743,0.654761009405265,108.44145939948862,0.6594599193184937,108.44145939948862,0.6594599193184937,108.53787499000302,0.6600462468900126,108.53787499000302,0.6600462468900126,110.14057238766053,0.6697926547897587,110.14057238766053,0.6697926547897587,110.14057238766053,0.6697926547897587,110.14057238766053,0.6697926547897587,110.49224189449414,0.6719312459327359,110.49224189449414,0.6719312459327359,111.28983213798544,0.6767815937658864,111.1610499979375,0.6759984370271633,111.1610499979375,0.6759984370271633,111.1610499979375,0.6759984370271633,111.75806132036628,0.6796290137521661,111.85719971612546,0.6802318993904705,111.94570757440407,0.6807701380438662,112.15981859301623,0.6820722012569683,112.64312635843233,0.6850113179172593,112.64312635843233,0.6850113179172593,112.93467510058655,0.6867842994968426,112.97604586069734,0.6870358855440601,113.66277347462534,0.6912120497102616,116.46848268101108,0.7082742764372013,116.52313325963416,0.7086066204167923,116.60697538091524,0.7091164855444076,116.60697538091524,0.7091164855444076,116.60697538091524,0.7091164855444076,116.66139093424776,0.7094474002758125,116.66139093424776,0.7094474002758125,116.91673010799452,0.7110001823192335,116.91673010799452,0.7110001823192335,116.83643730819502,0.710511901512512,116.83643730819502,0.710511901512512,116.85184805305933,0.7106056181465479,117.10533275202981,0.7121471226602019,117.5381070167,0.7147789323319175,117.77850371249221,0.7162408453907185,118.28680337342641,0.7193319440834651,117.85471419669709,0.7167043006046495,117.85471419669709,0.7167043006046495,117.85471419669709,0.7167043006046495,117.85471419669709,0.7167043006046495,117.85471419669709,0.7167043006046495,117.85471419669709,0.7167043006046495,117.85471419669709,0.7167043006046495,118.20548275665877,0.7188374128620163,118.30627072722967,0.719450329981622,118.57200357944622,0.7210663186104491,119.96893219991355,0.7295613945753842,119.96893219991355,0.7295613945753842,120.77634154732833,0.7344714548609216,120.91994819506782,0.7353447631772825,120.71257922681468,0.7340837000762264,120.79442296460385,0.7345814125288073,120.99026363803584,0.7357723691556908,121.54889179684984,0.7391695281627767,121.54889179684984,0.7391695281627767,121.7172230187969,0.7401931928631479,121.7172230187969,0.7401931928631479,121.7172230187969,0.7401931928631479,121.71140304163266,0.7401578001112206,121.71140304163266,0.7401578001112206,121.93904173509635,0.741542128533732,121.93904173509635,0.741542128533732,121.93904173509635,0.741542128533732,121.93904173509635,0.741542128533732,121.14363097790736,0.7367050347075732,121.14363097790736,0.7367050347075732,121.14363097790736,0.7367050347075732,121.14363097790736,0.7367050347075732,121.2041148903887,0.7370728526645233,121.2041148903887,0.7370728526645233,121.2041148903887,0.7370728526645233,121.2041148903887,0.7370728526645233,121.2041148903887,121.2041148903887,0.7370728526645233,0.7370728526645233,121.2041148903887,0.7370728526645233,121.2041148903887,0.7370728526645233,121.84422026726341,0.7409654952250966,121.84422026726341,0.7409654952250966,121.78820524241958,0.7406248537032221,121.78820524241958,0.7406248537032221,121.78820524241958,0.7406248537032221,121.87893023687198,0.7411765753219929,121.98786455954664,0.7418390324674413,121.98786455954664,0.7418390324674413,123.25871451511006,0.749567392209211,123.25871451511006,0.749567392209211,123.25871451511006,0.749567392209211,123.25871451511006,0.749567392209211,123.56419334111473,0.7514250861490207,124.2191144173765,0.7554078267217061,124.2191144173765,0.7554078267217061,124.2191144173765,0.7554078267217061,123.36892197593276,0.7502375916294779,123.36892197593276,0.7502375916294779,123.32108661265522,0.7499466926967057,123.42779813647648,0.7505956324405935,123.42779813647648,0.7505956324405935,123.42779813647648,0.7505956324405935,123.42779813647648,0.7505956324405935,123.26285587412873,0.7495925768599843,123.26285587412873,0.7495925768599843,123.26285587412873,0.7495925768599843,123.30096746909602,0.7498243431003264,124.16419556079047,0.7550738512760248,124.27994742184568,0.755777767595255,124.25962159238186,0.7556541610896572,124.27061057060061,0.7557209878432776,124.33110740016748,0.7560888843522892,124.42612747590852,0.7566667254458047,124.9606864445989,0.7599175136251198,124.18079981162622,0.755174825921489,124.23952162487993,0.7555319281077282,124.2942344386087,0.7558646505547246,124.31859092624742,0.7560127685112891,124.31859092624742,0.7560127685112891,124.4985240016593,0.7571069870145344,124.94031132388099,0.7597936073669493,124.78788948198456,0.7588666916271943,124.90718507237911,0.7595921582600881,124.97021575633775,0.7599754637779973,124.85546221768726,0.7592776185096006,124.85546221768726,0.7592776185096006,125.01771439219176,0.7602643149862113,125.16948262818492,0.761187255983293,124.71150825333677,0.7584021980731565,124.78356135508501,0.7588403711937385,124.97704214366982,0.7600169767644895,124.9650091750946,0.75994380124168,124.9650091750946,0.75994380124168,124.9650091750946,0.75994380124168,125.23153085977586,0.7615645869600745,125.34912121296355,0.7622796836145755,125.43049292794255,0.7627745255771609,125.43049292794255,0.7627745255771609,125.14275583279225,0.761024723586266,125.43299121256615,0.7627897182773092,125.46712212088407,0.7629972769561599,125.46712212088407,0.7629972769561599,125.48404613259494,0.7631001961483139,125.47086192951595,0.7630200196775536,125.44800272561562,0.7628810070817875,125.51225671130088,0.7632717518066421,125.51225671130088,0.7632717518066421,125.51225671130088,0.7632717518066421,125.11732090182342,0.7608700473432732,124.9755430812148,0.760007860586866,124.53497500430582,0.7573286547733183,124.42718088774201,0.7566731315093764,124.63327216590834,0.7579264246541241,124.63327216590834,0.7579264246541241,124.93431261910209,0.7597571277272301,125.08395962663974,0.7606671689980091,124.87495272140445,0.7593961451882344,124.79601912314197,0.7589161300295493,124.38958722005768,0.7564445149157296,123.86938890292345,0.7532810574876698,123.86938890292345,0.7532810574876698,123.60865743396756,0.751695483534372,123.51233333643927,0.7511097123548232,123.29108599230503,0.7497642513427696,124.6700151912074,0.7581498682764565,124.67377742631666,0.7581727473789267,117.56721969590092,0.7149559738913293,115.8905603720672,0.7047597848272673,116.2537615091896,0.7069685027282389,125.9357613692559,0.7658471906573603,126.53770419082377,0.7695077570748884,127.03567868123528,0.7725360657963679,126.32474163382506,0.7682126779470904,126.37992343045622,0.7685482523976349,127.166074125449,0.7733290334454281,127.00324685236136,0.7723388396489979,127.18662229390306,0.7734539920506138,126.52814942350052,0.7694496521201691,126.15567585234288,0.7671845462045525,126.15331874290942,0.7671702120264122,126.2872471846608,0.7679846647263381,126.2872471846608,0.7679846647263381,126.60589961863522,0.7699224707053712,127.68478426059676,0.7764834408627433,127.56246288175844,0.7757395736456628,127.49573454515999,0.7753337817676011,127.26538010043575,0.773932938175365,127.5321216074428,0.7755550606888748,127.51589456006076,0.7754563799129373,127.61584906934964,0.7760642285438593,127.83039183217582,0.7773689173026348,128.3478924440137,0.7805159693030386,128.59010979047264,0.7819889541986487,129.07087814175492,0.7849126280398455,128.83865048951998,0.7835003929993505,128.83865048951998,0.7835003929993505,129.54762511226966,0.7878118468483345,129.68356641586658,0.788638540269822,129.72956495241496,0.7889182689950619,129.85201870291291,0.7896629411976569,131.37464421901478,0.7989224117503517,132.60138069313857,0.8063825062633783,132.59164182763828,0.8063232817611202,132.59164182763828,0.8063232817611202,132.61070738026456,0.8064392242047789,132.81609883174806,0.8076882615266121,131.9215884183243,0.8022485176469869,131.36591613701026,0.7988693340779708,130.85965196850003,0.7957906137290526
Havuç,32.0,0.0035705729079672,4.197850040824802,100.0,0.35705729079672,94.43749130858016,0.3371959479628042,94.43749130858016,0.3371959479628042,94.43749130858016,0.3371959479628042,95.06707458397068,0.3394439209492229,105.65655657605875,0.37725443845957907,105.65655657605875,0.37725443845957907,103.88453885570559,0.37092731999484824,108.51379881142587,0.3874564301766805,108.51379881142587,0.3874564301766805,108.51379881142587,0.3874564301766805,109.31760472854755,0.3903264778076189,109.57065473949315,0.3912300113210621,109.57065473949315,0.3912300113210621,109.57065473949315,0.3912300113210621,105.30424070430212,0.375996468952838,105.30424070430212,0.375996468952838,105.30424070430212,0.375996468952838,105.30424070430212,0.375996468952838,103.12487470861103,0.36821488377207845,109.30662699257847,0.3902872810009769,109.30662699257847,0.3902872810009769,109.30662699257847,0.3902872810009769,109.30662699257847,0.3902872810009769,109.30662699257847,0.3902872810009769,110.73141467026039,0.3953745892825135,114.33217823070802,0.4082313780994433,121.6898928002045,0.434502634405843,123.21836488368531,0.4399601554177038,123.79740781945934,0.4420276704367283,123.21836488368534,0.43996015541770384,123.21836488368534,0.43996015541770384,124.60158599557359,0.4448990472455403,123.51978508311564,0.44103639821570373,122.73553247941334,0.43823616711592156,122.73553247941334,0.43823616711592156,126.14911981022718,0.45042462955830553,126.14911981022718,0.45042462955830553,126.14911981022718,0.45042462955830553,126.14911981022718,0.45042462955830553,126.14911981022718,0.45042462955830553,126.14911981022718,0.45042462955830553,125.08725853236338,0.44663317644754563,119.52225982110261,0.42676294281624555,119.52225982110261,0.42676294281624555,119.52225982110261,0.42676294281624555,119.95767788966765,0.4283176347755033,116.48876494880302,0.41593162820875523,127.62888730608336,0.4557082472891001,127.62888730608336,0.4557082472891001,126.50341210938075,0.4516896560431647,126.50341210938075,0.4516896560431647,126.50341210938075,0.4516896560431647,127.01968172266052,0.45353303433754816,127.26301444626715,0.4544018715680799,127.26301444626715,0.4544018715680799,127.50268114013954,0.4552576189721627,127.50268114013954,0.4552576189721627,127.50268114013954,0.4552576189721627,0.4552576189721627,127.50268114013954,128.72317884329658,0.4596154950052914,128.24642632906213,0.45791321539416063,128.24642632906213,0.45791321539416063,128.24642632906213,0.45791321539416063,128.24642632906213,0.45791321539416063,130.92660242789353,0.46748297956122925,130.92660242789353,0.46748297956122925,130.92660242789353,0.46748297956122925,130.92660242789353,0.46748297956122925,130.92660242789353,0.46748297956122925,130.92660242789353,0.46748297956122925,130.92660242789353,0.46748297956122925,130.92660242789353,0.46748297956122925,130.92660242789353,0.46748297956122925,130.92660242789353,0.46748297956122925,130.99218049482943,0.4677171308303874,130.99218049482943,0.4677171308303874,130.99218049482943,0.4677171308303874,130.99218049482943,0.4677171308303874,130.99218049482943,0.4677171308303874,130.99218049482943,0.4677171308303874,130.99218049482943,0.4677171308303874,130.99218049482943,0.4677171308303874,130.99218049482943,0.4677171308303874,130.99218049482943,0.4677171308303874,92.57908841447866,0.3305603849370376,66.66456290102347,0.23803068221586968,82.98003469579832,0.29628626378699574,82.98003469579832,0.29628626378699574,72.62460221179455,0.2593114371093284,72.62460221179455,0.2593114371093284,91.53181640974192,0.32682102388965206,91.53181640974192,0.32682102388965206,91.53181640974192,0.32682102388965206,115.4385321791314,0.4121816955343064,115.4385321791314,0.4121816955343064,92.7410951064257,0.3311388416422131,92.7410951064257,0.3311388416422131,92.7410951064257,0.3311388416422131,92.7410951064257,0.3311388416422131,92.7410951064257,0.3311388416422131,92.7410951064257,0.3311388416422131,92.7410951064257,0.3311388416422131,115.4385321791315,0.4121816955343067,115.4385321791315,0.4121816955343067,115.4385321791315,0.4121816955343067,115.4385321791315,0.4121816955343067,115.4385321791315,0.4121816955343067,115.4385321791315,0.4121816955343067,115.4385321791315,0.4121816955343067,109.88038062976588,0.39233591019376596,88.27578311982009,0.31519511963721786,88.27578311982009,0.31519511963721786,90.80681245649056,0.3242323444160036,90.80681245649056,0.3242323444160036,90.80681245649056,0.3242323444160036,90.80681245649056,0.3242323444160036,113.03085358021224,0.4035849035579132,113.03085358021224,0.4035849035579132,113.03085358021224,0.4035849035579132,113.03085358021224,0.4035849035579132,113.03085358021224,0.4035849035579132,113.03085358021224,0.4035849035579132,113.03085358021224,0.4035849035579132,119.01032578681516,0.4249350450227524,119.01032578681516,0.4249350450227524,119.01032578681516,0.4249350450227524,98.42262221258913,0.3514251484033615,98.42262221258913,0.3514251484033615,93.47754429493533,0.33376838716279994,93.47754429493533,0.33376838716279994,93.47754429493533,0.33376838716279994,113.0308535802121,0.4035849035579127,119.01032578681507,0.42493504502275214,119.01032578681507,0.42493504502275214,121.23709183601356,0.4328858755504014,121.23709183601356,0.4328858755504014,121.23709183601356,0.4328858755504014,126.63281335925254,0.452151692640214,118.09158210317932,0.4216546037165963,109.28464026268215,0.3902087757788743,109.28464026268215,0.3902087757788743,109.28464026268215,0.3902087757788743,109.28464026268215,0.3902087757788743,109.28464026268215,0.3902087757788743,109.28464026268215,0.3902087757788743,117.21003628940912,0.41850698011681653,117.21003628940912,0.41850698011681653,117.21003628940912,0.41850698011681653,117.21003628940912,0.41850698011681653,117.21003628940912,117.21003628940912,0.41850698011681653,0.41850698011681653,117.21003628940912,0.41850698011681653,117.21003628940912,0.41850698011681653,117.21003628940912,0.41850698011681653,117.21003628940912,0.41850698011681653,117.21003628940912,0.41850698011681653,117.21003628940912,0.41850698011681653,117.21003628940912,0.41850698011681653,126.63281335925258,0.45215169264021415,126.63281335925258,0.45215169264021415,126.63281335925258,0.45215169264021415,135.37196233750447,0.4833554612206496,144.1215291037082,0.5145964272725069,144.1215291037082,0.5145964272725069,144.1215291037082,0.5145964272725069,144.1215291037082,0.5145964272725069,150.26653973668436,0.5365376357577819,150.26653973668436,0.5365376357577819,150.26653973668436,0.5365376357577819,150.26653973668436,0.5365376357577819,150.26653973668436,0.5365376357577819,150.26653973668436,0.5365376357577819,150.26653973668436,0.5365376357577819,150.26653973668436,0.5365376357577819,150.26653973668436,0.5365376357577819,150.26653973668436,0.5365376357577819,150.26653973668436,0.5365376357577819,150.26653973668436,0.5365376357577819,150.26653973668436,0.5365376357577819,150.26653973668436,0.5365376357577819,150.26653973668436,0.5365376357577819,150.26653973668436,0.5365376357577819,150.26653973668436,0.5365376357577819,150.26653973668436,0.5365376357577819,150.26653973668436,0.5365376357577819,150.26653973668436,0.5365376357577819,137.50743834281224,0.49098033399081553,137.50743834281224,0.49098033399081553,137.50743834281224,0.49098033399081553,136.47647831896649,0.48729921606047466,136.47647831896649,0.48729921606047466,136.47647831896649,0.48729921606047466,136.47647831896649,0.48729921606047466,136.47647831896649,0.48729921606047466,136.47647831896649,0.48729921606047466,136.47647831896649,0.48729921606047466,136.47647831896649,0.48729921606047466,136.47647831896649,0.48729921606047466,122.86025968473557,0.4386815146961316,122.86025968473557,0.4386815146961316,134.26027214578457,0.47938609034004165,134.26027214578457,0.47938609034004165,136.54389935565874,0.4875399477875151,136.54389935565874,0.4875399477875151,136.54389935565874,0.4875399477875151,136.54389935565874,0.4875399477875151,135.71855835976152,0.4845930075877298,135.2088271755908,0.48277297523118384,136.4987976530472,0.48737890887006713,134.91456686651074,0.4817222973436925,134.20237962037774,0.4791793808572502,134.20237962037774,0.4791793808572502,134.20237962037774,0.4791793808572502,135.25571688821137,0.48294039836872915,135.25571688821137,0.48294039836872915,132.75767549290683,0.4740209594396742,132.75767549290683,0.4740209594396742,132.75767549290683,0.4740209594396742,132.75767549290683,0.4740209594396742,132.75767549290683,0.4740209594396742,132.75767549290683,0.4740209594396742,139.68074254346968,0.49874027509045427,142.64397917342802,0.5093207275212795,142.64397917342802,0.5093207275212795,140.0653471809115,0.5001135339891826,140.4699729023723,0.5015582796280972,140.4699729023723,0.5015582796280972,138.40986254387371,0.4942025053946196,139.86161080686367,0.49938607841163996,137.17230523742901,0.48978371680417127,133.47544961676044,0.4765838242803458,134.67179581461275,0.48085546560294684,134.67179581461275,0.48085546560294684,134.67179581461275,0.48085546560294684,134.67179581461275,0.48085546560294684,130.89259849594066,0.46736156604303397,130.89259849594066,0.46736156604303397,128.70765556616507,0.4595600680125228,128.70765556616507,0.4595600680125228,128.70765556616507,0.4595600680125228,128.70765556616507,0.4595600680125228,128.70765556616507,0.4595600680125228,128.70765556616507,0.4595600680125228,133.59565121478042,0.4770130128497303,133.59565121478042,0.4770130128497303,133.59565121478042,0.4770130128497303,133.59565121478042,0.4770130128497303,133.59565121478042,0.4770130128497303,133.59565121478042,0.4770130128497303,133.59565121478042,0.4770130128497303,133.59565121478042,0.4770130128497303,133.59565121478042,0.4770130128497303,133.59565121478042,0.4770130128497303,121.1755129244541,0.43266600355708507,121.1755129244541,0.43266600355708507,132.73664886913417,0.47394588234648555,131.2262908742503,0.46855303900862155,131.2262908742503,0.46855303900862155,131.2262908742503,0.46855303900862155,126.62637543418565,0.45212870555938667,126.62637543418565,0.45212870555938667,126.62637543418565,0.45212870555938667,124.7306526000144,0.44535988896668,124.7306526000144,0.44535988896668,124.7306526000144,0.44535988896668,124.7306526000144,0.44535988896668,123.18848792482852,0.43985347755783727,123.18848792482852,0.43985347755783727,123.18848792482852,0.43985347755783727,123.18848792482852,0.43985347755783727,123.18848792482852,0.43985347755783727,123.18848792482852,0.43985347755783727,119.31491768249435,0.4260226125934509,119.31491768249435,0.4260226125934509,119.31491768249435,0.4260226125934509,119.31491768249435,0.4260226125934509,119.31491768249435,0.4260226125934509,119.31491768249435,0.4260226125934509,119.31491768249435,0.4260226125934509,109.89649294186438,0.39239344037882956,112.33865157318117,0.40111334582476754,117.05445970410801,0.4179514825762264
Hazır Et Yemekleri,33.0,0.0039985405818823,-1.0596729034125785,100.0,0.39985405818823,101.76350402886236,0.4069055006139491,101.76350402886236,0.4069055006139491,101.76350402886236,0.4069055006139491,101.76350402886236,0.4069055006139491,101.76350402886236,0.4069055006139491,101.76350402886236,0.4069055006139491,102.37257915076567,0.4093409122062944,102.37257915076567,0.4093409122062944,103.02233071113854,0.41193897018858666,103.02233071113854,0.41193897018858666,103.02233071113854,0.41193897018858666,103.02233071113854,0.41193897018858666,103.56475797551442,0.41410788761791306,103.56475797551442,0.41410788761791306,103.56475797551442,0.41410788761791306,103.56475797551442,0.41410788761791306,103.56475797551442,0.41410788761791306,103.56475797551442,0.41410788761791306,103.56475797551442,0.41410788761791306,104.07505488596291,0.4161483305231505,105.05457416697482,0.4200649781190128,105.05457416697482,0.4200649781190128,105.05457416697482,0.4200649781190128,105.05457416697482,0.4200649781190128,105.05457416697482,0.4200649781190128,105.05457416697482,0.4200649781190128,105.05457416697482,0.4200649781190128,105.05457416697482,0.4200649781190128,105.14597879197925,0.4204304632214647,105.05457416697482,0.4200649781190128,105.05457416697482,0.4200649781190128,105.05457416697482,0.4200649781190128,105.05457416697482,0.4200649781190128,105.05457416697482,0.4200649781190128,105.05457416697482,0.4200649781190128,105.05457416697482,0.4200649781190128,105.05457416697482,0.4200649781190128,105.05457416697482,0.4200649781190128,107.93382015563564,0.4315777600498949,107.93382015563564,0.4315777600498949,107.93382015563652,0.4315777600498984,107.93382058529193,0.431577761767893,107.93558050084901,0.4315847988616687,108.15583472082841,0.4324654942985871,108.15583472082841,0.4324654942985871,108.15583472082841,0.4324654942985871,108.15583472082841,0.4324654942985871,108.15583472082841,0.4324654942985871,108.15583472082841,0.4324654942985871,108.15583472082841,0.4324654942985871,108.15583472082841,0.4324654942985871,108.15583472082841,0.4324654942985871,108.15583472082841,0.4324654942985871,108.15583472082841,0.4324654942985871,108.15583472082841,0.4324654942985871,108.15583472082841,0.4324654942985871,108.15583472082841,0.4324654942985871,108.15583472082841,0.4324654942985871,0.4324654942985871,108.15583472082841,108.15583472082841,0.4324654942985871,108.15583472082841,0.4324654942985871,106.78244408644481,0.4269739361122272,106.78244408644481,0.4269739361122272,106.46344055655517,0.4256983875521998,106.46344055655517,0.4256983875521998,106.46344055655517,0.4256983875521998,106.46344055655517,0.4256983875521998,106.46344055655517,0.4256983875521998,106.46344055655517,0.4256983875521998,106.46344055655517,0.4256983875521998,106.46344055655517,0.4256983875521998,106.46344055655517,0.4256983875521998,106.46344055655517,0.4256983875521998,106.46344055655517,0.4256983875521998,106.46344055655517,0.4256983875521998,106.46344055655517,0.4256983875521998,106.46344055655517,0.4256983875521998,106.46344055655517,0.4256983875521998,106.46344055655517,0.4256983875521998,106.46344055655517,0.4256983875521998,106.46344055655517,0.4256983875521998,106.46344055655517,0.4256983875521998,106.46344055655517,0.4256983875521998,106.46344055655517,0.4256983875521998,106.46344055655517,0.4256983875521998,106.46344055655517,0.4256983875521998,106.46344055655517,0.4256983875521998,106.46344055655517,0.4256983875521998,106.46344055655517,0.4256983875521998,106.46344055655517,0.4256983875521998,106.46344055655517,0.4256983875521998,106.46344055655517,0.4256983875521998,106.46344055655517,0.4256983875521998,106.46344055655517,0.4256983875521998,106.46344055655517,0.4256983875521998,106.46344055655517,0.4256983875521998,106.46344055655517,0.4256983875521998,106.46344055655517,0.4256983875521998,106.46344055655517,0.4256983875521998,106.46344055655517,0.4256983875521998,106.46344055655517,0.4256983875521998,106.46344055655517,0.4256983875521998,106.46344055655517,0.4256983875521998,106.46344055655517,0.4256983875521998,106.46344055655517,0.4256983875521998,106.46344055655517,0.4256983875521998,106.46344055655517,0.4256983875521998,106.46344055655517,0.4256983875521998,106.55233120485023,0.42605382041675743,106.5959776255603,0.42622834240122054,106.5959776255603,0.42622834240122054,106.5959776255603,0.42622834240122054,106.5959776255603,0.42622834240122054,106.5959776255603,0.42622834240122054,106.5959776255603,0.42622834240122054,106.5959776255603,0.42622834240122054,106.5959776255603,0.42622834240122054,106.5959776255603,0.42622834240122054,106.5959776255603,0.42622834240122054,106.5959776255603,0.42622834240122054,106.5959776255603,0.42622834240122054,106.5959776255603,0.42622834240122054,106.5959776255603,0.42622834240122054,106.5959776255603,0.42622834240122054,106.5959776255603,0.42622834240122054,106.5959776255603,0.42622834240122054,106.5959776255603,0.42622834240122054,106.5959776255603,0.42622834240122054,106.5959776255603,0.42622834240122054,106.5959776255603,0.42622834240122054,106.5959776255603,0.42622834240122054,106.5959776255603,0.42622834240122054,106.5959776255603,0.42622834240122054,106.5959776255603,0.42622834240122054,106.5959776255603,0.42622834240122054,106.5959776255603,0.42622834240122054,106.5959776255603,0.42622834240122054,106.5959776255603,0.42622834240122054,106.5959776255603,0.42622834240122054,106.5959776255603,0.42622834240122054,106.5959776255603,0.42622834240122054,106.5959776255603,0.42622834240122054,106.5959776255603,0.42622834240122054,106.5959776255603,0.42622834240122054,106.5959776255603,0.42622834240122054,106.5959776255603,0.42622834240122054,106.5959776255603,0.42622834240122054,106.5959776255603,0.42622834240122054,106.5959776255603,0.42622834240122054,106.5959776255603,106.5959776255603,0.42622834240122054,0.42622834240122054,106.5959776255603,0.42622834240122054,106.5959776255603,0.42622834240122054,106.5959776255603,0.42622834240122054,106.5959776255603,0.42622834240122054,106.5959776255603,0.42622834240122054,106.5959776255603,0.42622834240122054,106.5959776255603,0.42622834240122054,106.5959776255603,0.42622834240122054,106.5959776255603,0.42622834240122054,106.5959776255603,0.42622834240122054,106.5959776255603,0.42622834240122054,106.5959776255603,0.42622834240122054,106.5959776255603,0.42622834240122054,106.5959776255603,0.42622834240122054,106.5959776255603,0.42622834240122054,106.5959776255603,0.42622834240122054,106.5959776255603,0.42622834240122054,106.5959776255603,0.42622834240122054,106.5959776255603,0.42622834240122054,106.5959776255603,0.42622834240122054,106.5959776255603,0.42622834240122054,106.5959776255603,0.42622834240122054,106.5959776255603,0.42622834240122054,106.5959776255603,0.42622834240122054,106.5959776255603,0.42622834240122054,106.5959776255603,0.42622834240122054,106.5959776255603,0.42622834240122054,106.5959776255603,0.42622834240122054,106.5959776255603,0.42622834240122054,106.5959776255603,0.42622834240122054,111.82519813596328,0.4471375928236781,111.82519813596328,0.4471375928236781,111.82519813596328,0.4471375928236781,111.82519813596328,0.4471375928236781,111.82519813596328,0.4471375928236781,111.82519813596328,0.4471375928236781,111.82519813596328,0.4471375928236781,111.82519813596328,0.4471375928236781,111.82519813596328,0.4471375928236781,111.82519813596328,0.4471375928236781,111.82519813596328,0.4471375928236781,111.82519813596328,0.4471375928236781,111.82519813596328,0.4471375928236781,111.82519813596328,0.4471375928236781,106.12673936121992,0.42435207415868353,106.12673936121992,0.42435207415868353,106.12673936121992,0.42435207415868353,106.12673936121992,0.42435207415868353,106.12673936121992,0.42435207415868353,106.2990199089616,0.42504094492029754,104.9165296409599,0.4195130014796354,104.98200057348377,0.41977478966026577,105.23717672402665,0.42079512185374,105.36507641863923,0.42130653397305873,105.36507641863923,0.42130653397305873,105.49046052606069,0.42180788741490655,105.64381626624414,0.42242108656549465,105.46509601746328,0.4217064663979403,106.09224877698682,0.4242141621579346,106.09224877698682,0.4242141621579346,106.08838042999342,0.42419869441549674,106.89902841625754,0.427440103286195,106.08437410401234,0.4241826749584771,106.08437410401234,0.4241826749584771,105.9400901409973,0.4236057496770467,105.98499085869153,0.4237852870189027,106.03961580003617,0.4240037070636522,106.44590938534164,0.42562828845265455,106.44590938534164,0.42562828845265455,106.03715814848331,0.423993880044182,106.25240724579004,0.4248545622949764,105.7684934383312,0.4229196132977191,105.91897088670162,0.4235213034816863,105.91897088670162,0.4235213034816863,106.04933714735196,0.424042578265405,106.04933714735196,0.424042578265405,106.04933714735196,0.424042578265405,106.55289132345212,0.4260560600737177,106.8175518808247,0.4271143160527956,107.16053211682308,0.42848573644521865,104.10057071030386,0.4162503565822579,104.45168480383289,0.41765430053410457,104.43539931932308,0.4175891823633965,106.44731726975556,0.4256339179356182,106.46631666700218,0.4257098877965401,106.46631666700218,0.4257098877965401,105.59844123224063,0.42223965265062735,105.33608943068427,0.4211906283253743,105.24135176990859,0.42081181594413014,105.24135176990859,0.42081181594413014,105.24135176990859,0.42081181594413014,107.08324430063647,0.42817669797571145,107.85262135236371,0.43125308333981177,107.86059331251208,0.43128495954598217,107.66504839510776,0.4305030652581602,107.66504839510776,0.4305030652581602,107.66504839510776,0.4305030652581602,107.66504839510776,0.4305030652581602,107.5340932061188,0.4299794356205798,107.91885950461166,0.4315179392796441,107.76693721117827,0.43091047182405806,106.97842463225584,0.42775757227791206,107.4660568902979,0.4297073896507282,107.4660568902979,0.4297073896507282,108.40085051683197,0.43344519990210956,109.6298225313158,0.4383592943760208,109.8616634469364,0.4392863196856705,109.8616634469364,0.4392863196856705,109.76337360102906,0.43889330374802304,111.29189451345019,0.4450051566465947,111.29189451345019,0.4450051566465947,111.29189451345019,0.4450051566465947,112.32981956478628,0.4491553420853143,111.99608637001919,0.4478208963625169,112.64109520586896,0.4503999903683349,112.27747872397656,0.4489460551092468,111.40025023801996,0.4454384214085662,111.40025023801996,0.4454384214085662,110.72741931491754,0.44274807965779583,110.27336925932929,0.44093254208432026,110.30843246612136,0.4410727437396093,110.30843246612136,0.4410727437396093,109.50516682308246,0.4378608534678865,109.60234762775964,0.4382494348591682,109.60234762775964,0.4382494348591682,110.32906336008725,0.44115523720637245,109.93316867592252,0.4395722362455883,109.93316867592252,0.4395722362455883,109.93316867592252,0.4395722362455883,109.50737164008764,0.4378696695181573,108.34695169557831,0.4332296832780112
Hazır Kahve,34.0,0.0028747697371245,0.8208207956120317,100.0,0.28747697371245,100.0,0.28747697371245,100.0,0.28747697371245,100.0,0.28747697371245,99.95861448493028,0.2873579998861723,99.95861448493028,0.2873579998861723,99.95861448493028,0.2873579998861723,99.95861448493028,0.2873579998861723,100.1597345638168,0.2879361738024833,100.1597345638168,0.2879361738024833,100.27698512150249,0.2882732421573791,100.27698512150249,0.2882732421573791,100.27698512150249,0.2882732421573791,100.2883838757143,0.28830601095102815,100.2883838757143,0.28830601095102815,100.2883838757143,0.28830601095102815,100.2883838757143,0.28830601095102815,100.2883838757143,0.28830601095102815,100.2883838757143,0.28830601095102815,100.3470320534194,0.28847461095743226,100.3470320534194,0.28847461095743226,100.10828505005446,0.28778826829732956,98.7969523119216,0.28401848862644463,98.43184104446382,0.2829688778040738,98.43184104446382,0.2829688778040738,98.22653486528733,0.2823786698133326,99.43854642390957,0.2858629239631049,99.79768134504542,0.2868953541659308,99.86095284451386,0.2870772451578252,99.96531209281642,0.28737725396663444,100.76373263454911,0.28967252917750613,101.34657105821752,0.29134805543950143,101.8167825755872,0.2926998052796832,102.0856746659913,0.29347280812372906,101.89680268782529,0.2929298446767065,102.23675580179577,0.29390713160079013,102.56921084765315,0.29486286330557526,102.90251067352314,0.2958210235583752,103.03146118815158,0.29619172659541565,103.29648077569529,0.2969535968854315,103.34189979727373,0.297084166114155,103.48772979263731,0.29750339377159124,103.69698543974435,0.298104955573217,103.96485263327399,0.29887501207474443,104.10196632486593,0.29926918236587835,104.14773951500112,0.2994007697476507,104.1782834737828,0.2994885765960082,104.25058505627882,0.299696426997314,104.25058505627882,0.299696426997314,104.29723298491018,0.29983052905084295,104.5508712985073,0.3005596807989473,104.59212127865725,0.30067826499353933,104.6603268354674,0.3008743402641609,104.86698625582295,0.3014684385116907,104.86698625582295,0.3014684385116907,104.97228212131762,0.3017711398792591,105.08079222122322,0.30208308143064005,105.08079222122322,0.30208308143064005,105.54961235226254,0.3034308313555067,0.3034308313555067,105.54961235226254,105.54343986031212,0.30341308686244495,105.54343986031212,0.30341308686244495,105.54746516312915,0.3034246586811661,106.45602436265156,0.3060365571723392,106.45602436265156,0.3060365571723392,109.78574879388702,0.315608748200219,109.82487732223134,0.31572123370936145,109.82487732223134,0.31572123370936145,109.82487732223134,0.31572123370936145,109.82487732223134,0.31572123370936145,109.82487732223134,0.31572123370936145,111.00908487759878,0.31912555775200596,111.00908487759878,0.31912555775200596,111.00908487759878,0.31912555775200596,111.00908487759878,0.31912555775200596,111.00908487759878,0.31912555775200596,111.00908487759878,0.31912555775200596,111.00908487759878,0.31912555775200596,111.00908487759878,0.31912555775200596,111.00908487759878,0.31912555775200596,111.00908487759878,0.31912555775200596,111.00908487759878,0.31912555775200596,111.00908487759878,0.31912555775200596,111.00908487759878,0.31912555775200596,111.00908487759878,0.31912555775200596,111.00908487759878,0.31912555775200596,111.00908487759878,0.31912555775200596,111.00908487759878,0.31912555775200596,111.30142737712114,0.3199659751225082,111.30142737712114,0.3199659751225082,112.17593884449082,0.32247999422367085,112.17593884449082,0.32247999422367085,112.17593884449082,0.32247999422367085,112.27303908904325,0.3227591350681776,112.27303908904325,0.3227591350681776,112.27303908904325,0.3227591350681776,112.57416488441177,0.32362480239177055,112.57416488441177,0.32362480239177055,112.57416488441177,0.32362480239177055,112.57416488441177,0.32362480239177055,112.57416488441177,0.32362480239177055,112.57416488441177,0.32362480239177055,112.57416488441177,0.32362480239177055,112.57416488441177,0.32362480239177055,112.72180680627982,0.3240492389206877,112.72180680627982,0.3240492389206877,112.90846733849985,0.3245858449698294,112.90846733849985,0.3245858449698294,112.90846733849985,0.3245858449698294,112.92144938195798,0.3246231653554889,113.06180236674808,0.3250266478686786,113.32213198223644,0.32577503556896176,113.45344781379482,0.3261525383475311,113.95018914463814,0.3275805552926185,113.60193598150178,0.3265794076383762,113.60193598150178,0.3265794076383762,113.60193598150178,0.3265794076383762,113.60193598150178,0.3265794076383762,113.60193598150178,0.3265794076383762,113.60193598150178,0.3265794076383762,113.60193598150178,0.3265794076383762,113.60193598150178,0.3265794076383762,113.60193598150178,0.3265794076383762,112.80532050230964,0.3242893215666697,114.37680800667837,0.3288069862864982,114.37680800667837,0.3288069862864982,113.81072712548472,0.3271796341004779,113.81072712548472,0.3271796341004779,114.37680800667833,0.32880698628649807,114.37680800667833,0.32880698628649807,114.37680800667833,0.32880698628649807,114.69700627996113,0.32972748259241097,114.97730272720969,0.33053327033638463,115.04955540692396,0.3307409801534534,115.26550357633789,0.331361781415672,115.26550357633789,0.331361781415672,115.26550357633789,0.331361781415672,115.26550357633789,0.331361781415672,115.26550357633789,0.331361781415672,115.26550357633789,0.331361781415672,115.26550357633789,0.331361781415672,115.5958687730907,0.33231150528549613,114.96994985236168,0.33051213251429074,114.96994985236168,0.33051213251429074,114.96994985236168,0.33051213251429074,114.96994985236168,0.33051213251429074,114.81405153472552,0.33006396074868166,114.81405153472552,0.33006396074868166,114.93307217388258,0.3304061176802236,115.81078892309729,0.3329293512286334,115.81078892309729,115.81078892309729,0.3329293512286334,0.3329293512286334,115.81078892309729,0.3329293512286334,115.81078892309729,0.3329293512286334,117.69578690728653,0.33834828638812126,118.39474391776986,0.34035762684940973,120.88681292789263,0.3475217514225365,120.88681292789263,0.3475217514225365,120.88681292789263,0.3475217514225365,121.26889889291526,0.3486201605917636,121.26889889291526,0.3486201605917636,121.26889889291526,0.3486201605917636,121.26889889291526,0.3486201605917636,121.26889889291526,0.3486201605917636,121.26889889291526,0.3486201605917636,122.70504010563401,0.3527487358883247,122.9336299610643,0.3534058790869294,125.43446530859217,0.36059520486153374,125.82336169396233,0.36171319242107297,125.82336169396233,0.36171319242107297,125.03581487953544,0.35944917667238974,125.03581487953544,0.35944917667238974,125.03581487953544,0.35944917667238974,125.03581487953544,0.35944917667238974,125.03581487953544,0.35944917667238974,124.30608814950088,0.35735138035251557,124.30608814950088,0.35735138035251557,124.30608814950088,0.35735138035251557,124.30608814950088,0.35735138035251557,124.55471850029829,0.35806613536071863,124.55471850029829,0.35806613536071863,125.48080253859912,0.3607284137280599,127.11619747643637,0.365429797603601,127.11619747643637,0.365429797603601,126.55286180694812,0.36381033726911344,126.55286180694812,0.36381033726911344,126.55286180694812,0.36381033726911344,126.55286180694812,0.36381033726911344,125.04458958670158,0.3594744019350031,128.23793674623042,0.3686545397093491,127.62357298396358,0.36688838535799845,128.45923970713642,0.3692907347640977,128.45923970713642,0.3692907347640977,128.45923970713642,0.3692907347640977,128.8689750113625,0.3704686294169183,129.92966812659537,0.3735178778849661,129.76646157636785,0.3730486966334715,129.6429971520689,0.37269376484288536,128.0081846242923,0.3679940552621613,129.02547103761668,0.3709185194571741,129.02547103761668,0.3709185194571741,128.22284268778068,0.3686111477669074,129.2264958707888,0.37149641956398777,128.19779696195604,0.3685391470722624,127.27646926127176,0.3658905420803607,127.50489812582705,0.36654722246727,127.50489812582705,0.36654722246727,127.63016875804726,0.3669073466897271,127.64547305970508,0.3669513430329808,128.48205682533342,0.3693563287249788,128.7950765550175,0.3702561883709975,127.6765153087523,0.36704058235111403,127.30420591177914,0.3659702785638485,130.6696599641378,0.3756451840252522,130.27386178119795,0.37450735538692786,130.27386178119795,0.37450735538692786,130.37930960227337,0.3748104935918012,130.17514116386468,0.37422355634378796,130.34331444034268,0.3747070157896,129.78692965420197,0.3731075376442062,129.78692965420197,0.3731075376442062,129.78692965420197,0.3731075376442062,131.13479387755453,0.37698233692325295,131.26752628692228,0.37736391203683894,133.53351076092076,0.38387809562748376,133.06035537417077,0.38251788284069743,132.22799274991027,0.38012503195815983,132.22799274991027,0.38012503195815983,132.26856774822264,0.3802416757353921,131.7348185266438,0.37870726962598356,131.90264931891292,0.3791897445085564,131.82358997959292,0.37896246711244225,131.94175943858787,0.37930217709701325,130.7477819599621,0.3758697667746517,131.57932472840295,0.3782602607604902,131.8559904539254,0.37905561101552165,131.45560217118833,0.37790458689720996,131.1923820956267,0.3771478897897817,129.50922980468457,0.3723092145208095,129.33676039994347,0.3718134046954799,134.1351117573967,0.3856075599659767,134.1351117573967,0.3856075599659767,133.06095263791678,0.38251959983643957,132.08408636172285,0.37971133422841974,132.36955626948082,0.3805319944801021,133.73412512712295,0.3844548157362742,134.1060786852582,0.38552409656881725,134.31445334808024,0.3861231257434815,134.83504678810613,0.3876197120102135,134.16525170667768,0.38569420538004817,134.53641202519125,0.3867612058313325,134.61210623086518,0.38697880924307954,137.01817063161496,0.39389569036792765,133.8151136737093,0.3846876391590544,134.2772630555653,0.3860162122160448,134.2772630555653,0.3860162122160448,134.2772630555653,0.3860162122160448,134.45592926539825,0.3865298364291193,135.12825399876093,0.3884626152261106,134.26487065517136,0.38598058691842196,134.39617683473224,0.38635806194972105,133.93198605063063,0.3850236203313336,133.93198605063063,0.3850236203313336,135.8319191921421,0.39048549062911064,136.2691178169691,0.3917423360048758,136.59346547958955,0.3926747608496841,135.89573498704502,0.3906689463450481,133.27547333334567,0.38313629743964545,130.2828524983633,0.37453320162854986,130.2828524983633,0.37453320162854986,130.60945847597364,0.375472118608948,131.37488017152933,0.37767252973547005,131.42102735827186,0.3778051922713709,131.42102735827186,0.3778051922713709,137.00484096592095,0.3938573706483845,137.07990158008732,0.39407315263043996,137.07990158008732,0.39407315263043996,137.07990158008732,0.39407315263043996,137.58749005713568,0.3955323526231717,137.38819176543464,0.3949594159255289,141.0613608169855,0.4055189311542697,141.3753018134844,0.4064214392302474,142.53573969062876,0.409757430921275
Hazır Pakette Toz Tatlılar (Puding),35.0,0.0009063831835891,0.0,100.0,0.09063831835891,100.0,0.09063831835891,100.0,0.09063831835891,100.0,0.09063831835891,100.0,0.09063831835891,100.0,0.09063831835891,100.0,0.09063831835891,100.0,0.09063831835891,98.7425960596434,0.0894986285723921,98.8309905408038,0.08957874784363797,98.8309905408038,0.08957874784363797,98.74801528184449,0.0895035404642633,98.84626322769596,0.08959259075020524,98.84626322769596,0.08959259075020524,98.84626322769596,0.08959259075020524,98.84626322769596,0.08959259075020524,98.84626322769596,0.08959259075020524,98.84626322769596,0.08959259075020524,98.84626322769596,0.08959259075020524,99.07379137085944,0.08979881843296188,99.07379137085944,0.08979881843296188,100.3340191436062,0.09094106769367148,100.33385963327264,0.09094092311618754,100.3273057145948,0.09093498275451134,100.3273057145948,0.09093498275451134,100.3273057145948,0.09093498275451134,100.33468024353458,0.09094166690352924,100.5070440769886,0.09109789458363092,100.5070440769886,0.09109789458363092,100.54104093499394,0.09112870876402183,100.6421341899953,0.09122033799032934,100.6421341899953,0.09122033799032934,100.63473651968143,0.09121363286635911,100.6422361806592,0.09122043043295198,100.63483850284855,0.0912137253021868,100.64233817142627,0.09122052287566815,100.64233817142627,0.09122052287566815,100.64233817142627,0.09122052287566815,100.64233817142627,0.09122052287566815,100.64973585673374,0.09122722801322831,100.84363991774804,0.09140297939336131,100.85115514695524,0.09140979107073553,100.85115514695524,0.09140979107073553,100.85115514695524,0.09140979107073553,100.85115514700355,0.09140979107077932,100.85115514700355,0.09140979107077932,100.85109722856731,0.0914097385744827,100.85109722856731,0.0914097385744827,100.85109722856731,0.0914097385744827,100.85109722856731,0.0914097385744827,100.85109722856731,0.0914097385744827,100.85109722856731,0.0914097385744827,100.85109722856731,0.0914097385744827,100.85109722856731,0.0914097385744827,100.85109722856731,0.0914097385744827,100.85109722856731,0.0914097385744827,100.85109722856731,0.0914097385744827,100.85109722856731,0.0914097385744827,100.85109722856731,0.0914097385744827,0.0914097385744827,100.85109722856731,100.85109722856731,0.0914097385744827,100.85109722856731,0.0914097385744827,100.85109722856731,0.0914097385744827,101.42501633249508,0.09192992919902335,101.74971905139725,0.09222423428310193,101.74971905139725,0.09222423428310193,101.74971905139725,0.09222423428310193,101.74971905139725,0.09222423428310193,101.74971905139725,0.09222423428310193,101.74971905139725,0.09222423428310193,101.74971905139725,0.09222423428310193,102.03558196058854,0.09248333561680479,102.03558196058854,0.09248333561680479,102.03558196058854,0.09248333561680479,102.03558196058854,0.09248333561680479,102.03558196058854,0.09248333561680479,102.03558196058854,0.09248333561680479,102.03558196058854,0.09248333561680479,102.03558196058854,0.09248333561680479,102.03558196058854,0.09248333561680479,102.03558196058854,0.09248333561680479,102.03558196058854,0.09248333561680479,102.03558196058854,0.09248333561680479,102.03558196058854,0.09248333561680479,102.03558196058854,0.09248333561680479,102.03558196058854,0.09248333561680479,102.03558196058854,0.09248333561680479,102.03558196058854,0.09248333561680479,102.03558196058854,0.09248333561680479,102.03558196058854,0.09248333561680479,102.03558196058854,0.09248333561680479,102.03558196058854,0.09248333561680479,102.03558196058854,0.09248333561680479,103.56555656307482,0.09387007886781676,103.56555656307482,0.09387007886781676,103.56555656307482,0.09387007886781676,103.56555656307482,0.09387007886781676,103.70038351660362,0.09399228375118981,103.70038351660362,0.09399228375118981,103.70038351660362,0.09399228375118981,103.70038351660362,0.09399228375118981,103.70038351660362,0.09399228375118981,103.70038351660362,0.09399228375118981,103.70038351660362,0.09399228375118981,103.70038351660362,0.09399228375118981,103.70038351660362,0.09399228375118981,103.70038351660362,0.09399228375118981,103.70038351660362,0.09399228375118981,103.70038351660362,0.09399228375118981,103.70404180551793,0.09399559956274245,103.71890145131566,0.09400906809580761,103.71890145131566,0.09400906809580761,104.55207135809759,0.09476423928838724,104.91515922019732,0.09509333602075977,103.02788470627948,0.09338274213852833,103.02788470627948,0.09338274213852833,103.02788470627948,0.09338274213852833,103.02788470627948,0.09338274213852833,103.02788470627948,0.09338274213852833,103.02788470627948,0.09338274213852833,103.02788470627948,0.09338274213852833,103.65240248437526,0.09394879455044677,103.65240248437526,0.09394879455044677,103.65240248437526,0.09394879455044677,103.65240248437526,0.09394879455044677,105.55111697388271,0.0956697574341733,105.55111697388271,0.0956697574341733,105.55111697388271,0.0956697574341733,105.55111697388271,0.0956697574341733,105.55111697388271,0.0956697574341733,105.55111697388271,0.0956697574341733,105.55111697388271,0.0956697574341733,105.55111697388271,0.0956697574341733,105.55111697388271,0.0956697574341733,105.55111697388271,0.0956697574341733,105.55111697388271,0.0956697574341733,105.55111697388271,0.0956697574341733,105.55111697388271,0.0956697574341733,105.55111697388271,0.0956697574341733,105.55111697388271,0.0956697574341733,105.55111697388271,0.0956697574341733,105.55111697388271,0.0956697574341733,105.55111697388271,0.0956697574341733,105.55111697388271,0.0956697574341733,105.55111697388271,0.0956697574341733,105.55111697388271,0.0956697574341733,105.55111697388271,0.0956697574341733,105.55111697388271,0.0956697574341733,105.55111697388271,0.0956697574341733,105.55111697388271,0.0956697574341733,105.55111697388271,105.55111697388271,0.0956697574341733,0.0956697574341733,105.55111697388271,0.0956697574341733,105.55111697388271,0.0956697574341733,105.55111697388271,0.0956697574341733,105.55111697388271,0.0956697574341733,105.55111697388271,0.0956697574341733,105.55111697388271,0.0956697574341733,105.55111697388271,0.0956697574341733,105.55111697388271,0.0956697574341733,105.55111697388271,0.0956697574341733,105.55111697388271,0.0956697574341733,105.55111697388271,0.0956697574341733,105.55111697388271,0.0956697574341733,105.55111697388271,0.0956697574341733,105.55111697388271,0.0956697574341733,105.55111697388271,0.0956697574341733,105.55111697388271,0.0956697574341733,105.55111697388271,0.0956697574341733,105.55111697388271,0.0956697574341733,105.24590313916582,0.09539311674698717,105.24590313916582,0.09539311674698717,105.24590313916582,0.09539311674698717,105.24590313916582,0.09539311674698717,105.24590313916582,0.09539311674698717,105.24590313916582,0.09539311674698717,105.24590313916582,0.09539311674698717,105.24590313916582,0.09539311674698717,105.24590313916582,0.09539311674698717,105.24590313916582,0.09539311674698717,105.24590313916582,0.09539311674698717,105.55111697388273,0.09566975743417332,105.55111697388273,0.09566975743417332,105.55111697388273,0.09566975743417332,105.55111697388273,0.09566975743417332,105.55111697388273,0.09566975743417332,105.55111697388273,0.09566975743417332,105.55111697388273,0.09566975743417332,101.1674933130004,0.09169651466476629,101.1674933130004,0.09169651466476629,101.1674933130004,0.09169651466476629,101.1674933130004,0.09169651466476629,101.1674933130004,0.09169651466476629,101.1674933130004,0.09169651466476629,101.1674933130004,0.09169651466476629,101.1674933130004,0.09169651466476629,101.1674933130004,0.09169651466476629,101.1674933130004,0.09169651466476629,101.1674933130004,0.09169651466476629,101.1674933130004,0.09169651466476629,101.1674933130004,0.09169651466476629,101.17121421183796,0.09169988722490048,101.3726539796126,0.09188246884291751,102.64209109865845,0.09303306530024447,102.64209109865845,0.09303306530024447,102.52701319777513,0.09292876062608109,102.52701319777513,0.09292876062608109,102.52701319777513,0.09292876062608109,102.52701319777513,0.09292876062608109,101.41657735734115,0.09192228025385711,101.41657735734115,0.09192228025385711,101.41657735734115,0.09192228025385711,101.41657735734115,0.09192228025385711,99.87011984925174,0.09052059717438975,99.87011984925174,0.09052059717438975,99.87011984925174,0.09052059717438975,101.19515066847282,0.09172158282666903,101.19515066847282,0.09172158282666903,101.19515066847282,0.09172158282666903,101.29415960143999,0.09181132285853558,101.44071171100299,0.09194415522616299,101.44071171100299,0.09194415522616299,100.26427683100623,0.09087785443434626,99.82521386393307,0.09047989514445441,99.61705411648755,0.09029122264986963,100.06886507411463,0.0907007365040241,100.08494154085234,0.0907153079431267,100.08494154085234,0.0907153079431267,100.08494154085234,0.0907153079431267,99.46316292627621,0.09015173826295957,99.4641154655041,0.09015260162849743,99.97360896535804,0.090614397968913,100.10197955665842,0.09073075091413506,99.21490654422234,0.08992672285304727,99.21490654422234,0.08992672285304727,99.21490654422234,0.08992672285304727,98.76739750972985,0.08952110818967908,98.76739750972985,0.08952110818967908,100.84809510501869,0.09140701750018317,100.59093140767948,0.09117392864948531,102.93541053185018,0.09329892510190933,103.11020848923135,0.09345735903100535,103.11020848923135,0.09345735903100535,104.10676763532749,0.0943606234824788,104.10676763532749,0.0943606234824788,106.15080859550297,0.09621330783534918,108.60500679071828,0.09843775180868705,108.7372499940597,0.09855761482433967,108.7372499940597,0.09855761482433967,109.06852814820098,0.09885787977234377,109.34636109929048,0.09910970288705821,110.0968992089703,0.09978997800831475,109.71601255611785,0.09944474875131576,109.60812904924606,0.09934696495490056,109.60812904924606,0.09934696495490056,109.79843122908059,0.09951945165050292,109.79843122908059,0.09951945165050292,109.8396329120366,0.09955679616306982,109.8396329120366,0.09955679616306982,110.28931957448307,0.0999643845917956,110.25434567510943,0.0999326848375388,110.25434567510943,0.0999326848375388,110.4280515360983,0.10009012890882997,110.4280515360983,0.10009012890882997,110.46289446779063,0.10012170995618284,111.4950633027457,0.10105725043081089,110.96804472039308,0.1005795696503275,110.81821260595348,0.10044376434143784,111.20867022742434,0.10079766856344323,111.20867022742434,0.10079766856344323,111.20867022742434,0.10079766856344323,112.3543248551212,0.10183607065218869,112.3543248551212,0.10183607065218869,112.3543248551212,0.10183607065218869,112.2256631946762,0.1017194538867887,112.53981708018699,0.10200419768567486,112.53981708018699,0.10200419768567486,112.53981708018699,0.10200419768567486,112.53981708018699,0.10200419768567486,112.53981708018699,0.10200419768567486,113.45037314532429,0.10282951039083037,113.45037314532429,0.10282951039083037,113.45037314532429,0.10282951039083037
Hazır Sütlü Tatlılar,36.0,0.0008962247718599,0.1921017075696252,100.0,0.08962247718599001,100.0,0.08962247718599001,100.0,0.08962247718599001,100.0,0.08962247718599001,100.0,0.08962247718599001,100.0,0.08962247718599001,100.0,0.08962247718599001,100.0,0.08962247718599001,100.78420014142309,0.0903252967788294,100.78420014142309,0.0903252967788294,100.79817637873083,0.09033782262892201,100.79817637873083,0.09033782262892201,100.81215455419168,0.09035035021603542,100.81215455419168,0.09035035021603542,100.79838449210354,0.09033800914528198,100.784616310886,0.09032566976021136,100.798592605906,0.09033819566202711,100.798592605906,0.09033819566202711,100.81246503244394,0.09035062847433623,100.81246503244394,0.09035062847433623,101.5597175340327,0.09102033467709435,99.88805655722967,0.08952215069953195,100.19074763770612,0.08979342994407599,101.4049259107223,0.09088160658980715,101.4049259107223,0.09088160658980715,101.21348196521521,0.0907100297834211,101.21348196521521,0.0907100297834211,101.64203220018622,0.09109410711998851,101.85615756693932,0.09128601157795622,102.02144491128354,0.09143414619043246,101.85615756693932,0.09128601157795622,101.85615756693932,0.09128601157795622,101.8000856704272,0.09123575855529689,101.87056438811362,0.09129892332797639,101.88458434498328,0.09131148836062339,101.87066779832821,0.09129901600677237,101.88468776942963,0.09131158105217423,101.87077120864767,0.09129910868566234,101.87077120864767,0.09129910868566234,101.87087653408007,0.09129920308092396,101.89891653373775,0.0913243332232201,101.88510338396269,0.09131195353621428,101.88510338396269,0.09131195353621428,101.88510338396269,0.09131195353621428,101.88520872421334,0.0913120479447564,101.88520872421334,0.0913120479447564,101.88520872421334,0.0913120479447564,101.85737546033356,0.09128710308418563,101.85737546033356,0.09128710308418563,101.85737546033356,0.09128710308418563,101.85737546033356,0.09128710308418563,101.87139360207445,0.09129966649006925,101.87149892815033,0.09129976088590758,101.85758416884912,0.09128729013392736,101.85758416884912,0.09128729013392736,101.85758416884912,0.09128729013392736,101.8716023393135,0.0912998535655537,101.8717076656052,0.09129994796158546,101.85779287779224,0.09128747718405229,0.09128747718405229,101.85779287779224,101.22765112202192,0.09072272853274765,101.22765112202192,0.09072272853274765,100.59890794735095,0.09015923332446969,100.58541238672119,0.09014713826872316,100.52300502473635,0.09009120724496592,100.54734473539607,0.09011302109659906,100.54734473539607,0.09011302109659906,100.54734473539607,0.09011302109659906,100.54734473539607,0.09011302109659906,100.54734473539607,0.09011302109659906,100.42367904926999,0.09000218884526383,100.42367904926999,0.09000218884526383,100.42367904926999,0.09000218884526383,100.75472790460735,0.09029888303011303,105.60587850752387,0.0946466043724699,105.60587850752387,0.0946466043724699,106.02361571397138,0.09502099080501572,106.02361571397138,0.09502099080501572,106.02361571397138,0.09502099080501572,106.44531925205642,0.0953989319622285,106.44531925205642,0.0953989319622285,106.44531925205642,0.0953989319622285,106.44531925205642,0.0953989319622285,106.44531925205642,0.0953989319622285,107.82341513268514,0.09663401562844603,110.09767864501086,0.09867226692592945,110.54169664111244,0.09907020685318728,110.54169664111244,0.09907020685318728,110.54169664111244,0.09907020685318728,110.54169664111244,0.09907020685318728,110.54169664111244,0.09907020685318728,110.54169664111244,0.09907020685318728,110.54169664111244,0.09907020685318728,111.72412543845425,0.10012992883232552,111.72412543845425,0.10012992883232552,111.72412543845425,0.10012992883232552,113.24526687590526,0.10149321347007169,113.76736560928047,0.10196113128827923,113.76736560928047,0.10196113128827923,115.75284709071339,0.1037405689760085,115.75284709071339,0.1037405689760085,116.03685067171179,0.10399510002059618,116.03685067171179,0.10399510002059618,116.03685067171179,0.10399510002059618,116.03685067171179,0.10399510002059618,115.98893777428883,0.10395215929503415,115.98893777428883,0.10395215929503415,115.98893777428883,0.10395215929503415,115.98893777428883,0.10395215929503415,117.61705045214224,0.10541131420830553,117.6508992007905,0.10544165029534057,117.6508992007905,0.10544165029534057,119.58780389227468,0.10717755226058034,120.06918080542033,0.10760897417474292,118.144990925699,0.10588446753877455,118.1954491589851,0.10592968945738983,118.24844257675618,0.1059771834711418,118.24844257675618,0.1059771834711418,118.30071739916444,0.10602403346192865,118.30071739916444,0.10602403346192865,118.25021422633574,0.10597877126738206,118.25021422633574,0.10597877126738206,118.25021422633574,0.10597877126738206,118.25021422633574,0.10597877126738206,118.25021422633574,0.10597877126738206,118.20057379715618,0.10593428228506557,118.20057379715618,0.10593428228506557,118.20057379715618,0.10593428228506557,118.20057379715618,0.10593428228506557,118.57856249141916,0.10627304511634704,118.57856249141916,0.10627304511634704,119.38426620313048,0.10699513674156219,119.65847657243103,0.1072408908672302,119.65847657243103,0.1072408908672302,119.65847657243103,0.1072408908672302,119.65847657243103,0.1072408908672302,120.10309194020874,0.10763936617378218,120.10309194020874,0.10763936617378218,120.10309194020874,0.10763936617378218,120.39833583176079,0.10790397106313145,120.39833583176079,0.10790397106313145,120.86170830610632,0.10831925695323792,120.86170830610632,0.10831925695323792,120.86170830610632,0.10831925695323792,120.86170830610632,0.10831925695323792,120.86170830610632,0.10831925695323792,120.86170830610632,0.10831925695323792,120.86170830610632,0.10831925695323792,120.86170830610632,0.10831925695323792,120.86170830610632,0.10831925695323792,120.86170830610632,120.86170830610632,0.10831925695323792,0.10831925695323792,120.86170830610632,0.10831925695323792,120.86170830610632,0.10831925695323792,120.86170830610632,0.10831925695323792,120.86170830610632,0.10831925695323792,120.86170830610632,0.10831925695323792,120.86170830610632,0.10831925695323792,120.86170830610632,0.10831925695323792,120.86170830610632,0.10831925695323792,120.80636022193887,0.10826965262913207,120.80636022193887,0.10826965262913207,120.8579550924345,0.10831589323017114,120.8579550924345,0.10831589323017114,120.8579550924345,0.10831589323017114,120.8579550924345,0.10831589323017114,120.8579550924345,0.10831589323017114,120.8579550924345,0.10831589323017114,120.8579550924345,0.10831589323017114,120.8579550924345,0.10831589323017114,120.8579550924345,0.10831589323017114,120.8579550924345,0.10831589323017114,120.8579550924345,0.10831589323017114,120.8579550924345,0.10831589323017114,120.8579550924345,0.10831589323017114,120.8579550924345,0.10831589323017114,120.24634843712307,0.10776775619504668,120.24634843712307,0.10776775619504668,119.76402683541,0.10733548762758827,119.76402683541,0.10733548762758827,118.32863889758866,0.1060490574004839,119.28363987978383,0.10690495293787775,120.56710966081954,0.10805523034957554,120.12464698840193,0.10765868434193156,121.07366815013698,0.10850922061609776,121.07366815013698,0.10850922061609776,120.88564417848637,0.10834070887500101,120.84891041040197,0.10830778716208,121.34067625410181,0.10874851989315838,121.05641585766709,0.10849375868421487,121.05641585766709,0.10849375868421487,121.05641585766709,0.10849375868421487,121.05641585766709,0.10849375868421487,120.8773643011005,0.10833328824377982,120.8773643011005,0.10833328824377982,121.66925116860878,0.10904299687095129,121.66925116860878,0.10904299687095129,121.08915060166667,0.1085230963726878,121.08915060166667,0.1085230963726878,121.08915060166667,0.1085230963726878,121.08915060166667,0.1085230963726878,121.04423331119727,0.1084828403842843,122.16434204521023,0.10948670957888333,122.16434204521023,0.10948670957888333,122.16434204521023,0.10948670957888333,122.0408532641637,0.10937603587426264,122.0408532641637,0.10937603587426264,122.0408532641637,0.10937603587426264,122.0408532641637,0.10937603587426264,122.0408532641637,0.10937603587426264,120.20797721912642,0.10773336695895164,120.20797721912642,0.10773336695895164,119.6754497901058,0.10725610268536849,119.4874064543367,0.10708757358966907,119.4874064543367,0.10708757358966907,119.4874064543367,0.10708757358966907,119.4874064543367,0.10708757358966907,118.7421193604536,0.10641962883398355,118.6209379086081,0.10631102301494966,118.6209379086081,0.10631102301494966,118.6209379086081,0.10631102301494966,118.6209379086081,0.10631102301494966,119.59107989014453,0.10718048829102386,119.85442028796838,0.10741650047898503,121.16675986925969,0.10859265172083056,121.16675986925969,0.10859265172083056,122.07717197125393,0.10940858559923884,122.20188426233393,0.10952035584386013,123.45617999815681,0.11064448675354284,123.45617999815681,0.11064448675354284,123.45617999815681,0.11064448675354284,123.94198191783701,0.11107987446817733,124.44950070775793,0.11153472537988883,124.44950070775793,0.11153472537988883,124.44950070775793,0.11153472537988883,124.44950070775793,0.11153472537988883,124.44950070775793,0.11153472537988883,124.44950070775793,0.11153472537988883,124.8482111458854,0.11189205955133777,125.0630178343005,0.11208457462665657,125.0630178343005,0.11208457462665657,125.0630178343005,0.11208457462665657,125.04527935980943,0.11206867696640267,125.96891026775039,0.1128964578661548,125.96891026775039,0.1128964578661548,126.07616988279398,0.11299258659017704,126.07616988279398,0.11299258659017704,126.15756384074643,0.11306553387157375,126.15756384074643,0.11306553387157375,126.15756384074643,0.11306553387157375,126.15756384074643,0.11306553387157375,126.15756384074643,0.11306553387157375,125.33280985632148,0.11232636892004194,125.33280985632148,0.11232636892004194,125.33280985632148,0.11232636892004194,125.33280985632148,0.11232636892004194,125.33280985632148,0.11232636892004194,125.33280985632148,0.11232636892004194,125.33280985632148,0.11232636892004194,125.33280985632148,0.11232636892004194,125.9639617860429,0.11289202291426546,125.77587973605094,0.11272345912192047,125.77587973605094,0.11272345912192047,125.77587973605094,0.11272345912192047,125.77587973605094,0.11272345912192047,126.46017187966794,0.11333673869221915,127.31292139012922,0.11410099392768595,126.94719126161664,0.11377321752669747,126.94719126161664,0.11377321752669747,126.94719126161664,0.11377321752669747,126.94719126161664,0.11377321752669747,126.94719126161664,0.11377321752669747,127.2570606509601,0.11405093014946818,127.2570606509601,0.11405093014946818,127.57845820313123,0.11433897459733908,128.87860171797251,0.11550419542231284,129.14966079362813,0.11574712528055285,129.14966079362813,0.11574712528055285,133.04273462276652,0.11923619448490615,135.8914170872992,0.12178925427678325,138.08622901866906,0.12375629909925058,138.77090779371613,0.12436992517821446,139.03748907719776,0.1246088419281849
Hazır Çorbalar,37.0,0.0014131558577849,0.0,100.0,0.14131558577849002,100.0,0.14131558577849002,100.0,0.14131558577849002,100.0,0.14131558577849002,100.08336807002918,0.14143339785500397,100.08336807002918,0.14143339785500397,100.08336807002918,0.14143339785500397,100.08336807002918,0.14143339785500397,99.78126932683338,0.14100648524642737,99.78126932683338,0.14100648524642737,105.35904228220339,0.1488887477717027,105.35904228220339,0.1488887477717027,105.35885883101935,0.14888848852658734,106.24202459053491,0.1501365393930418,106.2416546454791,0.15013601660301915,102.92108773245647,0.14544353801871449,104.12418267204247,0.1471436986800618,104.12418267204247,0.1471436986800618,108.38915815993344,0.15317077377408395,108.38915815993344,0.15317077377408395,108.38915815993344,0.15317077377408395,105.10699278520124,0.14853256254856237,104.16106376655672,0.14719581741481613,104.16106376655672,0.14719581741481613,104.16106376655672,0.14719581741481613,104.16106376655672,0.14719581741481613,105.50020885246127,0.14908823813738603,105.50020885246127,0.14908823813738603,105.50020885246127,0.14908823813738603,105.59037785240855,0.14921566098785213,105.50020885246127,0.14908823813738603,105.50020885246127,0.14908823813738603,105.50020885246127,0.14908823813738603,105.50020885246127,0.14908823813738603,105.50020885246127,0.14908823813738603,105.50225343015238,0.1490911274443269,105.50225343015238,0.1490911274443269,105.50225343015238,0.1490911274443269,105.50225343015238,0.1490911274443269,107.57973958295884,0.15202693917063237,107.57973958295884,0.15202693917063237,107.57973958295884,0.15202693917063237,107.57973958295884,0.15202693917063237,107.57973958295884,0.15202693917063237,107.98532756667403,0.15260009820566667,107.98532756667403,0.15260009820566667,108.50769195349808,0.1533382804988053,108.50769151743584,0.1533382798825814,108.31834253283937,0.15307070025583325,107.85262168966656,0.15241256411821108,107.85262168966656,0.15241256411821108,107.85262168966656,0.15241256411821108,107.85262168966656,0.15241256411821108,107.85262168966656,0.15241256411821108,107.85262168966656,0.15241256411821108,107.85262168966656,0.15241256411821108,107.85262168966648,0.15241256411821094,107.85262169003194,0.15241256411872742,107.85262170545047,0.1524125641405162,0.1524125641405162,107.85262170545047,107.68978610649656,0.15218245205999856,107.69122832679936,0.1521844901420677,107.69123209224756,0.15218449546323287,107.69123209224756,0.15218449546323287,107.68503570769394,0.15217573900610382,107.68503570769394,0.15217573900610382,107.68503570769394,0.15217573900610382,107.68503570769394,0.15217573900610382,107.68503570769394,0.15217573900610382,107.68503570769394,0.15217573900610382,107.68503570769394,0.15217573900610382,107.68503570769394,0.15217573900610382,107.68503570769394,0.15217573900610382,108.20911354932268,0.15291634267793675,108.20911354932268,0.15291634267793675,108.20911354932268,0.15291634267793675,108.20911354932268,0.15291634267793675,108.20911354932268,0.15291634267793675,108.20911354932268,0.15291634267793675,108.20911354932268,0.15291634267793675,108.20911354932268,0.15291634267793675,108.20911354932268,0.15291634267793675,108.20911354932268,0.15291634267793675,108.20911354932268,0.15291634267793675,108.20911354932268,0.15291634267793675,108.20911354932268,0.15291634267793675,108.20911354932268,0.15291634267793675,108.20911354932268,0.15291634267793675,108.20911354932268,0.15291634267793675,108.20911354932268,0.15291634267793675,108.20911354932268,0.15291634267793675,108.20911354932268,0.15291634267793675,108.20911354932268,0.15291634267793675,108.47614334325613,0.15329369739543688,108.47614334325613,0.15329369739543688,108.47614334325613,0.15329369739543688,108.47614334325613,0.15329369739543688,108.47614334325613,0.15329369739543688,108.47614334325613,0.15329369739543688,108.47614334325613,0.15329369739543688,108.47614334325613,0.15329369739543688,108.47614334325613,0.15329369739543688,108.47614334325613,0.15329369739543688,108.47614334325613,0.15329369739543688,108.47614334325613,0.15329369739543688,108.47614334325613,0.15329369739543688,108.47614334325613,0.15329369739543688,108.47614334325613,0.15329369739543688,108.47614334325613,0.15329369739543688,108.4798072678804,0.15329887509198217,108.49611431304469,0.15332191948837925,108.49611431304469,0.15332191948837925,108.85128002797038,0.15382382399891084,109.36208530128113,0.15454567146307735,108.16798794249812,0.15285822578574765,108.16798794249812,0.15285822578574765,108.16798794249812,0.15285822578574765,104.7526974697782,0.14803188804818654,104.7526974697782,0.14803188804818654,104.7526974697782,0.14803188804818654,104.7526974697782,0.14803188804818654,104.7526974697782,0.14803188804818654,104.7526974697782,0.14803188804818654,104.7526974697782,0.14803188804818654,104.7526974697782,0.14803188804818654,100.414953367104,0.1419019795599206,100.414953367104,0.1419019795599206,99.97274298666635,0.14127706737043183,99.97274298666635,0.14127706737043183,100.4221468140126,0.14191214502155716,100.4221468140126,0.14191214502155716,101.3331613332762,0.1431995505259816,101.3331613332762,0.1431995505259816,101.3331613332762,0.1431995505259816,101.3331613332762,0.1431995505259816,101.3331613332762,0.1431995505259816,101.3331613332762,0.1431995505259816,101.3331613332762,0.1431995505259816,101.3331613332762,0.1431995505259816,101.3331613332762,0.1431995505259816,101.3331613332762,0.1431995505259816,101.3331613332762,0.1431995505259816,100.15824907352724,0.14153921638373407,100.15824907352724,0.14153921638373407,100.15824907352724,0.14153921638373407,100.15824907352724,0.14153921638373407,100.15824907352724,0.14153921638373407,100.15824907352724,0.14153921638373407,100.15824907352724,0.14153921638373407,102.4549329166015,0.1447847886100544,102.4549329166015,102.4549329166015,0.1447847886100544,0.1447847886100544,104.82785806025443,0.1481381016768926,104.82785806025443,0.1481381016768926,106.57366068916316,0.15060519288847127,106.57366068916316,0.15060519288847127,106.57366068916316,0.15060519288847127,106.57366068916316,0.15060519288847127,106.57366068916316,0.15060519288847127,112.2720283436328,0.15865787451919702,112.2720283436328,0.15865787451919702,116.3732485082037,0.16445353781882596,116.3732485082037,0.16445353781882596,116.3732485082037,0.16445353781882596,116.3732485082037,0.16445353781882596,116.3732485082037,0.16445353781882596,116.3732485082037,0.16445353781882596,116.3732485082037,0.16445353781882596,116.3732485082037,0.16445353781882596,116.3732485082037,0.16445353781882596,115.86541402511077,0.163735888544258,115.86541402511077,0.163735888544258,115.86541402511077,0.163735888544258,115.86541402511077,0.163735888544258,115.86541402511077,0.163735888544258,115.86541402511077,0.163735888544258,115.86541402511077,0.163735888544258,115.86541402511077,0.163735888544258,115.86541402511077,0.163735888544258,115.86541402511077,0.163735888544258,115.86541402511077,0.163735888544258,116.2263125703764,0.16424589443756618,116.2263125703764,0.16424589443756618,116.2263125703764,0.16424589443756618,116.2263125703764,0.16424589443756618,116.2263125703764,0.16424589443756618,116.2263125703764,0.16424589443756618,116.2263125703764,0.16424589443756618,116.2263125703764,0.16424589443756618,113.33670046388902,0.16016242216255738,113.33670046388902,0.16016242216255738,113.33670046388902,0.16016242216255738,113.33670046388902,0.16016242216255738,113.33670046388902,0.16016242216255738,113.33670046388902,0.16016242216255738,114.24068945080414,0.1614398994947895,115.32581143342773,0.1629733459809452,114.84412903863092,0.16229265368314624,114.84412903863092,0.16229265368314624,114.84412903863092,0.16229265368314624,114.84412903863092,0.16229265368314624,115.29886501975453,0.16293526649861662,114.92582589038693,0.16240810406776782,114.2378068602214,0.16143582594502193,113.43707920973274,0.16030427297524352,112.9945258657617,0.15967887612482856,112.9945258657617,0.15967887612482856,112.10412230482238,0.15842059711689463,113.15128506734196,0.1599004013088034,112.87992096513074,0.15951692153817104,110.69308861983352,0.1564265865994208,109.5762579573066,0.15484833080651708,109.53543289709427,0.15479063863353362,109.35515377500735,0.15453587613612016,110.80381167083462,0.15658305552753482,110.80381167083462,0.15658305552753482,108.26905298023874,0.15300104643584808,108.26905298023874,0.15300104643584808,108.26905298023874,0.15300104643584808,108.47590910269875,0.1532933663770211,108.47590910269875,0.1532933663770211,108.47590910269875,0.1532933663770211,113.33411771078785,0.16015877232988324,114.11254345154724,0.16125880922528793,115.09888805641322,0.1626526678814488,115.09888805641322,0.1626526678814488,115.64082370612726,0.16341850741938468,115.64082370612726,0.16341850741938468,115.64082370612726,0.16341850741938468,115.64082370612726,0.16341850741938468,115.71391405051017,0.1635217954676969,115.26442533336905,0.1628865978540607,113.87784398761085,0.16092714230300723,113.33441579997287,0.16015919357636121,112.69053376108448,0.1592492879013836,112.69053376108448,0.1592492879013836,114.44241893158778,0.1617249746922468,114.44241893158778,0.1617249746922468,110.90162591804562,0.15672128230395588,110.90162591804562,0.15672128230395588,110.90162591804562,0.15672128230395588,111.69032009515954,0.15783583010034524,111.46190283773707,0.1575130409149995,114.81276073460027,0.16224832538055656,114.81276073460027,0.16224832538055656,114.81276073460027,0.16224832538055656,114.81276073460027,0.16224832538055656,114.81276073460027,0.16224832538055656,114.81276073460027,0.16224832538055656,114.81276073460027,0.16224832538055656,114.6970469167668,0.16208480372105852,114.6970469167668,0.16208480372105852,114.6970469167668,0.16208480372105852,114.6970469167668,0.16208480372105852,114.6970469167668,0.16208480372105852,114.6970469167668,0.16208480372105852,114.6970469167668,0.16208480372105852,114.6970469167668,0.16208480372105852,114.6970469167668,0.16208480372105852,120.72092288882699,0.1705974793375451,120.72092288882699,0.1705974793375451,120.60666739711377,0.17043601852014645,120.60666739711377,0.17043601852014645,120.60666739711377,0.17043601852014645,120.60666739711377,0.17043601852014645,120.60666739711377,0.17043601852014645,120.60666739711377,0.17043601852014645,120.60666739711377,0.17043601852014645,120.60666739711377,0.17043601852014645,120.60666739711377,0.17043601852014645,120.60666739711377,0.17043601852014645,120.1644675106782,0.1698111211603182,120.07286537383348,0.1696816730640505,120.07286537383348,0.1696816730640505,115.76993598312532,0.16360096318993644,116.59510843522484,0.16476706047430362,116.59510843522484,0.16476706047430362,116.59510843522484,0.16476706047430362,116.59510843522484,0.16476706047430362,117.15558189334143,0.16555909682477402,117.15558189334143,0.16555909682477402,117.45635222215462,0.16598413217678426,117.45635222215462,0.16598413217678426
Ispanak,38.0,0.0032823981953969,0.0,100.0,0.32823981953969,100.0,0.32823981953969,100.0,0.32823981953969,100.0,0.32823981953969,94.87179487179488,0.31140700828124435,93.72144626615298,0.30763110609400807,93.72144626615298,0.30763110609400807,90.88140243990593,0.29830895136388663,96.4224900494854,0.3164970073341064,96.4224900494854,0.3164970073341064,96.4224900494854,0.3164970073341064,96.4224900494854,0.3164970073341064,96.4224900494854,0.3164970073341064,100.9222062517946,0.3312668676763643,100.9222062517946,0.3312668676763643,100.9222062517946,0.3312668676763643,100.9222062517946,0.3312668676763643,100.9222062517946,0.3312668676763643,102.19211183056404,0.33543520345644157,102.19211183056404,0.33543520345644157,102.19211183056404,0.33543520345644157,102.19211183056404,0.33543520345644157,102.19211183056404,0.33543520345644157,102.19211183056404,0.33543520345644157,102.19211183056404,0.33543520345644157,102.19211183056404,0.33543520345644157,101.96284727826976,0.33468266590372237,101.96284727826976,0.33468266590372237,93.2354524557298,0.30603588088770095,93.18247254383104,0.30586197972049217,93.2354524557298,0.30603588088770095,93.2354524557298,0.30603588088770095,90.12760404053883,0.295834684858111,87.51002590863524,0.28724275112164027,90.2941607377709,0.2963813902605368,90.2941607377709,0.2963813902605368,90.2941607377709,0.2963813902605368,90.2941607377709,0.2963813902605368,90.2941607377709,0.2963813902605368,90.2941607377709,0.2963813902605368,90.2941607377709,0.2963813902605368,86.94993256229787,0.2854043017323687,86.94993256229787,0.2854043017323687,86.94993256229787,0.2854043017323687,86.94993256229787,0.2854043017323687,86.94993256229787,0.2854043017323687,80.32773149709952,0.2636676009064062,80.32773149709952,0.2636676009064062,80.32773149709952,0.2636676009064062,80.32773149709952,0.2636676009064062,80.32773149709952,0.2636676009064062,80.32773149709952,0.2636676009064062,80.32773149709952,0.2636676009064062,80.32773149709952,0.2636676009064062,80.32773149709952,0.2636676009064062,80.32773149709952,0.2636676009064062,83.67472030947863,0.274653750944173,83.67472030947863,0.274653750944173,83.67472030947863,0.274653750944173,0.274653750944173,83.67472030947863,83.67472030947863,0.274653750944173,83.67472030947863,0.274653750944173,83.67472030947863,0.274653750944173,83.67472030947863,0.274653750944173,84.79038324693838,0.27831580095676206,84.79038324693838,0.27831580095676206,84.79038324693838,0.27831580095676206,84.79038324693838,0.27831580095676206,84.79038324693838,0.27831580095676206,84.24648789378016,0.27653051983107074,94.26027535683792,0.30939975772889966,94.26027535683792,0.30939975772889966,94.26027535683792,0.30939975772889966,94.26027535683792,0.30939975772889966,94.26027535683792,0.30939975772889966,94.26027535683792,0.30939975772889966,94.26027535683792,0.30939975772889966,94.26027535683792,0.30939975772889966,94.26027535683792,0.30939975772889966,94.26027535683792,0.30939975772889966,94.26027535683792,0.30939975772889966,94.26027535683792,0.30939975772889966,94.26027535683792,0.30939975772889966,94.26027535683792,0.30939975772889966,94.26027535683792,0.30939975772889966,94.26027535683792,0.30939975772889966,94.26027535683792,0.30939975772889966,94.26027535683792,0.30939975772889966,94.26027535683792,0.30939975772889966,96.42321852386308,0.31649939847708913,96.42321852386308,0.31649939847708913,96.42321852386308,0.31649939847708913,96.42321852386308,0.31649939847708913,96.42321852386308,0.31649939847708913,96.42321852386308,0.31649939847708913,96.42321852386308,0.31649939847708913,96.42321852386308,0.31649939847708913,96.42321852386308,0.31649939847708913,88.13737350071379,0.2893019557257655,88.13737350071379,0.2893019557257655,88.13737350071379,0.2893019557257655,88.13737350071379,0.2893019557257655,88.13737350071379,0.2893019557257655,88.13737350071379,0.2893019557257655,88.13737350071379,0.2893019557257655,88.13737350071379,0.2893019557257655,88.13737350071379,0.2893019557257655,88.13737350071379,0.2893019557257655,83.99864255221341,0.27571699272917455,84.00364305516239,0.27573340637103033,85.77774999310878,0.2815567317825867,90.0041400608832,0.29542942691409285,94.76749262308927,0.31106464676831724,95.1793809112399,0.312416628142048,95.1793809112399,0.312416628142048,95.1793809112399,0.312416628142048,95.1793809112399,0.312416628142048,95.1793809112399,0.312416628142048,95.1793809112399,0.312416628142048,95.1793809112399,0.312416628142048,95.1793809112399,0.312416628142048,95.1793809112399,0.312416628142048,95.1793809112399,0.312416628142048,95.1793809112399,0.312416628142048,101.84075483067987,0.3342819098740817,101.84075483067987,0.3342819098740817,101.84075483067987,0.3342819098740817,101.84075483067987,0.3342819098740817,101.84075483067987,0.3342819098740817,101.84075483067987,0.3342819098740817,101.84075483067987,0.3342819098740817,101.84075483067987,0.3342819098740817,101.84075483067987,0.3342819098740817,101.84075483067987,0.3342819098740817,101.84075483067987,0.3342819098740817,101.84075483067987,0.3342819098740817,101.84075483067987,0.3342819098740817,101.84075483067987,0.3342819098740817,101.84075483067987,0.3342819098740817,101.84075483067987,0.3342819098740817,93.70621375166739,0.3075811069159492,93.70621375166739,0.3075811069159492,91.85513574679507,0.3015051318132174,91.85513574679507,0.3015051318132174,91.85513574679507,0.3015051318132174,91.85513574679507,0.3015051318132174,94.01833333551495,0.30860560767471845,94.01833333551495,0.30860560767471845,94.01833333551495,0.30860560767471845,90.58406927695867,0.2973329855263969,90.58406927695867,90.58406927695867,0.2973329855263969,0.2973329855263969,90.10371087260623,0.2957562579668067,90.4453784783854,0.2968777470994418,88.74983965651657,0.2913123135303142,86.71408094172155,0.2846301427986075,85.68102656703846,0.28123924698340086,85.52747905282922,0.2807352428998528,84.7550023639399,0.27819966681025626,83.94540590857147,0.27554224886615525,83.88961545966427,0.2753591223973419,83.15780009567428,0.27295701296721736,82.44559880986648,0.27061928475192254,81.36818530306448,0.26708278460149937,80.9274574200755,0.2656361401937153,80.37180114288905,0.2638122550322175,81.16123209307445,0.2664034817584965,80.38429333963145,0.2638532593962613,80.13242044019492,0.26302651224568147,78.9052173620464,0.2589983430765812,78.4819177949288,0.25760890534136216,77.56630275009216,0.2546034921705121,79.36271055113605,0.26050001789485544,78.95699987842441,0.25916831391489353,77.31829116635357,0.253789419395611,77.13840610380015,0.2531989649909068,76.55806777397989,0.2512940635043851,76.53326605274891,0.25121265437937385,75.67332283340612,0.24838997830805926,74.74660492199868,0.2453481211080135,73.38244365808191,0.24087040063710274,72.34629514942952,0.23746934864213895,69.57343903377222,0.22836773073201017,68.19612722220928,0.22384684492723714,68.07882664722702,0.22346181773159635,68.79967684456075,0.22582793511847607,68.66806735605181,0.22539594037089722,67.38427317076925,0.22118201665386472,67.11197234010851,0.22028821689869882,65.87292563154652,0.21622117221850248,64.85082923932728,0.21286624486516037,63.89450238186536,0.20972719931401776,64.08362645207448,0.21034797982077832,64.28076683727393,0.21099507306539683,63.3637277677291,0.20798498567841445,64.28766360024463,0.21101771098772593,63.474681665445175,0.20834918055204993,62.20754221337216,0.20418992430124924,61.74363178010612,0.202667185532271,61.92819854736238,0.20327300715604318,61.59555745730283,0.20218114664231687,61.18709698119685,0.20084041671265565,60.755550117005996,0.19942390806440638,61.31662395344218,0.20126557581260893,58.81113953151894,0.19304157826749305,58.20012556883734,0.19103598713902467,58.536273816016624,0.19213935953895175,58.84473747701602,0.19315186010316168,59.657626733469016,0.19582008633160053,59.513582618627105,0.1953472761889859,59.422199393701106,0.19504732005639927,58.222645246873604,0.1911099056895718,58.119304416817116,0.19077069993548357,57.99995810816122,0.1903789578273242,58.85757052071836,0.19319398326265172,58.85757052071835,0.19319398326265166,56.98659248241802,0.18705268832610744,56.65252542260255,0.1859561472118276,56.58203987488256,0.18572478557718994,56.52437297027257,0.185535499833564,56.263688478523754,0.18467982952827972,56.52434020709476,0.18553539229176827,58.963730405857795,0.19354244227805695,59.28514565627192,0.1945974551159893,59.58238986740895,0.19557312897821766,59.00841454726897,0.19368911342318784,58.35386348052906,0.19154061618292564,58.42313569469291,0.1917679951736882,57.97421773675527,0.19029446767867245,58.91850642176812,0.19339399915429234,58.65200931378401,0.1925192495279668,58.67828536288621,0.192605497984122,57.807557535689554,0.18974742253544985,57.7369881240555,0.189515785626052,57.75219586236634,0.18956570347883958,58.02812190191459,0.19047140261311576,59.12700317490134,0.19407836852052293,59.31266763550658,0.19468779321096288,59.088819873965356,0.19395303572243636,57.86839381276575,0.18994711142153942,57.78943988541525,0.18968795319288465,57.749903632253904,0.18955817946685508,58.55430411850321,0.1921985421712962,58.92034788843933,0.1934000435811708,59.52973880797757,0.19540030723575438,58.936053463492,0.19345159553238134,58.94250808750616,0.1934727821785974,60.1007689324892,0.19727465548596862,60.10076893248919,0.19727465548596856,60.136765561424376,0.1973928107558258,61.1169396346265,0.20061013236487926,62.60657177783302,0.20549969822354558,62.432674777031934,0.20492889902193118,61.8467205293686,0.2030055638568159,59.71085635820926,0.1959948071557896,59.80923462797262,0.1963177238109271,61.736418248686455,0.20264350784975665,61.777936235066036,0.2027797864133255,61.878781263071346,0.20311079995126488,61.802285461353925,0.2028597102697522,62.06127431880424,0.203709814828075,61.60864845253317,0.20222411650143687,61.50760546238864,0.20189245317292898,63.35323338342398,0.2079505389303095,64.16543676743026,0.21061651385226698,63.92249548071439,0.2098190838111634,64.20395881374785,0.21074295854758282,63.92715044475441,0.209834363256728,63.791358424357504,0.20938863977402788,63.31880020976624,0.20783751554323354,63.209807024979185,0.20747975651017794,62.98631194040104,0.20674615664787857,62.477412205596,0.20507574507671655,62.26363297216943,0.20437403650670385,61.55313584552897,0.20204190202038452,61.50626463070594,0.20188805202943336,61.453786825743876,0.20171579897712746,61.44142669675317,0.2016752281120335,63.22795165986934,0.20753931442699755,63.95915317289826,0.20993940895383514,59.54297726860903,0.1954437611350409,62.23130188323239,0.20426791299872168,62.79616619480949,0.20612202259568646
Kabak,39.0,0.0027315671935045,0.0,100.0,0.27315671935045,97.91666666666666,0.2674659543639823,97.91666666666666,0.2674659543639823,97.91666666666666,0.2674659543639823,97.91666666666666,0.2674659543639823,99.08234126984124,0.27065007286831533,99.08234126984124,0.27065007286831533,111.46729351998901,0.30448040212793875,111.46729351998901,0.30448040212793875,111.46729351998901,0.30448040212793875,111.46729351998901,0.30448040212793875,111.46729351998901,0.30448040212793875,113.94434448709994,0.31124663328633756,113.94434448709994,0.31124663328633756,113.94434448709994,0.31124663328633756,113.94434448709994,0.31124663328633756,113.94434448709994,0.31124663328633756,113.94434448709994,0.31124663328633756,112.82724307055967,0.30819519570509873,110.4766755065897,0.30177446246124257,110.4766755065897,0.30177446246124257,109.87253736705378,0.3001242185389414,108.56453096982692,0.29655131117538247,108.56453096982692,0.29655131117538247,108.56453096982692,0.29655131117538247,108.56453096982692,0.29655131117538247,109.12127215428762,0.29807208713012817,109.12127215428762,0.29807208713012817,109.93561000618524,0.30029650569080063,109.86810038022654,0.30011209861128607,109.93561000618526,0.3002965056908007,109.93561000618526,0.3002965056908007,111.86594094206939,0.3055693343478686,111.86594094206939,0.3055693343478686,111.86594094206939,0.3055693343478686,102.81255169030857,0.2808393932777325,102.81255169030857,0.2808393932777325,102.81255169030857,0.2808393932777325,102.81255169030857,0.2808393932777325,102.81255169030857,0.2808393932777325,100.81194940535352,0.27537461370889915,97.21152264087661,0.26553980607643846,98.68442449907174,0.2695631364715361,98.68442449907174,0.2695631364715361,98.68442449907174,0.2695631364715361,98.68442449907174,0.2695631364715361,98.05119473031758,0.2678334268092568,98.05119473031758,0.2678334268092568,96.68937258128533,0.26411351810357253,94.33207670699412,0.25767440602797514,92.9028028174942,0.25377024836088463,92.9028028174942,0.25377024836088463,92.9028028174942,0.25377024836088463,90.73507075175269,0.24784894256579734,90.73507075175252,0.24784894256579687,90.73507075110076,0.24784894256401657,92.49353226489761,0.2526522983461443,92.50884159109573,0.25269411679934173,92.6920624352661,0.2531945968464437,0.2531945968464437,92.6920624352661,91.97903570458394,0.25124691642082053,92.61777900808798,0.2529916866737429,92.61777900808798,0.2529916866737429,92.61777900808798,0.2529916866737429,92.61777900808798,0.2529916866737429,92.61777900808798,0.2529916866737429,92.61777900808798,0.2529916866737429,92.61777900808798,0.2529916866737429,92.61777900808798,0.2529916866737429,91.4138562340325,0.24970309072062,91.4138562340325,0.24970309072062,91.4138562340325,0.24970309072062,91.4138562340325,0.24970309072062,91.4138562340325,0.24970309072062,91.4138562340325,0.24970309072062,91.4138562340325,0.24970309072062,91.4138562340325,0.24970309072062,91.4138562340325,0.24970309072062,91.4138562340325,0.24970309072062,91.4138562340325,0.24970309072062,91.4138562340325,0.24970309072062,91.4138562340325,0.24970309072062,78.34539930279128,0.21400572249751498,78.34539930279128,0.21400572249751498,78.34539930279128,0.21400572249751498,78.34539930279128,0.21400572249751498,78.34539930279128,0.21400572249751498,78.34539930279128,0.21400572249751498,78.34539930279128,0.21400572249751498,71.8111708371707,0.19615703838596257,71.8111708371707,0.19615703838596257,71.8111708371707,0.19615703838596257,71.8111708371707,0.19615703838596257,71.8111708371707,0.19615703838596257,71.8111708371707,0.19615703838596257,71.8111708371707,0.19615703838596257,71.8111708371707,0.19615703838596257,71.8111708371707,0.19615703838596257,71.8111708371707,0.19615703838596257,71.8111708371707,0.19615703838596257,71.8111708371707,0.19615703838596257,71.8111708371707,0.19615703838596257,71.8111708371707,0.19615703838596257,71.8111708371707,0.19615703838596257,71.8111708371707,0.19615703838596257,75.73170791654304,0.206866248852894,75.73170791654304,0.206866248852894,75.73170791654304,0.206866248852894,75.73170791654304,0.206866248852894,75.96530092124173,0.2075043238411611,75.7993298023548,0.20705096257774033,75.7993298023548,0.20705096257774033,75.7993298023548,0.20705096257774033,75.7993298023548,0.20705096257774033,75.7993298023548,0.20705096257774033,75.7993298023548,0.20705096257774033,75.7993298023548,0.20705096257774033,75.7993298023548,0.20705096257774033,75.7993298023548,0.20705096257774033,75.7993298023548,0.20705096257774033,75.7993298023548,0.20705096257774033,75.7993298023548,0.20705096257774033,75.7993298023548,0.20705096257774033,75.7993298023548,0.20705096257774033,75.7993298023548,0.20705096257774033,91.4954809262247,0.2499260540519921,91.4954809262247,0.2499260540519921,91.4954809262247,0.2499260540519921,91.4954809262247,0.2499260540519921,91.4954809262247,0.2499260540519921,91.4954809262247,0.2499260540519921,91.4954809262247,0.2499260540519921,91.4954809262247,0.2499260540519921,91.4954809262247,0.2499260540519921,91.4954809262247,0.2499260540519921,91.4954809262247,0.2499260540519921,91.4954809262247,0.2499260540519921,91.4954809262247,0.2499260540519921,91.4954809262247,0.2499260540519921,91.4954809262247,0.2499260540519921,91.4954809262247,0.2499260540519921,91.4954809262247,0.2499260540519921,91.4954809262247,0.2499260540519921,91.4954809262247,0.2499260540519921,91.4954809262247,0.2499260540519921,91.4954809262247,0.2499260540519921,91.4954809262247,0.2499260540519921,91.4954809262247,0.2499260540519921,91.4954809262247,0.2499260540519921,91.4954809262247,0.2499260540519921,91.4954809262247,91.4954809262247,0.2499260540519921,0.2499260540519921,91.4954809262247,0.2499260540519921,91.4954809262247,0.2499260540519921,91.4954809262247,0.2499260540519921,91.4954809262247,0.2499260540519921,91.4954809262247,0.2499260540519921,91.4954809262247,0.2499260540519921,91.4954809262247,0.2499260540519921,91.4954809262247,0.2499260540519921,91.4954809262247,0.2499260540519921,91.4954809262247,0.2499260540519921,91.4954809262247,0.2499260540519921,91.4954809262247,0.2499260540519921,91.4954809262247,0.2499260540519921,91.4954809262247,0.2499260540519921,91.4954809262247,0.2499260540519921,91.4954809262247,0.2499260540519921,91.4954809262247,0.2499260540519921,91.4954809262247,0.2499260540519921,91.4954809262247,0.2499260540519921,91.4954809262247,0.2499260540519921,91.4954809262247,0.2499260540519921,91.4954809262247,0.2499260540519921,91.4954809262247,0.2499260540519921,91.4954809262247,0.2499260540519921,91.4954809262247,0.2499260540519921,91.4954809262247,0.2499260540519921,91.4954809262247,0.2499260540519921,91.4954809262247,0.2499260540519921,91.4954809262247,0.2499260540519921,91.4954809262247,0.2499260540519921,91.4954809262247,0.2499260540519921,91.4954809262247,0.2499260540519921,81.985873113628,0.2239499213280089,84.92269363337128,0.23197204391295045,84.92269363337128,0.23197204391295045,81.98587311362803,0.22394992132800898,93.87652425868151,0.25643003390524377,84.63308801218994,0.23118096669907703,84.63308801218994,0.23118096669907703,84.63308801218994,0.23118096669907703,84.63308801218994,0.23118096669907703,84.63308801218994,0.23118096669907703,93.17435493381082,0.25451201121314176,93.17435493381082,0.25451201121314176,89.95126042289293,0.24570791198555406,89.95126042289293,0.24570791198555406,89.95126042289293,0.24570791198555406,87.63446262925264,0.2393794231384626,87.63446262925264,0.2393794231384626,84.96578617107113,0.23208975407521623,81.60543587985346,0.22291073146104273,78.97510343707638,0.21572580165234234,78.97510343707638,0.21572580165234234,78.79486359102009,0.21523346440189264,78.79486359102009,0.21523346440189264,79.1711117373276,0.21626121149496316,79.1711117373276,0.21626121149496316,77.12060831224355,0.21066012360883493,75.85459217063446,0.2072019154499684,77.23157814343446,0.21096324515918477,80.76469564174386,0.22061419300836338,80.76469564174386,0.22061419300836338,84.61786343088708,0.2311393797322553,84.61786343088708,0.2311393797322553,84.85323254229863,0.23178230627535137,84.85323254229863,0.23178230627535137,84.85323254229863,0.23178230627535137,84.85323254229863,0.23178230627535137,84.85323254229863,0.23178230627535137,84.85323254229863,0.23178230627535137,88.20668105112185,0.24094247620715947,86.62602979528064,0.23662482109233196,86.214330803817,0.235500237633651,86.214330803817,0.235500237633651,86.214330803817,0.235500237633651,83.91021095587939,0.22920637944712202,79.61171241273605,0.21746474184534478,84.26038061274909,0.23016289139398802,85.82623805912601,0.23444013622421594,84.4472154875337,0.23067324340855216,85.41485389714157,0.23331641274341192,86.4002039358296,0.2360079625832105,83.40172550294793,0.22781741726552016,83.86370319513836,0.22907934037363845,82.27822420655771,0.22474849798244087,82.27822420655771,0.22474849798244087,82.22396489197801,0.22460028501879292,74.00120318653988,0.202139258904213,74.00120318653988,0.202139258904213,74.00120318653988,0.202139258904213,76.9629513122571,0.21022947291984562,79.89074305695752,0.21822693279908256,79.97283512306956,0.21845117279372123,79.97283512306956,0.21845117279372123,79.97283512306956,0.21845117279372123,81.98272489317189,0.22394132175229306,81.98272489317189,0.22394132175229306,81.98272489317189,0.22394132175229306,81.98272489317189,0.22394132175229306,81.98272489317189,0.22394132175229306,81.98272489317189,0.22394132175229306,78.71852654611297,0.2150249446343753,75.28265964216352,0.2056396433182991,75.28265964216352,0.2056396433182991,75.28265964216352,0.2056396433182991,75.28265964216352,0.2056396433182991,77.17252906472093,0.21080194863296423,74.73780195506468,0.20415132793509116,72.82178092409526,0.19891758774483043,72.12590855859796,0.19701676562037163,72.12590855859796,0.19701676562037163,74.7378019550647,0.20415132793509122,72.24461456716419,0.197341019059043,71.28564839798621,0.19472153853163574,74.02883955482038,0.20221474950115562,68.53380379226004,0.18720469008501184,68.53380379226004,0.18720469008501184,68.53380379226004,0.18720469008501184,68.53380379226004,0.18720469008501184,70.09323144518552,0.1914643715023868,69.42272170780186,0.18963282910082424,69.01964916138557,0.1885318093564312,74.61266946284167,0.20380952012449333,74.61266946284167,0.20380952012449333,74.61266946284167,0.20380952012449333,76.43475658427727,0.20878667352911387,77.8411084213776,0.2126282180698619,75.04785405103411,0.20499825606871855,69.92688157784369,0.191009975662112,72.48807002964949,0.19800603401344732,72.48807002964949,0.19800603401344732
Kabak Çekirdeği,40.0,0.0012904008427521,0.0,100.0,0.12904008427521,100.0,0.12904008427521,100.0,0.12904008427521,100.0,0.12904008427521,100.0,0.12904008427521,100.0,0.12904008427521,100.0,0.12904008427521,100.0,0.12904008427521,100.0,0.12904008427521,100.0,0.12904008427521,100.0,0.12904008427521,100.0,0.12904008427521,100.0,0.12904008427521,100.0,0.12904008427521,100.0,0.12904008427521,100.0,0.12904008427521,100.0,0.12904008427521,100.0,0.12904008427521,100.0,0.12904008427521,100.0,0.12904008427521,100.0,0.12904008427521,100.0,0.12904008427521,100.0,0.12904008427521,100.0,0.12904008427521,100.0,0.12904008427521,100.0,0.12904008427521,100.0,0.12904008427521,100.0,0.12904008427521,100.0,0.12904008427521,100.05127137230716,0.1291062448972442,100.0,0.12904008427521,100.0,0.12904008427521,100.0,0.12904008427521,100.0,0.12904008427521,100.0,0.12904008427521,100.0,0.12904008427521,100.0,0.12904008427521,100.0,0.12904008427521,100.0,0.12904008427521,100.0,0.12904008427521,100.0,0.12904008427521,100.0,0.12904008427521,100.0,0.12904008427521,100.0,0.12904008427521,100.0,0.12904008427521,100.0,0.12904008427521,100.0,0.12904008427521,100.0,0.12904008427521,100.0,0.12904008427521,100.0,0.12904008427521,100.0,0.12904008427521,100.83333333333331,0.13011541831083673,100.83333333333331,0.13011541831083673,100.83333333333331,0.13011541831083673,100.83333333333331,0.13011541831083673,100.83333333333331,0.13011541831083673,100.83333333333331,0.13011541831083673,100.61987567204298,0.1298399723648158,100.61987567204298,0.1298399723648158,0.1298399723648158,100.61987567204298,100.61987567204298,0.1298399723648158,100.61987567204298,0.1298399723648158,100.61987567204298,0.1298399723648158,100.61987567204298,0.1298399723648158,100.61987567204298,0.1298399723648158,100.61987567204298,0.1298399723648158,100.61987567204298,0.1298399723648158,100.61987567204298,0.1298399723648158,100.61987567204298,0.1298399723648158,100.61987567204298,0.1298399723648158,100.61987567204298,0.1298399723648158,100.61987567204298,0.1298399723648158,100.61987567204298,0.1298399723648158,100.61987567204298,0.1298399723648158,100.61987567204298,0.1298399723648158,100.61987567204298,0.1298399723648158,100.61987567204298,0.1298399723648158,100.61987567204298,0.1298399723648158,100.61987567204298,0.1298399723648158,100.61987567204298,0.1298399723648158,100.61987567204298,0.1298399723648158,100.61987567204298,0.1298399723648158,100.61987567204298,0.1298399723648158,100.61987567204298,0.1298399723648158,100.61987567204298,0.1298399723648158,100.61987567204298,0.1298399723648158,100.61987567204298,0.1298399723648158,100.61987567204298,0.1298399723648158,100.61987567204298,0.1298399723648158,100.61987567204298,0.1298399723648158,100.61987567204298,0.1298399723648158,103.29664872686406,0.13329408257061304,104.81258063720898,0.13525024238527691,104.81258063720898,0.13525024238527691,104.81258063720898,0.13525024238527691,104.81258063720898,0.13525024238527691,104.81258063720898,0.13525024238527691,105.77025276518395,0.136486023306296,105.77025276518395,0.136486023306296,105.77025276518395,0.136486023306296,105.77025276518395,0.136486023306296,105.77025276518395,0.136486023306296,105.77025276518395,0.136486023306296,105.77025276518395,0.136486023306296,105.77025276518395,0.136486023306296,105.77025276518395,0.136486023306296,105.77025276518395,0.136486023306296,107.0478519403076,0.13813463835857495,107.0478519403076,0.13813463835857495,107.066059482819,0.1381581333867761,107.13114176392531,0.13824211561716393,107.13114176392531,0.13824211561716393,107.13114176392531,0.13824211561716393,107.63356628895562,0.13889044464768235,107.63356628895562,0.13889044464768235,107.63356628895562,0.13889044464768235,107.63356628895562,0.13889044464768235,107.63356628895562,0.13889044464768235,107.63356628895562,0.13889044464768235,107.63356628895562,0.13889044464768235,107.63356628895562,0.13889044464768235,107.63356628895562,0.13889044464768235,107.63356628895562,0.13889044464768235,107.63356628895562,0.13889044464768235,107.63356628895562,0.13889044464768235,107.63356628895562,0.13889044464768235,107.63356628895562,0.13889044464768235,107.63356628895562,0.13889044464768235,107.63356628895562,0.13889044464768235,107.63356628895562,0.13889044464768235,107.63356628895562,0.13889044464768235,108.38218079511523,0.13985645743732716,108.38218079511523,0.13985645743732716,108.38218079511523,0.13985645743732716,108.38218079511523,0.13985645743732716,108.38218079511523,0.13985645743732716,108.38218079511523,0.13985645743732716,108.38218079511523,0.13985645743732716,108.38218079511523,0.13985645743732716,108.38218079511523,0.13985645743732716,108.38218079511523,0.13985645743732716,108.38218079511523,0.13985645743732716,108.38218079511523,0.13985645743732716,108.38218079511523,0.13985645743732716,108.38218079511523,0.13985645743732716,108.38218079511523,0.13985645743732716,108.38218079511523,0.13985645743732716,108.38218079511523,0.13985645743732716,108.38218079511523,0.13985645743732716,108.38218079511523,0.13985645743732716,108.38218079511523,108.38218079511523,0.13985645743732716,0.13985645743732716,108.38218079511523,0.13985645743732716,108.38218079511523,0.13985645743732716,108.38218079511523,0.13985645743732716,108.38218079511523,0.13985645743732716,108.38218079511523,0.13985645743732716,108.38218079511523,0.13985645743732716,108.38218079511523,0.13985645743732716,108.38218079511523,0.13985645743732716,108.38218079511523,0.13985645743732716,108.38218079511523,0.13985645743732716,108.38218079511523,0.13985645743732716,108.38218079511523,0.13985645743732716,108.38218079511523,0.13985645743732716,108.38218079511523,0.13985645743732716,108.38218079511523,0.13985645743732716,108.38218079511523,0.13985645743732716,108.38218079511523,0.13985645743732716,107.27880975998548,0.13843266652372746,108.32058575934758,0.13977697515126325,108.32058575934758,0.13977697515126325,107.33338943980266,0.13850309618856071,107.33338943980266,0.13850309618856071,107.33338943980266,0.13850309618856071,108.3205857593476,0.13977697515126325,108.3205857593476,0.13977697515126325,108.3205857593476,0.13977697515126325,108.3205857593476,0.13977697515126325,108.3205857593476,0.13977697515126325,108.3205857593476,0.13977697515126325,108.3205857593476,0.13977697515126325,108.3205857593476,0.13977697515126325,108.3205857593476,0.13977697515126325,108.3205857593476,0.13977697515126325,108.3205857593476,0.13977697515126325,108.3205857593476,0.13977697515126325,108.3205857593476,0.13977697515126325,108.3205857593476,0.13977697515126325,108.3205857593476,0.13977697515126325,108.3205857593476,0.13977697515126325,108.26359804595225,0.1397034381578714,108.27981012368409,0.1397243582366393,108.27981012368409,0.1397243582366393,108.27981012368409,0.1397243582366393,108.31743463656322,0.13977290893976668,108.91996712651716,0.14055041737258878,108.91996712651716,0.14055041737258878,108.91996712651716,0.14055041737258878,108.91996712651716,0.14055041737258878,108.90336801122169,0.14052899786022255,108.98277326714249,0.1406314624693817,109.05555822079029,0.1407253842349085,109.56791642625454,0.14138653169503052,109.56791642625454,0.14138653169503052,109.6316266337408,0.1414687434004627,109.6316266337408,0.1414687434004627,109.6316266337408,0.1414687434004627,109.07991684257445,0.14075681662098705,109.07991684257445,0.14075681662098705,109.07991684257445,0.14075681662098705,109.07991684257445,0.14075681662098705,109.07991684257445,0.14075681662098705,109.51644859239744,0.1413201175588467,110.84228593612322,0.14303097918454263,110.84228593612322,0.14303097918454263,111.71327206513956,0.14415490041945073,111.71327206513956,0.14415490041945073,111.71327206513956,0.14415490041945073,111.71216349608608,0.14415346992100986,111.71216349608608,0.14415346992100986,111.71216349608608,0.14415346992100986,111.71216349608608,0.14415346992100986,111.71216349608608,0.14415346992100986,110.84351734725244,0.14303256819850158,110.84351734725244,0.14303256819850158,110.84351734725244,0.14303256819850158,110.84351734725244,0.14303256819850158,110.84351734725244,0.14303256819850158,111.606805051819,0.14401751529573656,111.606805051819,0.14401751529573656,111.606805051819,0.14401751529573656,111.606805051819,0.14401751529573656,111.606805051819,0.14401751529573656,111.606805051819,0.14401751529573656,111.606805051819,0.14401751529573656,111.606805051819,0.14401751529573656,111.606805051819,0.14401751529573656,112.23710178794772,0.14483085073522098,112.23710178794772,0.14483085073522098,112.23710178794772,0.14483085073522098,112.23710178794772,0.14483085073522098,112.23710178794772,0.14483085073522098,112.23710178794772,0.14483085073522098,112.23710178794772,0.14483085073522098,112.23710178794772,0.14483085073522098,111.81141427229882,0.1442815432062786,111.81141427229882,0.1442815432062786,111.81141427229882,0.1442815432062786,112.2233446689972,0.14481309853733337,112.2233446689972,0.14481309853733337,112.2233446689972,0.14481309853733337,112.2233446689972,0.14481309853733337,112.2233446689972,0.14481309853733337,111.41844133231184,0.14377445059334062,111.41844133231184,0.14377445059334062,112.98322171982579,0.14579364452411056,112.98322171982579,0.14579364452411056,112.98322171982579,0.14579364452411056,113.87390564616886,0.14694298381328944,113.78305007104912,0.14682574370258616,113.78305007104912,0.14682574370258616,113.78305007104912,0.14682574370258616,113.78305007104912,0.14682574370258616,113.78305007104912,0.14682574370258616,114.06053237362204,0.14718380709967507,111.86999720201828,0.14435713866815947,112.53217775093138,0.14521161700653099,112.55953208953136,0.14524691506811332,112.55953208953136,0.14524691506811332,112.55953208953136,0.14524691506811332,113.1978905472889,0.1460706533599816,113.1978905472889,0.1460706533599816,113.1978905472889,0.1460706533599816,111.9845324245384,0.14450493501582423,111.9845324245384,0.14450493501582423,111.9845324245384,0.14450493501582423,111.9845324245384,0.14450493501582423,113.10817285832084,0.14595488157852743,113.10817285832084,0.14595488157852743,114.82607256230008,0.14817166080430583,114.82607256230008,0.14817166080430583,114.82607256230008,0.14817166080430583
Kabartma Maddeleri,41.0,0.000844130712044,-0.06378253479807361,100.0,0.0844130712044,100.0,0.0844130712044,100.0,0.0844130712044,100.0,0.0844130712044,100.0,0.0844130712044,100.0,0.0844130712044,100.0,0.0844130712044,100.0,0.0844130712044,100.0,0.0844130712044,100.0,0.0844130712044,100.0,0.0844130712044,100.0,0.0844130712044,100.0,0.0844130712044,100.0,0.0844130712044,100.0,0.0844130712044,100.0,0.0844130712044,100.0,0.0844130712044,100.0,0.0844130712044,100.0,0.0844130712044,100.0,0.0844130712044,100.0,0.0844130712044,100.0,0.0844130712044,100.0,0.0844130712044,100.0,0.0844130712044,100.0,0.0844130712044,100.0,0.0844130712044,100.0,0.0844130712044,100.0,0.0844130712044,100.0,0.0844130712044,100.0198194994004,0.08442980145254123,100.0,0.0844130712044,100.0,0.0844130712044,100.0,0.0844130712044,100.0,0.0844130712044,100.0,0.0844130712044,100.0,0.0844130712044,100.0,0.0844130712044,100.0,0.0844130712044,100.0,0.0844130712044,100.0,0.0844130712044,100.0,0.0844130712044,100.0,0.0844130712044,100.0,0.0844130712044,100.0,0.0844130712044,100.0,0.0844130712044,100.0,0.0844130712044,100.0,0.0844130712044,100.0,0.0844130712044,100.0,0.0844130712044,100.0,0.0844130712044,100.0,0.0844130712044,100.0,0.0844130712044,100.0,0.0844130712044,100.0,0.0844130712044,100.0,0.0844130712044,100.0,0.0844130712044,100.0,0.0844130712044,100.0,0.0844130712044,100.0,0.0844130712044,0.0844130712044,100.0,100.0,0.0844130712044,100.0,0.0844130712044,100.0,0.0844130712044,100.0,0.0844130712044,100.0,0.0844130712044,100.0,0.0844130712044,100.0,0.0844130712044,100.0,0.0844130712044,100.0,0.0844130712044,100.0,0.0844130712044,100.0,0.0844130712044,100.0,0.0844130712044,100.0,0.0844130712044,100.0,0.0844130712044,100.0,0.0844130712044,100.0,0.0844130712044,100.0,0.0844130712044,100.0,0.0844130712044,100.0,0.0844130712044,100.0,0.0844130712044,100.0,0.0844130712044,100.0,0.0844130712044,100.0,0.0844130712044,100.0,0.0844130712044,100.0,0.0844130712044,102.07104405644756,0.08616130309844358,102.07104405644756,0.08616130309844358,102.07104405644756,0.08616130309844358,102.07104405644756,0.08616130309844358,102.0921593081516,0.0861791271308995,102.0921593081516,0.0861791271308995,102.0921593081516,0.0861791271308995,102.0921593081516,0.0861791271308995,102.79498643216792,0.08677240509153923,102.79498643216792,0.08677240509153923,102.99302117740179,0.08693957230204295,102.99302117740179,0.08693957230204295,103.61699278891675,0.08746628590276631,104.82387994280839,0.08848505641533762,104.82387994280839,0.08848505641533762,104.82387994280839,0.08848505641533762,104.82387994280839,0.08848505641533762,104.82387994280839,0.08848505641533762,104.82387994280839,0.08848505641533762,104.82387994280839,0.08848505641533762,104.82387994280839,0.08848505641533762,104.82387994280839,0.08848505641533762,104.82387994280839,0.08848505641533762,104.82387994280839,0.08848505641533762,104.82494211219371,0.08848595302513716,104.82387994280845,0.08848505641533767,104.82387994280845,0.08848505641533767,105.2367862198345,0.08883360328497111,106.02253119862539,0.08949687475340286,105.12922172330535,0.0887428047899253,105.12922172330535,0.0887428047899253,105.12922172330535,0.0887428047899253,105.12922172330535,0.0887428047899253,105.12922172330535,0.0887428047899253,105.12922172330535,0.0887428047899253,105.12922172330535,0.0887428047899253,105.57750656734335,0.08912121579452163,105.57750656734335,0.08912121579452163,105.57750656734335,0.08912121579452163,105.57750656734335,0.08912121579452163,103.55487074153518,0.08741384677467648,103.55487074153518,0.08741384677467648,103.55487074153518,0.08741384677467648,103.55487074153518,0.08741384677467648,103.55487074153518,0.08741384677467648,103.55487074153518,0.08741384677467648,106.399575074747,0.08981514906902523,106.399575074747,0.08981514906902523,106.399575074747,0.08981514906902523,106.399575074747,0.08981514906902523,106.399575074747,0.08981514906902523,106.399575074747,0.08981514906902523,106.399575074747,0.08981514906902523,106.399575074747,0.08981514906902523,106.399575074747,0.08981514906902523,106.399575074747,0.08981514906902523,105.7696390429939,0.08928340071799931,103.08870873050455,0.08702034510437733,103.08870873050455,0.08702034510437733,103.08870873050455,0.08702034510437733,103.08870873050455,0.08702034510437733,103.08870873050455,0.08702034510437733,103.08870873050455,0.08702034510437733,103.08870873050455,0.08702034510437733,103.08870873050455,0.08702034510437733,103.08870873050455,103.08870873050455,0.08702034510437733,0.08702034510437733,103.08870873050455,0.08702034510437733,103.08870873050455,0.08702034510437733,105.76963904299399,0.08928340071799938,105.86901934069071,0.08936729067945727,105.86901934069071,0.08936729067945727,105.86901934069071,0.08936729067945727,105.86901934069071,0.08936729067945727,105.86901934069071,0.08936729067945727,106.49954725524631,0.0898995386569347,106.49954725524631,0.0898995386569347,106.49954725524631,0.0898995386569347,106.49954725524631,0.0898995386569347,106.49954725524631,0.0898995386569347,106.49954725524631,0.0898995386569347,106.49954725524631,0.0898995386569347,106.49954725524631,0.0898995386569347,106.49954725524631,0.0898995386569347,106.49954725524631,0.0898995386569347,105.71985482781483,0.08924137633299165,105.71985482781483,0.08924137633299165,105.71985482781483,0.08924137633299165,105.71985482781483,0.08924137633299165,105.71985482781483,0.08924137633299165,105.71985482781483,0.08924137633299165,105.71985482781483,0.08924137633299165,105.71985482781483,0.08924137633299165,105.71985482781483,0.08924137633299165,105.71985482781483,0.08924137633299165,105.71985482781483,0.08924137633299165,106.49954725524633,0.08989953865693472,106.49954725524633,0.08989953865693472,106.49954725524633,0.08989953865693472,106.49954725524633,0.08989953865693472,106.49954725524633,0.08989953865693472,106.49954725524633,0.08989953865693472,106.49954725524633,0.08989953865693472,105.29743432809464,0.08888479821578087,105.29743432809464,0.08888479821578087,104.36249377912354,0.08809558618445908,104.36249377912354,0.08809558618445908,104.36249377912354,0.08809558618445908,104.36249377912354,0.08809558618445908,105.29743432809452,0.08888479821578077,105.12019125022674,0.08873518189025537,105.12019125022674,0.08873518189025537,105.077926365066,0.08869950480265017,105.077926365066,0.08869950480265017,105.077926365066,0.08869950480265017,105.077926365066,0.08869950480265017,105.11942264605474,0.08873453308786837,105.59079768220812,0.0891324352327763,105.06153480817903,0.08868566818606366,105.06153480817903,0.08868566818606366,105.06153480817903,0.08868566818606366,105.06153480817903,0.08868566818606366,105.06153480817903,0.08868566818606366,105.06153480817903,0.08868566818606366,104.11630156484873,0.08788776777532359,104.47994891617098,0.08819473367292817,104.47994891617098,0.08819473367292817,104.47994891617098,0.08819473367292817,104.94135969711544,0.08858422468399159,104.58171602571733,0.08828063841557218,104.58171602571733,0.08828063841557218,104.58171602571733,0.08828063841557218,104.58171602571733,0.08828063841557218,104.58171602571733,0.08828063841557218,104.58171602571733,0.08828063841557218,104.25431573355033,0.08800426977382184,104.25431573355033,0.08800426977382184,104.72648959347393,0.08840284623040771,103.9517200390776,0.08774883945478512,106.13773616936759,0.08959412280738648,106.13773616936759,0.08959412280738648,106.50794657652294,0.08990662878198463,106.50794657652294,0.08990662878198463,106.50794657652294,0.08990662878198463,106.97940181453231,0.09030459862774234,106.83427496601823,0.09018209259776945,106.49636030402093,0.08989684845352756,106.49636030402093,0.08989684845352756,106.49636030402093,0.08989684845352756,106.49636030402093,0.08989684845352756,106.49636030402093,0.08989684845352756,106.49636030402093,0.08989684845352756,106.11556944503089,0.08957541119458846,106.00620359828956,0.0894830921245054,106.00620359828956,0.0894830921245054,107.59462190369533,0.0908239247996713,107.79305092384001,0.09099142482973623,107.79305092384001,0.09099142482973623,107.79305092384001,0.09099142482973623,107.79305092384001,0.09099142482973623,110.50144448872341,0.09327766301815664,111.37355934858508,0.09401384195579582,111.81100110681852,0.0943830999786512,111.81100110681852,0.0943830999786512,111.81100110681852,0.0943830999786512,111.81100110681852,0.0943830999786512,112.11569551365525,0.0946403018852501,112.11569551365525,0.0946403018852501,111.71068464548728,0.09429841977271791,111.71068464548728,0.09429841977271791,111.71068464548728,0.09429841977271791,111.71068464548728,0.09429841977271791,111.89083160489825,0.09445048735383807,111.89083160489825,0.09445048735383807,112.74088207068608,0.09516804105879688,112.74088207068608,0.09516804105879688,112.74088207068608,0.09516804105879688,112.74088207068608,0.09516804105879688,112.74088207068608,0.09516804105879688,113.6830190291113,0.09596332780035534,114.14600454694906,0.09635414809519377,115.4839531846531,0.0974835516314172,115.4839531846531,0.0974835516314172,115.88400800753931,0.09782125019391676,115.88400800753931,0.09782125019391676,115.88400800753931,0.09782125019391676,116.37136355007827,0.09823264197505877,116.37136355007827,0.09823264197505877,116.37136355007827,0.09823264197505877,114.97917381840573,0.09705745186556168,115.15796440112271,0.09720837448745732,115.15796440112271,0.09720837448745732,115.15796440112271,0.09720837448745732,115.15796440112271,0.09720837448745732,114.9743193254277,0.09705335403894752,112.69947208115867,0.09513308561485137,112.69947208115867,0.09513308561485137,112.62758950116125,0.09507240732141459
Kahve,42.0,0.0042647190825107,-0.19438746167185217,100.0,0.42647190825106995,100.0,0.42647190825106995,100.0,0.42647190825106995,100.0,0.42647190825106995,100.0,0.42647190825106995,100.0,0.42647190825106995,100.0,0.42647190825106995,100.0,0.42647190825106995,100.54619837228532,0.42880129087219143,100.54619837228532,0.42880129087219143,100.54619837228532,0.42880129087219143,100.54619837228532,0.42880129087219143,100.54619837228532,0.42880129087219143,100.54619837228532,0.42880129087219143,100.54619837228532,0.42880129087219143,100.23394309783724,0.4274696098446381,100.23394309783724,0.4274696098446381,100.4155813699876,0.42824424604999206,100.4155813699876,0.42824424604999206,100.4155813699876,0.42824424604999206,100.4155813699876,0.42824424604999206,100.4155813699876,0.42824424604999206,100.4155813699876,0.42824424604999206,100.4155813699876,0.42824424604999206,100.4155813699876,0.42824424604999206,100.58344558829447,0.4289601397850761,100.58344558829447,0.4289601397850761,100.58344558829447,0.4289601397850761,100.27282625206071,0.42763543557444317,100.45226775831051,0.4284007031903412,101.51225805884123,0.43292126405229076,101.51225805884123,0.43292126405229076,101.90942733300021,0.4346150794347835,102.63213408227485,0.4376972206994743,102.63213408227485,0.4376972206994743,102.63213408227485,0.4376972206994743,102.63213408227485,0.4376972206994743,102.97538536683086,0.43916109100281664,102.97538536683086,0.43916109100281664,102.97538536683086,0.43916109100281664,102.97538536683086,0.43916109100281664,102.97538536683086,0.43916109100281664,104.6812465691213,0.44643610982433934,105.86347771452624,0.4514779935500863,105.86347771452624,0.4514779935500863,105.86347771452624,0.4514779935500863,105.86347771450431,0.45147799354999274,105.86347627142278,0.4514779873956554,105.79343032262112,0.45117926110114837,109.16501492226726,0.46555812228155846,109.16501492226726,0.46555812228155846,111.2210397189037,0.4743264904658891,111.2210397189037,0.4743264904658891,111.2210397189037,0.4743264904658891,111.82773237901004,0.4769138642306638,111.82773237901004,0.4769138642306638,111.82773237901004,0.4769138642306638,111.82773237901004,0.4769138642306638,111.82773237901004,0.4769138642306638,0.4769138642306638,111.82773237901004,111.82773237901004,0.4769138642306638,113.1868432478443,0.4827100902882289,113.55427581009067,0.48427708694797683,113.55427581009067,0.48427708694797683,113.25639883585497,0.4830067253317133,113.25639883585497,0.4830067253317133,113.51746577127444,0.4841201024730093,113.51746577127444,0.4841201024730093,113.80961032187436,0.4853660169128043,113.80961032187436,0.4853660169128043,114.6793445556129,0.48907518909614184,114.6793445556129,0.48907518909614184,115.18423469133343,0.49122840369252063,115.18423469133343,0.49122840369252063,115.18423469133343,0.49122840369252063,115.18423469133343,0.49122840369252063,115.18423469133343,0.49122840369252063,115.18423469133343,0.49122840369252063,115.18423469133343,0.49122840369252063,115.6033389277415,0.4930157655270912,115.6033389277415,0.4930157655270912,115.6033389277415,0.4930157655270912,116.00039962771267,0.4947091178711733,116.00039962771267,0.4947091178711733,116.00039962771267,0.4947091178711733,117.03637073883235,0.4991272436376952,117.03637073883235,0.4991272436376952,117.03637073883235,0.4991272436376952,117.03637073883235,0.4991272436376952,117.03637073883235,0.4991272436376952,117.03637073883235,0.4991272436376952,117.03637073883235,0.4991272436376952,117.03637073883235,0.4991272436376952,117.1604185481931,0.4996562726974197,117.1604185481931,0.4996562726974197,117.1604185481931,0.4996562726974197,118.78218810404636,0.5065726642697019,118.73848924578294,0.506386300914982,118.62967974129887,0.5059222589448503,118.87327366508558,0.5069611186000071,120.24421981413349,0.5128078188029462,120.24421981413349,0.5128078188029462,120.24421981413349,0.5128078188029462,120.24421981413349,0.5128078188029462,120.32738786097734,0.5131625071593764,120.32738786097734,0.5131625071593764,120.65087919099491,0.5145421068075291,120.65087919099491,0.5145421068075291,120.25843508990046,0.5128684429607728,120.27863267607417,0.5129545799919485,120.46711369210034,0.5137583985776863,119.62990012715665,0.5101879179111342,120.34001793008136,0.5132163708560977,121.92749284601534,0.5199865054230884,121.53771950692706,0.5183242316260248,121.43096462475779,0.5178689520428863,121.43096462475779,0.5178689520428863,124.18864725576925,0.5296296937828692,124.32671854536356,0.5302185290463489,124.18921135746392,0.529632099518131,124.2415730607469,0.5298554074733146,124.2415730607469,0.5298554074733146,124.37862345591498,0.5304398889088535,124.5131359182591,0.531013546773848,124.60671867534701,0.5314126509437948,124.9625016561061,0.5329299654110706,125.07912808334136,0.5334273443608258,125.07912808334136,0.5334273443608258,125.70372027600682,0.5360910546036735,125.70372027600682,0.5360910546036735,125.70372027600682,0.5360910546036735,126.0513769373307,0.5375737126013834,126.0513769373307,0.5375737126013834,126.26601564449771,0.5384890863916839,126.26601564449771,0.5384890863916839,125.81279153161822,0.5365562128688328,125.81279153161822,0.5365562128688328,125.81279153161822,0.5365562128688328,125.81279153161822,0.5365562128688328,125.89093528072128,0.5368894740068115,125.091249722625,0.5334790397471901,125.091249722625,0.5334790397471901,124.99517257763748,0.5330692977135687,124.99517257763748,0.5330692977135687,124.99517257763748,0.5330692977135687,125.48259150676493,0.5351480025217955,125.48259150676493,0.5351480025217955,126.8980461876292,0.5411845191097064,126.8980461876292,0.5411845191097064,126.8980461876292,0.5411845191097064,126.8980461876292,126.8980461876292,0.5411845191097064,0.5411845191097064,126.88226872960442,0.5411172326833946,126.89804618762936,0.5411845191097071,128.31177748690232,0.5472136859592591,128.31177748690232,0.5472136859592591,128.9759180937019,0.5500460590785475,128.9759180937019,0.5500460590785475,128.9759180937019,0.5500460590785475,128.840772743878,0.549469702126241,128.840772743878,0.549469702126241,129.89910618668824,0.5539831969554531,129.92472938551666,0.5540924727004516,130.17567872070273,0.555162701118963,130.17567872070273,0.555162701118963,130.17567872070273,0.555162701118963,130.17567872070273,0.555162701118963,130.17567872070273,0.555162701118963,130.17567872070273,0.555162701118963,130.17567872070273,0.555162701118963,129.70389365658562,0.5531506703531792,129.70389365658562,0.5531506703531792,129.70389365658562,0.5531506703531792,129.73989557051192,0.5533042084025076,129.82318420362247,0.5536594110254904,129.82318420362247,0.5536594110254904,129.9516310325552,0.5542072006679278,130.14765569769386,0.5550431907979875,130.14765569769386,0.5550431907979875,130.3304141560316,0.5558226042827505,130.81688680508432,0.5578972734722852,131.74422582711088,0.5618521138954787,131.74422582711088,0.5618521138954787,131.76313096995372,0.5619327390189182,131.83816177753934,0.5622527243358048,131.83816177753934,0.5622527243358048,131.83816177753934,0.5622527243358048,132.49980810314074,0.5650744600464701,132.0447147448632,0.5631336147171001,132.15740045579182,0.5636141876188236,134.19622656219408,0.5723092082207184,134.19622656219408,0.5723092082207184,134.19622656219408,0.5723092082207184,134.80028401970273,0.5748853435866884,134.9270763730478,0.5754260773555155,135.05340286669093,0.5759648243635821,135.1231671706144,0.5762623495218026,135.69171331194582,0.5786870391000265,135.67882954737388,0.5786320934634019,135.98728168765166,0.5799475551920859,136.0802955468605,0.5803442331723918,132.89447950365434,0.5667576226995618,134.1749072420737,0.5722182873093747,133.97317714745566,0.5713579651253405,133.47044668451343,0.5692139609266714,133.45512241800714,0.5691486072348765,133.15752183262936,0.5678794243394496,133.39722055130042,0.5689016720390194,133.7218937972231,0.5702863122264865,133.61726586702872,0.569840103496023,134.30357959052407,0.5727670387292025,134.10501212955518,0.5719202042892428,134.0564149447066,0.5717129509476628,134.78189682749934,0.5748069273772248,134.69511914595859,0.5744368449428219,134.69511914595859,0.5744368449428219,134.599542693248,0.5740292382211084,134.71543320114705,0.5745234786816273,134.56727078233482,0.5738916075868078,134.56727078233482,0.5738916075868078,134.66944459440376,0.5743273501928711,134.84593612365643,0.5750800369855765,136.86376217726675,0.5836854982615957,137.7700936310243,0.5875507473075152,139.7519740820857,0.5960029106864116,140.5135280981555,0.5992507246311071,140.66746128773354,0.5999072064421324,140.66746128773354,0.5999072064421324,140.21839507148874,0.5979920651804023,138.7381208289698,0.5916791113709827,138.47341953072782,0.5905502346932048,138.76572407728352,0.5917968314708055,139.2983311245744,0.5940682509088665,137.44660547348062,0.5861711611890724,137.44660547348062,0.5861711611890724,136.5219222620169,0.5822276470518657,136.5219222620169,0.5822276470518657,136.60977798943352,0.5826023270490873,137.56330585278687,0.586668855523636,137.8020371885277,0.5876869776067631,137.05335205221948,0.5844940458191574,136.70151604787054,0.5829935640974961,136.70151604787054,0.5829935640974961,137.33660427941302,0.5857020369976333,137.8436369564791,0.5878643889309735,138.21016183022036,0.5894275145542327,138.50745688748287,0.5906953944580763,139.14422688703732,0.5934110396263464,139.48652250832723,0.5948708342943214,139.2279963604737,0.5937682928982424,139.64922292118422,0.595564705849765,139.64922292118422,0.595564705849765,142.7684434917234,0.6088673053395033,141.17059684305184,0.6020529382459879,141.50292017300993,0.6034702038928237,141.47133096502523,0.60333548479473,141.66880181935667,0.6041776425154369,142.15917848901597,0.606268961256151,143.07206680639092,0.610162173483461,127.5395423137707,0.5439203198802187,127.27669558740524,0.5427993524305125,127.27669558740524,0.5427993524305125,127.27669558740524,0.5427993524305125,139.88229376438773,0.5965586875223519,139.85996674214698,0.5964634690445461,140.38348927946925,0.5986961455995887,140.32657316319302,0.5984534143524031,140.2924493457772,0.5983078858571017,140.1753635509822,0.5978085478337487,140.40286596002187,0.5987787816988972,140.40286596002187,0.5987787816988972,137.49768560131628,0.5863890035849902,136.44990600573897,0.5819205179494663,136.36822337695693,0.5815721644837899,138.4920130128753,0.5906295306713295,138.69911602478453,0.5915127668382641,138.69955550229207,0.591514641086377,138.7387697721115,0.5916818789311826,138.79417260961128,0.5919181564694931,139.08823446870738,0.5931722476914189,138.97723686984483,0.5926988741134368,138.76907540391153,0.5918111239374277,138.49932572064833,0.5906607173157139
Kakao,43.0,0.0001947362712422,0.6620862673220707,100.0,0.01947362712422,100.0,0.01947362712422,100.0,0.01947362712422,100.0,0.01947362712422,100.0,0.01947362712422,100.0,0.01947362712422,100.0,0.01947362712422,100.0,0.01947362712422,98.91375623663576,0.019262096064082353,98.91375623663576,0.019262096064082353,98.91375623663576,0.019262096064082353,98.91375623663576,0.019262096064082353,98.91375623663576,0.019262096064082353,98.91375623663576,0.019262096064082353,98.91375623663576,0.019262096064082353,98.91375623663576,0.019262096064082353,99.36018510486188,0.019349031957255583,99.36018510486188,0.019349031957255583,99.36018510486188,0.019349031957255583,99.36018510486188,0.019349031957255583,99.36018510486188,0.019349031957255583,102.23827984672388,0.01990950139556757,102.23827984672388,0.01990950139556757,102.23827984672388,0.01990950139556757,102.23827984672388,0.01990950139556757,102.23827984672388,0.01990950139556757,102.23827984672388,0.01990950139556757,102.23827984672388,0.01990950139556757,102.23827984672388,0.01990950139556757,102.3736167303048,0.01993585639563766,102.23827984672388,0.01990950139556757,102.23827984672388,0.01990950139556757,102.23827984672388,0.01990950139556757,102.23827984672388,0.01990950139556757,102.23827984672388,0.01990950139556757,102.23827984672388,0.01990950139556757,102.23827984672388,0.01990950139556757,102.23827984672388,0.01990950139556757,102.23827984672388,0.01990950139556757,102.23827984672388,0.01990950139556757,102.23827984672388,0.01990950139556757,102.23827984672388,0.01990950139556757,102.23827984672388,0.01990950139556757,102.23827984672388,0.01990950139556757,102.23827984672388,0.01990950139556757,102.23827984672388,0.01990950139556757,102.23827984672388,0.01990950139556757,102.23827984672388,0.01990950139556757,102.76048857647544,0.020011194376409514,102.76048857647544,0.020011194376409514,102.76048857647544,0.020011194376409514,102.76048857647544,0.020011194376409514,102.76048857647544,0.020011194376409514,102.76048857647544,0.020011194376409514,102.76048857647544,0.020011194376409514,102.76048857647544,0.020011194376409514,102.76048857647544,0.020011194376409514,102.76048857647544,0.020011194376409514,102.76048857647544,0.020011194376409514,0.020011194376409514,102.76048857647544,102.76048857647544,0.020011194376409514,102.76048857647544,0.020011194376409514,103.22254113302438,0.020101172768389783,105.31931960689911,0.020509491590013057,105.31931960689911,0.020509491590013057,106.3995177567134,0.020719845349910615,106.3995177567134,0.020719845349910615,106.3995177567134,0.020719845349910615,106.3995177567134,0.020719845349910615,106.3995177567134,0.020719845349910615,106.3995177567134,0.020719845349910615,106.3995177567134,0.020719845349910615,106.3995177567134,0.020719845349910615,106.3995177567134,0.020719845349910615,106.3995177567134,0.020719845349910615,106.3995177567134,0.020719845349910615,106.3995177567134,0.020719845349910615,106.3995177567134,0.020719845349910615,106.3995177567134,0.020719845349910615,106.3995177567134,0.020719845349910615,106.3995177567134,0.020719845349910615,106.3995177567134,0.020719845349910615,106.3995177567134,0.020719845349910615,106.3995177567134,0.020719845349910615,106.3995177567134,0.020719845349910615,112.2199148327609,0.02185328777364911,112.2199148327609,0.02185328777364911,112.2199148327609,0.02185328777364911,112.2199148327609,0.02185328777364911,113.58348150506903,0.02211882366300453,113.58348150506903,0.02211882366300453,113.58348150506903,0.02211882366300453,113.58348150506903,0.02211882366300453,114.77169421263068,0.022350211775117684,114.77169421263068,0.022350211775117684,115.98836157219459,0.02258714104006125,115.98836157219459,0.02258714104006125,115.98836157219459,0.02258714104006125,115.98836157219459,0.02258714104006125,115.98836157219459,0.02258714104006125,115.98836157219459,0.02258714104006125,115.98836157219459,0.02258714104006125,115.98836157219459,0.02258714104006125,115.98836157219459,0.02258714104006125,115.98836157219459,0.02258714104006125,115.98836157219459,0.02258714104006125,117.38373727944331,0.022858871302272814,117.38373727944331,0.022858871302272814,117.38373727944331,0.022858871302272814,117.38653245663471,0.02285941562465653,117.39652372852647,0.0228613612876897,117.39652372852647,0.0228613612876897,118.09541828756242,0.022997461408107822,118.5219934491227,0.02308053106447461,118.5219934491227,0.02308053106447461,118.5219934491227,0.02308053106447461,118.5219934491227,0.02308053106447461,118.5219934491227,0.02308053106447461,118.5219934491227,0.02308053106447461,118.5219934491227,0.02308053106447461,118.5219934491227,0.02308053106447461,119.64788211144068,0.02329978242440828,121.0303666420438,0.023569002306947955,121.0303666420438,0.023569002306947955,122.43665444259402,0.0238428575495205,122.43665444259402,0.0238428575495205,122.98009384653558,0.023948684912690164,122.43665444259406,0.023842857549520508,122.43665444259406,0.023842857549520508,122.43665444259406,0.023842857549520508,122.43665444259406,0.023842857549520508,122.43665444259406,0.023842857549520508,123.70323930767924,0.024089507563359,123.70323930767924,0.024089507563359,123.70323930767924,0.024089507563359,123.70323930767924,0.024089507563359,123.70323930767924,0.024089507563359,123.70323930767924,0.024089507563359,123.70323930767924,0.024089507563359,123.70323930767924,0.024089507563359,123.70323930767924,0.024089507563359,123.70323930767924,0.024089507563359,123.70323930767924,0.024089507563359,123.70323930767924,0.024089507563359,123.70323930767924,0.024089507563359,124.2523004931638,0.024196429691304085,123.74707477384466,0.02409804391858822,124.2523004931638,0.024196429691304085,123.74707477384466,0.02409804391858822,123.74707477384466,0.02409804391858822,123.74707477384466,123.74707477384466,0.02409804391858822,0.02409804391858822,123.74707477384466,0.02409804391858822,124.2733962699815,0.024200537804220525,123.74707477384462,0.02409804391858821,123.74707477384462,0.02409804391858821,123.74707477384462,0.02409804391858821,123.74707477384462,0.02409804391858821,123.74707477384462,0.02409804391858821,124.27339626998146,0.024200537804220514,123.74707477384462,0.02409804391858821,123.74707477384462,0.02409804391858821,124.27339626998146,0.024200537804220514,123.74707477384457,0.0240980439185882,123.74707477384457,0.0240980439185882,123.74707477384457,0.0240980439185882,123.74707477384457,0.0240980439185882,123.74707477384457,0.0240980439185882,123.74707477384457,0.0240980439185882,123.74707477384457,0.0240980439185882,123.74707477384457,0.0240980439185882,123.74707477384457,0.0240980439185882,123.74707477384457,0.0240980439185882,123.74707477384457,0.0240980439185882,123.74707477384457,0.0240980439185882,123.74707477384457,0.0240980439185882,123.74707477384457,0.0240980439185882,123.74707477384457,0.0240980439185882,123.74707477384457,0.0240980439185882,123.74707477384457,0.0240980439185882,123.74707477384457,0.0240980439185882,123.74707477384457,0.0240980439185882,124.5366830793391,0.024251809295742076,125.20842798287796,0.024382622393483187,125.20842798287796,0.024382622393483187,125.20842798287796,0.024382622393483187,125.20842798287796,0.024382622393483187,125.20842798287796,0.024382622393483187,124.21606387321408,0.02418937310705266,124.21606387321408,0.02418937310705266,124.21606387321408,0.02418937310705266,124.21606387321408,0.02418937310705266,124.21606387321408,0.02418937310705266,124.21606387321408,0.02418937310705266,124.17384167734642,0.02418115091406573,124.17384167734642,0.02418115091406573,124.17384167734642,0.02418115091406573,123.33139316631323,0.024017095632313586,123.33139316631323,0.024017095632313586,123.33139316631323,0.024017095632313586,123.33139316631323,0.024017095632313586,124.33341436344058,0.02421222550394781,124.49882044834322,0.024244436068162522,123.90245288746127,0.024128301673066562,123.90245288746127,0.024128301673066562,124.418798071774,0.024228852808933492,124.418798071774,0.024228852808933492,124.418798071774,0.024228852808933492,124.418798071774,0.024228852808933492,123.2858166329124,0.02400822022814296,121.93960846680238,0.023746064669558895,121.93960846680238,0.023746064669558895,121.93960846680238,0.023746064669558895,122.48976333905672,0.023853199777987433,123.51368656388738,0.024052594768829243,123.51368656388738,0.024052594768829243,124.06776871147274,0.02416049466021189,124.06776871147274,0.02416049466021189,124.06776871147274,0.02416049466021189,124.06776871147274,0.02416049466021189,124.06776871147274,0.02416049466021189,124.06776871147274,0.02416049466021189,124.91868109846938,0.024326198165609415,123.65793380057278,0.02408068493783835,124.09670198697205,0.024166129018397448,124.09670198697205,0.024166129018397448,124.9053852614065,0.024323608983876744,124.9053852614065,0.024323608983876744,124.68983219354566,0.024281632983186707,124.68983219354566,0.024281632983186707,125.81464775327032,0.024500675371122698,126.32583180779142,0.024600221447818604,126.32583180779142,0.024600221447818604,126.32583180779142,0.024600221447818604,126.32583180779142,0.024600221447818604,126.53727451464437,0.024641397012132506,126.53727451464437,0.024641397012132506,126.53727451464437,0.024641397012132506,126.8494360653906,0.02470218618855001,126.51736447171216,0.024637519804611614,129.02384802108335,0.025125623064946076,128.5418974067439,0.025031769799386726,128.5418974067439,0.025031769799386726,128.99684171815628,0.025120363958214022,129.4910324689006,0.025216600822296355,132.91877298584487,0.025884106229351892,136.54293131040916,0.02658986130786892,137.87722481041112,0.026849696648802008,137.87722481041112,0.026849696648802008,138.5839044854369,0.026987312813679176,138.9966190018246,0.027067683299688044,141.21188218365342,0.02749907539153752,140.42580269258636,0.027345997202547156,140.42580269258636,0.027345997202547156,140.42580269258636,0.027345997202547156,140.42580269258636,0.027345997202547156,140.42580269258636,0.027345997202547156,140.86826837140046,0.027432161318992062,141.16572350613274,0.027490086622791673,142.65045114408088,0.02777921694681593,142.65045114408088,0.02777921694681593,142.65045114408088,0.02777921694681593,143.02621323458706,0.02785239145519528,143.02621323458706,0.02785239145519528,143.63736275081908,0.02797140443315778,144.39137955648786,0.028118238854347673,146.65643461540216,0.028559327230678923,146.65643461540216,0.028559327230678923,147.44560879027517,0.028713008066854333,147.44560879027517,0.028713008066854333,147.44560879027517,0.028713008066854333,151.05994939194937,0.029416851278623656,151.05994939194937,0.029416851278623656,151.05994939194937,0.029416851278623656,149.01022440891342,0.029017695478355254,149.7024134093499,0.02915248978329512,149.7024134093499,0.02915248978329512,149.7024134093499,0.02915248978329512,148.99335055473807,0.02901440952691166,148.7292592386621,0.028962981368751584,148.7292592386621,0.028962981368751584,148.7292592386621,0.028962981368751584,149.71397523957114,0.029154741291001138
Kakaolu Toz İçecekler,44.0,5.6727620340150776e-05,0.0,100.0,0.005672762034015078,100.0,0.005672762034015078,100.0,0.005672762034015078,100.0,0.005672762034015078,100.0,0.005672762034015078,100.0,0.005672762034015078,100.0,0.005672762034015078,100.0,0.005672762034015078,100.0,0.005672762034015078,100.0,0.005672762034015078,100.0,0.005672762034015078,100.0,0.005672762034015078,100.63640395629764,0.0057088637160309,100.63640395629764,0.0057088637160309,100.63640395629764,0.0057088637160309,100.63640395629764,0.0057088637160309,100.63640395629764,0.0057088637160309,100.63640395629764,0.0057088637160309,100.63640395629764,0.0057088637160309,100.63640395629764,0.0057088637160309,100.63640395629764,0.0057088637160309,100.63640395629764,0.0057088637160309,100.63640395629764,0.0057088637160309,100.63640395629764,0.0057088637160309,100.63640395629764,0.0057088637160309,100.63640395629764,0.0057088637160309,100.63640395629764,0.0057088637160309,100.63640395629764,0.0057088637160309,100.63640395629764,0.0057088637160309,100.7264009743388,0.005713969032702085,100.6364039562977,0.005708863716030904,100.6364039562977,0.005708863716030904,100.6364039562977,0.005708863716030904,100.6364039562977,0.005708863716030904,100.6364039562977,0.005708863716030904,100.6364039562977,0.005708863716030904,97.8045891876425,0.005548221602961,97.8045891876421,0.005548221602960976,97.80458918764086,0.005548221602960906,97.80458918764086,0.005548221602960906,97.80458918764086,0.005548221602960906,97.80458918757203,0.005548221602957002,102.81049302297885,0.005832194615191264,102.81047403242034,0.005832193537902071,102.81047400596579,0.005832193536401367,102.38162057645354,0.005807865701870425,102.38162057645354,0.005807865701870425,102.38162057645354,0.005807865701870425,102.38162057645354,0.005807865701870425,101.79181149756857,0.005774407236370265,101.20536615190665,0.0057411395874513065,101.20536615190665,0.0057411395874513065,101.20536615190665,0.0057411395874513065,101.2053661519064,0.005741139587451293,101.20536615190578,0.005741139587451257,101.20536613857251,0.0057411395866948925,101.2053661252384,0.00574113958593848,101.20536604523384,0.0057411395814000125,101.20535249780454,0.005741138812886586,0.005741138812886586,101.20535249780454,101.20514768939898,0.005741127194593113,101.09449123514149,0.005734849917267807,100.98374136615453,0.005728567340747193,100.98374136615453,0.005728567340747193,100.98374136615453,0.005728567340747193,100.98374136615453,0.005728567340747193,100.98374136615453,0.005728567340747193,100.98374136615453,0.005728567340747193,100.98374136615453,0.005728567340747193,100.98374136615453,0.005728567340747193,100.98374136615453,0.005728567340747193,100.98374136615453,0.005728567340747193,100.98374136615453,0.005728567340747193,100.98374136615453,0.005728567340747193,100.98374136615453,0.005728567340747193,100.98374136615453,0.005728567340747193,100.98374136615453,0.005728567340747193,100.98374136615453,0.005728567340747193,100.98374136615453,0.005728567340747193,100.98374136615453,0.005728567340747193,100.98374136615453,0.005728567340747193,100.98374136615453,0.005728567340747193,100.98374136615453,0.005728567340747193,100.98374136615453,0.005728567340747193,100.98374136615453,0.005728567340747193,100.98374136615453,0.005728567340747193,100.98374136615453,0.005728567340747193,100.98374136615453,0.005728567340747193,100.98374136615453,0.005728567340747193,100.98374136615453,0.005728567340747193,100.98374136615453,0.005728567340747193,100.98374136615453,0.005728567340747193,100.98374136615453,0.005728567340747193,100.98374136615453,0.005728567340747193,100.98374136615453,0.005728567340747193,100.98374136615453,0.005728567340747193,100.98374136615453,0.005728567340747193,100.98374136615453,0.005728567340747193,100.98374136615453,0.005728567340747193,100.98374136615453,0.005728567340747193,100.98374136615453,0.005728567340747193,100.98374136615453,0.005728567340747193,100.98374136615453,0.005728567340747193,100.98374136615453,0.005728567340747193,100.98374136615453,0.005728567340747193,100.98374136615453,0.005728567340747193,100.98374136615453,0.005728567340747193,100.98374136615453,0.005728567340747193,100.98374136615453,0.005728567340747193,100.98374136615453,0.005728567340747193,100.98374136615453,0.005728567340747193,100.98374136615453,0.005728567340747193,100.98374136615453,0.005728567340747193,100.98374136615453,0.005728567340747193,100.98374136615453,0.005728567340747193,100.98374136615453,0.005728567340747193,100.98374136615453,0.005728567340747193,100.98374136615453,0.005728567340747193,100.98374136615453,0.005728567340747193,100.98374136615453,0.005728567340747193,100.98374136615453,0.005728567340747193,100.98374136615453,0.005728567340747193,100.98374136615453,0.005728567340747193,100.98374136615453,0.005728567340747193,100.98374136615453,0.005728567340747193,100.98374136615453,0.005728567340747193,100.98374136615453,0.005728567340747193,100.98374136615453,0.005728567340747193,100.98374136615453,0.005728567340747193,100.98374136615453,0.005728567340747193,100.98374136615453,0.005728567340747193,100.98374136615453,0.005728567340747193,100.98374136615453,0.005728567340747193,100.98374136615453,0.005728567340747193,100.98374136615453,0.005728567340747193,100.98374136615453,0.005728567340747193,100.98374136615453,0.005728567340747193,100.98374136615453,0.005728567340747193,100.98374136615453,0.005728567340747193,100.98374136615453,0.005728567340747193,100.98374136615453,0.005728567340747193,100.98374136615453,0.005728567340747193,100.98374136615453,0.005728567340747193,100.98374136615453,0.005728567340747193,100.98374136615453,0.005728567340747193,100.98374136615453,0.005728567340747193,100.98374136615453,0.005728567340747193,100.98374136615453,0.005728567340747193,100.98374136615453,0.005728567340747193,100.98374136615453,0.005728567340747193,100.98374136615453,100.98374136615453,0.005728567340747193,0.005728567340747193,100.98374136615453,0.005728567340747193,100.98374136615453,0.005728567340747193,100.98374136615453,0.005728567340747193,100.98374136615453,0.005728567340747193,100.98374136615453,0.005728567340747193,100.98374136615453,0.005728567340747193,100.98374136615453,0.005728567340747193,100.98374136615453,0.005728567340747193,100.98374136615453,0.005728567340747193,100.98374136615453,0.005728567340747193,100.98374136615453,0.005728567340747193,100.98374136615453,0.005728567340747193,100.98374136615453,0.005728567340747193,100.98374136615453,0.005728567340747193,100.98374136615453,0.005728567340747193,100.98374136615453,0.005728567340747193,100.98374136615453,0.005728567340747193,100.98374136615453,0.005728567340747193,100.98374136615453,0.005728567340747193,100.98374136615453,0.005728567340747193,100.98374136615453,0.005728567340747193,100.98374136615453,0.005728567340747193,100.98374136615453,0.005728567340747193,100.98374136615453,0.005728567340747193,100.98374136615453,0.005728567340747193,100.98374136615453,0.005728567340747193,100.98374136615453,0.005728567340747193,100.98374136615453,0.005728567340747193,100.98374136615453,0.005728567340747193,100.98374136615453,0.005728567340747193,100.98374136615453,0.005728567340747193,100.98374136615453,0.005728567340747193,100.98374136615453,0.005728567340747193,100.98374136615453,0.005728567340747193,100.98374136615453,0.005728567340747193,100.98374136615453,0.005728567340747193,100.98374136615453,0.005728567340747193,100.98374136615453,0.005728567340747193,100.98374136615453,0.005728567340747193,100.98374136615453,0.005728567340747193,100.98374136615453,0.005728567340747193,100.98374136615453,0.005728567340747193,100.98374136615453,0.005728567340747193,100.98374136615453,0.005728567340747193,100.98374136615453,0.005728567340747193,100.98374136615453,0.005728567340747193,100.98374136615453,0.005728567340747193,100.98374136615453,0.005728567340747193,100.98374136615453,0.005728567340747193,101.56601829871465,0.005761598525510291,102.68466306099377,0.005825056580880359,98.06048905711829,0.0055627381936017165,98.06048905711829,0.0055627381936017165,98.06048905711829,0.0055627381936017165,98.06048905711829,0.0055627381936017165,98.06048905711829,0.0055627381936017165,98.06048905711829,0.0055627381936017165,101.56214619911053,0.005761378870514029,100.20318867333296,0.0056842884439333285,100.20318867333296,0.0056842884439333285,99.71861853454624,0.005656799933072061,104.3266826299266,0.005918204443577878,101.23354410694074,0.005742738055786442,101.23354410694074,0.005742738055786442,99.85435088324186,0.005664499706216744,99.41789949935854,0.005639740857814877,99.41789949935854,0.005639740857814877,99.41789949935854,0.005639740857814877,99.24412418256162,0.005629882997619132,99.24412418256162,0.005629882997619132,100.56546517744009,0.005704839527916475,100.56546517744009,0.005704839527916475,102.6561056418078,0.005823436586446883,103.22942277664373,0.0058559595032063585,105.11796920445666,0.005963092247958078,105.11796920445666,0.005963092247958078,105.48138664003777,0.005983708054268715,105.64038884430416,0.005992727870945585,105.64038884430416,0.005992727870945585,105.64038884430416,0.005992727870945585,105.64038884430416,0.005992727870945585,104.74833836962326,0.005942123970293636,103.55550553754374,0.005874457402266163,103.55550553754374,0.005874457402266163,103.55550553754374,0.005874457402266163,103.55550553754374,0.005874457402266163,100.00884678754483,0.00567326389122015,100.00884678754483,0.00567326389122015,100.00884678754483,0.00567326389122015,102.17332859326747,0.0057960497933283485,102.17332859326747,0.0057960497933283485,102.17332859326747,0.0057960497933283485,102.17332859326747,0.0057960497933283485,102.17332859326747,0.0057960497933283485,102.17332859326747,0.0057960497933283485,102.17332859326747,0.0057960497933283485,102.17332859326747,0.0057960497933283485,102.17332859326747,0.0057960497933283485,102.17332859326747,0.0057960497933283485,102.17332859326747,0.0057960497933283485,102.17332859326747,0.0057960497933283485,102.17332859326747,0.0057960497933283485,102.17332859326747,0.0057960497933283485,102.17332859326747,0.0057960497933283485,102.17332859326747,0.0057960497933283485,102.17332859326747,0.0057960497933283485,102.17332859326747,0.0057960497933283485,99.98144214619595,0.0056717092911301534,99.98144214619595,0.0056717092911301534,99.98144214619595,0.0056717092911301534,99.98144214619595,0.0056717092911301534,95.47572922682035,0.005416110919278102,95.47572922682035,0.005416110919278102,95.47572922682035,0.005416110919278102,95.47572922682035,0.005416110919278102,94.89017702035427,0.005382893936020356,94.89017702035427,0.005382893936020356,94.89017702035427,0.005382893936020356,94.89017702035427,0.005382893936020356,94.89017702035427,0.005382893936020356,94.89017702035427,0.005382893936020356,94.89017702035427,0.005382893936020356,97.73816524743043,0.005544453530899152,97.73816524743043,0.005544453530899152,97.73816524743043,0.005544453530899152,97.73816524743043,0.005544453530899152,97.73816524743043,0.005544453530899152,97.73816524743043,0.005544453530899152,97.73816524743043,0.005544453530899152,97.73816524743043,0.005544453530899152,97.73816524743043,0.005544453530899152
Karnabahar,45.0,0.0021631357021005,0.0,100.0,0.21631357021005002,98.28856440625168,0.21261150277536747,98.28856440625168,0.21261150277536747,98.28856440625168,0.21261150277536747,98.28856440625168,0.21261150277536747,98.28856440625168,0.21261150277536747,98.28856440625168,0.21261150277536747,92.3316817149637,0.1997259571526179,96.96522234739908,0.20974893432177222,101.44270376469646,0.21943433423101974,101.44270376469646,0.21943433423101974,107.52926599057828,0.232600394284881,107.52926599057828,0.232600394284881,106.6180010245564,0.23062920450280566,106.6180010245564,0.23062920450280566,112.13653109829124,0.2425665339284168,112.13653109829124,0.2425665339284168,112.13653109829124,0.2425665339284168,112.13653109829124,0.2425665339284168,100.92287798846213,0.21830988053557515,98.51995232207021,0.21311202623710915,98.51995232207021,0.21311202623710915,106.09841019299866,0.22950525902457902,107.06805638643722,0.23160273532401182,107.06805638643722,0.23160273532401182,100.37630286228485,0.217127564366261,100.37630286228485,0.217127564366261,101.4058034044621,0.21935451374437642,86.60694652288223,0.1873425780735553,86.25225222553419,0.18657532617563033,86.60694652288218,0.18734257807355523,86.60694652288218,0.18734257807355523,111.62673107393717,0.2414637672948048,119.32512632041554,0.25811644090134295,121.21917594454914,0.26221352726485636,121.21917594454914,0.26221352726485636,121.21917594454914,0.26221352726485636,121.21917594454914,0.26221352726485636,121.21917594454914,0.26221352726485636,104.39817040712431,0.2258274096416225,104.39817040712431,0.2258274096416225,106.88384113110337,0.2312042527283276,106.88384113110337,0.2312042527283276,106.88384113110337,0.2312042527283276,106.88384113110337,0.2312042527283276,106.88384113110337,0.2312042527283276,95.84616341952542,0.20732825800213442,96.82920099305903,0.2094547016739512,88.63966658071007,0.19173962740301853,84.41873007686674,0.18260916895525575,92.86060308455367,0.2008700858507819,92.86060308455367,0.2008700858507819,92.86060308455367,0.2008700858507819,100.00372639874998,0.21632163091622636,102.08713736539077,0.22082833156031478,104.08884594118312,0.22515829884581195,104.08884594118312,0.22515829884581195,104.08884594118312,0.22515829884581195,104.08884594118312,0.22515829884581195,0.22515829884581195,104.08884594118312,104.08884594118312,0.22515829884581195,92.523418614385,0.20014071008516618,89.1804379529425,0.19290938926496837,89.1804379529425,0.19290938926496837,89.1804379529425,0.19290938926496837,88.61370789777393,0.19168347524917986,88.61370789777393,0.19168347524917986,88.61370789777393,0.19168347524917986,88.61370789777393,0.19168347524917986,88.61370789777393,0.19168347524917986,90.97831651412554,0.1967984445687045,90.97831651412554,0.1967984445687045,90.97831651412554,0.1967984445687045,90.97831651412554,0.1967984445687045,90.97831651412554,0.1967984445687045,90.97831651412554,0.1967984445687045,90.97831651412554,0.1967984445687045,90.97831651412554,0.1967984445687045,90.97831651412554,0.1967984445687045,90.97831651412554,0.1967984445687045,90.97831651412554,0.1967984445687045,90.97831651412554,0.1967984445687045,90.97831651412554,0.1967984445687045,90.97831651412554,0.1967984445687045,90.97831651412554,0.1967984445687045,90.97831651412554,0.1967984445687045,90.97831651412554,0.1967984445687045,90.97831651412554,0.1967984445687045,90.97831651412554,0.1967984445687045,90.97831651412554,0.1967984445687045,90.97831651412554,0.1967984445687045,90.97831651412554,0.1967984445687045,90.97831651412554,0.1967984445687045,90.97831651412554,0.1967984445687045,90.97831651412554,0.1967984445687045,90.97831651412554,0.1967984445687045,90.97831651412554,0.1967984445687045,90.97831651412554,0.1967984445687045,90.97831651412554,0.1967984445687045,90.97831651412554,0.1967984445687045,90.97831651412554,0.1967984445687045,90.97831651412554,0.1967984445687045,90.97831651412554,0.1967984445687045,90.97831651412554,0.1967984445687045,90.97831651412554,0.1967984445687045,90.97831651412554,0.1967984445687045,90.97831651412554,0.1967984445687045,90.97831651412554,0.1967984445687045,90.97831651412554,0.1967984445687045,90.98917441222451,0.19682193167573214,92.24734095719256,0.19954351664834097,92.24734095719256,0.19954351664834097,92.24734095719256,0.19954351664834097,92.24734095719256,0.19954351664834097,92.24734095719256,0.19954351664834097,92.24734095719256,0.19954351664834097,92.24734095719256,0.19954351664834097,92.24734095719256,0.19954351664834097,92.24734095719256,0.19954351664834097,92.24734095719256,0.19954351664834097,92.24734095719256,0.19954351664834097,92.24734095719256,0.19954351664834097,92.24734095719256,0.19954351664834097,92.24734095719256,0.19954351664834097,92.24734095719256,0.19954351664834097,92.24734095719256,0.19954351664834097,92.24734095719256,0.19954351664834097,92.24734095719256,0.19954351664834097,92.24734095719256,0.19954351664834097,92.24734095719256,0.19954351664834097,92.24734095719256,0.19954351664834097,92.24734095719256,0.19954351664834097,92.24734095719256,0.19954351664834097,92.24734095719256,0.19954351664834097,92.24734095719256,0.19954351664834097,92.24734095719256,0.19954351664834097,92.24734095719256,0.19954351664834097,92.24734095719256,0.19954351664834097,92.24734095719256,0.19954351664834097,92.24734095719256,0.19954351664834097,92.24734095719256,0.19954351664834097,92.24734095719256,0.19954351664834097,92.24734095719256,0.19954351664834097,92.24734095719256,0.19954351664834097,92.24734095719256,0.19954351664834097,92.24734095719256,0.19954351664834097,92.24734095719256,0.19954351664834097,92.24734095719256,0.19954351664834097,92.24734095719256,0.19954351664834097,92.24734095719256,0.19954351664834097,92.24734095719256,92.24734095719256,0.19954351664834097,0.19954351664834097,91.75816238681435,0.19848535701805337,92.1061035687011,0.19923800101082365,90.37943188067092,0.19550297583663942,88.3062933059829,0.19101849577033003,87.25427036321423,0.1887428273833983,87.09790346548655,0.18840458456429685,86.31124284104953,0.18670293088214046,85.48678087050409,0.18491950775862948,85.4299660176985,0.18479660952211613,84.68471332659573,0.18318452681890524,83.95943486023326,0.18161565107435187,82.86223827912171,0.17924226597752688,82.41341791130273,0.17827140661606777,81.84755887598048,0.17704737673440607,82.65148506968302,0.1787863781858578,81.86028044988853,0.1770748952251135,81.60378275202996,0.17652005589736902,80.3540462180313,0.17381670618245718,79.92297417847057,0.17288423886350607,78.99054694373973,0.17086727222244896,80.81993973039397,0.17482449707242587,80.40677954611067,0.17393077552711625,78.7379814616513,0.17032093881102525,78.55479341511146,0.16992467820735688,77.96379912429664,0.1686462773571578,77.93854200289569,0.1685916427761231,77.06280881943715,0.1666973130614698,76.11907485134437,0.16465588842180331,74.72986535526431,0.16165083976313552,73.67469146516554,0.1593683554495386,70.85092117566566,0.15326015712179072,69.4483196663743,0.15022613972122256,69.32886526096688,0.14996774363211257,70.06295144701788,0.15155567166957828,69.92892539302635,0.15126575512717755,68.6215586466006,0.14843774344224506,68.34425792728663,0.14783790435607885,67.0824602944475,0.14510846484765863,66.04159654062461,0.14285693530074198,65.06770995779642,0.14075028646362966,65.26030665528472,0.14116689925607326,65.46106686041881,0.14160117082335982,64.52718945355687,0.13958106726319175,65.46809025923866,0.14161636338809713,64.64018064632222,0.13982548254628538,63.34977444124987,0.13703415881388137,62.87734585361105,0.1360122316692669,63.06530156860987,0.13641880538679468,62.72655264403598,0.13568604549400076,62.31059216547015,0.1347862665321522,61.871121394971794,0.1338356316184576,62.442497464793114,0.13507159559441395,59.89100825066396,0.12955237818180684,59.26877507219236,0.12820640337842346,59.611095551027326,0.1289468890277515,59.9252231093965,0.12962638956427353,60.75303834224045,0.1314170662491809,60.60634934183717,0.13109975803530313,60.51328817142605,0.13089845409510759,59.29170824835279,0.12825601095053862,59.18646991162194,0.12802836614712645,59.064932209524436,0.12776546360456809,59.93829178877225,0.1296546588912105,59.93829178877223,0.12965465889121047,58.03295953333104,0.12553316666510195,57.69275845586409,0.12479726556854014,57.6209786781948,0.12464199616877486,57.56225291489046,0.12451496437353814,57.29678182947167,0.12394071439079338,57.56221955012711,0.12451489220102735,60.04640094304856,0.12988851366254947,60.37371790319903,0.13059654466495396,60.676420004254716,0.13125133038684836,60.09190555838588,0.129986946320596,59.42533586341183,0.1285450656154594,59.49588002873626,0.12869766221804754,59.03871920279607,0.12770876131385456,60.00034657263819,0.12978889180967706,59.728956141842346,0.12920183747961414,59.75571466218575,0.12925971979030434,58.86899884783278,0.1273416331546603,58.79713366637077,0.1271861790149019,58.81262064363231,0.12721967944833396,59.093613136598734,0.12782750434189186,60.21267166719697,0.13024817980216902,60.401745230990166,0.13065717157833345,60.173787258399415,0.13016406754924395,58.93095217846598,0.127475646616017,58.85054852786443,0.12730172260882158,58.81028632442562,0.12721462999911787,59.629456919359846,0.128986607159131,60.00222185164957,0.12979294829265797,60.62280218525089,0.13113534776829242,60.01821580674979,0.12982754538795305,60.02478894821868,0.12984176398493935,61.20431735688218,0.13239324399736116,61.204317356882164,0.13239324399736113,61.24097494280427,0.13247253933022204,62.23914661526053,0.13463172011173755,63.75613084120675,0.1379131628504051,63.57904080702773,0.1375300930749863,62.98232748093226,0.13623932117539003,60.80724534995866,0.1315343233628802,60.90743000567215,0.1317510363684567,62.86999986995541,0.13599634130975435,62.91228019447587,0.13608779938922094,63.01497690214751,0.13630994630407364,62.93707651238641,0.13614143718977387,63.20082082888744,0.13671195193702335,62.73988401135176,0.13571488305059934,62.63698570663222,0.13549230005397486,64.51650237519027,0.1395579496624258,65.34361914184753,0.14134711547018802,65.09621705572862,0.14081195118493006,65.382848515946,0.14143197392987147,65.10095749252255,0.14082220539300258,64.96267210851624,0.14052307534177988,64.48143695214189,0.1394820983939206,64.37044247420206,0.13924200227595293,64.14284365430028,0.13874967514286746,63.62459968795724,0.13762864311687265,63.406895118126386,0.1371577185893611,62.68335210208107,0.135592596859348,62.635620255086664,0.1354893463969872,62.582178871787576,0.1353737454328033,62.56959179061114,0.13534651786812532,64.38892027426797,0.1392819722649718,65.13354784310198,0.1408927027438849,60.63628372567366,0.1311645101697002,63.37397037751249,0.13708649790745678,63.94920652179836,0.13833081174830017
Karpuz,46.0,0.0106728013578892,-3.8059925922452886,100.0,1.06728013578892,100.0,1.06728013578892,100.0,1.06728013578892,100.0,1.06728013578892,100.0,1.06728013578892,100.0,1.06728013578892,100.0,1.06728013578892,100.0,1.06728013578892,100.0,1.06728013578892,100.0,1.06728013578892,100.0,1.06728013578892,100.0,1.06728013578892,100.0,1.06728013578892,100.0,1.06728013578892,100.0,1.06728013578892,100.0,1.06728013578892,100.0,1.06728013578892,100.0,1.06728013578892,100.0,1.06728013578892,100.0,1.06728013578892,100.0,1.06728013578892,100.0,1.06728013578892,100.0,1.06728013578892,100.0,1.06728013578892,100.0,1.06728013578892,100.0,1.06728013578892,100.0,1.06728013578892,100.0,1.06728013578892,100.0,1.06728013578892,100.29585798816566,1.0704377693267568,100.0,1.06728013578892,100.0,1.06728013578892,130.76923076923077,1.3956740237239724,130.76923076923077,1.3956740237239724,130.76923076923077,1.3956740237239724,130.76923076923077,1.3956740237239724,130.76923076923077,1.3956740237239724,130.76923076923077,1.3956740237239724,130.76923076923077,1.3956740237239724,130.76923076923077,1.3956740237239724,130.76923076923077,1.3956740237239724,130.76923076923077,1.3956740237239724,130.76923076923077,1.3956740237239724,130.76923076923077,1.3956740237239724,130.76923076923077,1.3956740237239724,130.76923076923077,1.3956740237239724,130.76923076923077,1.3956740237239724,130.76923076923077,1.3956740237239724,130.76923076923077,1.3956740237239724,130.76923076923077,1.3956740237239724,130.76923076923077,1.3956740237239724,130.76923076923077,1.3956740237239724,130.76923076923077,1.3956740237239724,130.76923076923077,1.3956740237239724,130.76923076923077,1.3956740237239724,130.76923076923077,1.3956740237239724,130.76923076923077,1.3956740237239724,130.76923076923077,1.3956740237239724,130.76923076923077,1.3956740237239724,1.3956740237239724,130.76923076923077,130.76923076923077,1.3956740237239724,130.76923076923077,1.3956740237239724,130.61072319030316,1.393982303820358,130.07568607637003,1.3882719589842514,129.80257212744505,1.3853570680593064,128.42709323236704,1.3706768550401698,127.35230150938442,1.3592058164796728,127.35230150938439,1.3592058164796725,127.23751352321473,1.3579807071050116,129.05524852904875,1.3773810317435597,132.18195335467834,1.410751731252258,130.78716958918127,1.395865481185899,131.04893660110076,1.3986592685061638,130.59776504828858,1.3938440041446691,130.7097555946562,1.395039257000012,133.8166707803535,1.4281987456127687,133.74878177506918,1.4274741797449846,131.90619029927143,1.4078085669400553,131.9061902992714,1.407808566940055,132.0529401069958,1.409374798487206,132.0529401069958,1.409374798487206,132.05294010699578,1.4093747984872058,132.1920151100403,1.4108591183685477,132.1920151100403,1.4108591183685477,133.9815254544566,1.4299582068023908,129.0342529239594,1.3771569498210523,127.01553806577633,1.355611607141445,129.68960192400053,1.3841513595185826,129.6896019240005,1.3841513595185824,134.41814961268528,1.4346182097112212,138.52723586740194,1.4784736710702449,138.5272358674019,1.4784736710702446,135.02439621711304,1.4410885592941733,134.17916760136438,1.4320676021762844,134.17916760136438,1.4320676021762844,135.19183757698138,1.442875627667143,135.49861987169533,1.4461498541587423,138.6389757149902,1.4796662482673153,138.6389757149902,1.4796662482673153,134.47621701168205,1.435237951526083,133.87396975603545,1.4288102861982328,133.87396975603542,1.4288102861982326,133.87396975603542,1.4288102861982326,134.78424457691995,1.4385254685426212,141.19645925186853,1.5069617620324895,142.24792756122187,1.5181838744323333,142.24792756122187,1.5181838744323333,140.98346255283923,1.5046884905738638,140.83080615120767,1.50305921912324,141.44051983081954,1.509566572110925,143.4031853828099,1.5305137116792902,147.12847402583137,1.570272977367059,146.1755818767885,1.5601029487448321,148.21681877373007,1.5818886646702837,150.8039152256565,1.6095002311953945,152.01475701251422,1.6224233050623587,152.01475701251422,1.6224233050623587,153.88371396726177,1.6423703113868247,155.07981511486676,1.6551360613391561,155.9856570759242,1.6648039326511628,152.4530872678115,1.6271015168062992,152.4532060805777,1.6271027848713517,153.23708181538558,1.6354689348782256,151.65904889299892,1.6186269029613836,155.70765686615255,1.6618368916348185,162.55682505795298,1.7349367032126777,163.16610363732897,1.7414394124619745,159.52844875928196,1.7026154445400221,160.57855788818213,1.7138230506768797,160.57855788818213,1.7138230506768797,160.27218446800686,1.710553188022012,162.43012376230203,1.7335844454524079,166.1265516731531,1.7730356862786787,166.1265516731531,1.7730356862786787,163.43061919473442,1.7442625344622342,162.1568007978784,1.730667323746565,162.1568007978784,1.730667323746565,162.1568007978784,1.730667323746565,161.77149054311874,1.7265549839363576,161.47198292239204,1.7233583985951675,163.03519174094788,1.7400422157965145,160.10960372652013,1.7088179960635057,158.3203675881631,1.6897218341764644,158.3203675881631,1.6897218341764644,158.3203675881631,1.6897218341764644,158.76402167041957,1.6944568660680044,164.10452765787335,1.7514550256227164,164.10452765787335,1.7514550256227164,163.2182253670223,1.7419956973294213,171.28787396849444,1.8281214538809016,171.28787396849444,171.28787396849444,1.8281214538809016,1.8281214538809016,170.05490142713708,1.8149621828672626,170.98731094269326,1.8249136044109995,170.519757503387,1.819923499429086,168.79126906214856,1.8014756856463405,166.8202038593065,1.7804388982729595,166.242707439182,1.7742753936960787,166.242707439182,1.7742753936960787,170.2471371389347,1.8170138764331711,170.72392690903334,1.8221025589389075,171.64048365838426,1.8318847870579624,168.79631496964043,1.8015295396146715,171.3644614471356,1.8289388568269402,171.3644614471356,1.8289388568269402,171.3644614471356,1.8289388568269402,180.5935670799997,1.9274392679574752,185.31172237714358,1.9777952022195644,189.82640746182483,2.0259795393217925,188.99961720442232,2.0171553711398977,183.41292142776885,1.9575296768687165,183.41292142776885,1.9575296768687165,181.5921650796256,1.9380971060438679,184.8868961799006,1.9732611166047624,184.337004250014,1.9673922292687767,183.77255055975442,1.9613679271569087,194.68051046649356,2.077786416461355,192.57964554162473,2.0553643024384733,193.06583130117943,2.060553266473235,193.48024374748448,2.0649762081928857,192.36432138959833,2.0530661905363394,193.66269941990703,2.0669235213412716,192.5251882321173,2.0547830903916156,194.0137986570733,2.0706707337564536,195.81325869754326,2.089876013319849,196.42485176329498,2.0964034246224794,196.90400491967296,2.1015173310805073,198.70947042384034,2.120786705765007,200.4330130791482,2.139181734156957,203.65914652455368,2.173613615573812,200.9921502379376,2.1451492939845305,201.7632263999327,2.153378836693308,200.96987194579467,2.144911522197896,201.83428154228528,2.1541371941130936,202.0755381264326,2.1567120777119806,206.0551499801627,2.1991856845083433,206.1614202249626,2.200319885721347,205.45644647867096,2.1927958409646493,204.53847865598703,2.1829985527402096,204.53847865598703,2.1829985527402096,204.06778882188186,2.1779749736396274,206.10377494165198,2.1997046490633534,206.43789737467748,2.203270671420249,210.2193987057364,2.2436298839612347,208.08762662574742,2.220877904011218,206.60031936133078,2.2050041690199533,205.90851182056102,2.197620644559428,206.67398245160763,2.2057903605498868,210.34294113194457,2.244948427735426,212.58624825659948,2.2688907990616056,212.92589731270795,2.2725158059688457,210.3286087973994,2.2447954615758308,210.33529409727169,2.2448668124533855,206.6794469177132,2.205848681711158,208.50461206079527,2.2253283067286165,208.50461206079527,2.2253283067286165,198.36720457910786,2.117133770392587,196.66420034134094,2.098957944451257,196.66420034134094,2.098957944451257,196.20848299192625,2.0940941637056105,196.20848299192625,2.0940941637056105,196.20848299192625,2.0940941637056105,196.66420034134092,2.098957944451257,186.34862820926557,1.9888618921926393,186.4952887848614,1.9904271713830073,177.33707132928433,1.8926833356872796,163.32936467199775,1.743181865054478,162.48994751241275,1.7342229324538236,155.68746707559052,1.6616214100106925,157.6749130409312,1.682833026008312,153.8838155087748,1.642371395119223,149.6087497819791,1.596744467825212,136.37542529439145,1.4555078242646982,134.87721021420248,1.4395176723224472,131.30246624316925,1.4013651400142977,130.739889707001,1.3953608723951645,122.5988284629893,1.3084729428954174,119.48376391522318,1.2752264777601066,115.91648308077112,1.2371535980261945,111.87470418283876,1.194016494716054,107.97085440366172,1.1523514814918578,105.143875307224,1.122179695152673,106.5585018813615,1.137277723574034,104.59010634732249,1.1162694290454793,104.11580886446738,1.1112073462264198,102.983107661564,1.09911825128999,97.72275950081975,1.0429756002970287,100.04140243613125,1.0677220157654814,98.16976621439835,1.0477464141566961,98.16976621439835,1.0477464141566961,97.96504018113255,1.0455614138708615,99.22353665194231,1.0589930967134187,99.22353665194231,1.0589930967134187,98.00013068383166,1.0459359278357176,95.80156618660715,1.0224710856843329,96.36437839680227,1.02847786860554,97.31550981753595,1.0386291053242775,96.68385337002948,1.031887561533611,96.51951552662094,1.0301336163753276,96.04056845854753,1.0250219094568367,92.7659826074621,0.9900729051388475,91.96965782012307,0.9815738888672146,91.77371122688494,0.9794825898008289,92.77066406199404,0.9901228693731328,96.9164074363299,1.0343695648882048,95.45969879573019,1.0188224029307633,95.46166401824199,1.0188433773602557,93.78598311182215,1.000959167906829,93.78598311182215,1.000959167906829,93.78598311182215,1.000959167906829,95.91573617865534,1.0236895993304949,95.85732693680646,1.0230662090947769,95.19397579511177,1.0159863941289404,95.63220747240811,1.020663553769459,94.03407459774378,1.0036069990546541,93.92657656000097,1.0024596938514623,93.92657656000097,1.0024596938514623,94.88192626911382,1.012655951524141,98.9222993126619,1.0557780504296999,99.45227406743321,1.06143436571207,103.8405816119016,1.1082699004315077,104.54168031512914,1.115752587623329,100.5628317065266,1.0732871267906001
Kavun,47.0,0.0049058795632109,-7.803182377696394,100.0,0.49058795632109,100.0,0.49058795632109,100.0,0.49058795632109,100.0,0.49058795632109,100.0,0.49058795632109,100.00004266889162,0.4905881656495334,100.00004266889162,0.4905881656495334,100.00004266889162,0.4905881656495334,100.0001008382485,0.4905884510213925,100.0001008382485,0.4905884510213925,100.0001008382485,0.4905884510213925,100.0001008382485,0.4905884510213925,100.0001008382485,0.4905884510213925,100.00008840355122,0.4905883900182652,100.00008840355122,0.4905883900182652,100.00008840355122,0.4905883900182652,100.00008840355122,0.4905883900182652,100.00008840355122,0.4905883900182652,100.00008840355122,0.4905883900182652,100.00008840355122,0.4905883900182652,103.67656224191704,0.5086247278865836,103.67656224191704,0.5086247278865836,103.67656224191704,0.5086247278865836,121.86543281067452,0.5978571362877392,121.86543281067452,0.5978571362877392,121.86543281067452,0.5978571362877392,121.86543281067452,0.5978571362877392,121.86543281067452,0.5978571362877392,121.86543281067452,0.5978571362877392,122.34200215641502,0.6001951281014603,121.86543281067456,0.5978571362877394,121.86543281067456,0.5978571362877394,137.17664620693037,0.6729721051763917,137.17664620693037,0.6729721051763917,137.17664620693037,0.6729721051763917,137.17664620693037,0.6729721051763917,137.17664620693037,0.6729721051763917,137.17664620693037,0.6729721051763917,137.17664620693037,0.6729721051763917,137.17664620693037,0.6729721051763917,137.17664620693037,0.6729721051763917,137.17664620693037,0.6729721051763917,137.17664620693037,0.6729721051763917,137.17664620693037,0.6729721051763917,137.17664620693037,0.6729721051763917,137.17664620693037,0.6729721051763917,137.17664620693037,0.6729721051763917,137.17664620693037,0.6729721051763917,142.07581214289215,0.6970068232184056,142.07581214289215,0.6970068232184056,142.07585950724405,0.6970070555822117,146.5212869010877,0.7188157869834071,146.5212869010877,0.7188157869834071,146.5212869010877,0.7188157869834071,146.52149851953456,0.7188168251580207,146.52149851953456,0.7188168251580207,146.52149851953456,0.7188168251580207,146.51881123644588,0.7188036416708354,146.64142725129517,0.7194051810722069,0.7194051810722069,146.64142725129517,146.64142725129517,0.7194051810722069,146.64142725129517,0.7194051810722069,146.46368071667564,0.7185331779805854,145.8637031412319,0.7155897602548311,145.5574398173826,0.7140872692733978,144.0150113184017,0.7065203008225333,142.8097660835025,0.700607512855984,142.80976608350247,0.7006075128559839,142.6810456343249,0.6999760258349963,144.71940935377305,0.7099759927486275,148.22561991666126,0.7271770394934151,146.66154340664218,0.7195038685076142,146.95508255196995,0.7209439362016801,146.44914977213796,0.7184618909167438,146.57473324052265,0.7190779882877694,150.05875218365915,0.7361701656187425,149.9826231082566,0.7357966855435589,147.91638594938797,0.7256599748931184,147.91638594938797,0.7256599748931184,148.08094760603282,0.7264672945613405,148.08094760603282,0.7264672945613405,148.08094760603282,0.7264672945613405,148.23690292382017,0.7272323925676475,148.23690292382017,0.7272323925676475,150.2436161960673,0.7370770861991888,144.69586539409548,0.7098604889180083,142.4321277680804,0.6987548647620693,145.43075778543596,0.7134657824818448,145.43075778543593,0.7134657824818446,150.73323588227666,0.739479101411509,155.341065029438,0.7620845562553353,155.34106502943794,0.762084556255335,151.41306604428482,0.7428142663097591,150.46524728112522,0.7381643816099466,150.4652472811252,0.7381643816099465,151.6008307030469,0.7437354171118734,151.94484888903494,0.7454231288998849,155.4663673703233,0.762699274448707,155.46636737032327,0.7626992744487068,150.79835124783727,0.7397985495526638,150.1230058580487,0.7364853864067914,150.12300585804869,0.7364853864067913,150.12300585804863,0.736485386406791,151.14376584983128,0.7414931119894208,158.33426705753124,0.7767688449135193,159.51335798500773,0.7825533229977937,159.51335798500773,0.7825533229977937,158.09541775206583,0.7755970789871495,157.92423258501526,0.7747572651745912,158.60795064060824,0.7781115036105232,160.80883594113226,0.7889087818273351,164.98628380346418,0.8094028379215285,163.91773377888845,0.8041606601936938,166.2067270700836,0.815390185601295,169.1078339582684,0.8296226665947312,170.46564241791805,0.8362839113676812,170.46564241791802,0.8362839113676811,172.5614451820948,0.8465656673169768,173.90272384826076,0.8531458189138913,174.91851293910577,0.8581291578552004,170.95717527978562,0.8386953123893639,170.95730851352505,0.8386959660180433,171.83632765177123,0.8430083280440365,170.0667600048018,0.8343270422890501,174.60677028146935,0.8565997859221208,182.2872605101089,0.8942793459702445,182.970490654905,0.8976311907745694,178.89131316011805,0.8776192372681842,180.06887993577095,0.8833962380471759,180.06887993577095,0.8833962380471759,179.7253202517223,0.8817107756144585,182.14518076612362,0.893582319857881,186.29026490701972,0.9139176034324927,186.29026490701972,0.9139176034324927,183.2671119521317,0.899086379134647,181.83868305738991,0.8920786790124333,181.83868305738991,0.8920786790124333,181.83868305738991,0.8920786790124333,181.40660553150602,0.8899589587084767,181.07074498757189,0.8883112673299014,182.82368924591478,0.8969110007423537,179.54300617191214,0.8808163646962323,177.53660038765474,0.8709731795637358,177.53660038765474,0.8709731795637358,177.53660038765474,0.8709731795637358,178.0341032592804,0.8734138687342828,184.0228164729134,0.902793774498976,184.0228164729134,0.902793774498976,183.02893869186371,0.897917929804595,192.07804589678835,0.9423117599065393,192.07804589678835,192.07804589678835,0.9423117599065393,0.9423117599065393,190.69542054858718,0.9355287664672217,191.7410018473342,0.9406582623924202,191.2166988193756,0.9380860948826286,189.27841402164768,0.9285771031057728,187.06810955744092,0.917733615606347,186.42051915118537,0.9145566150669665,186.42051915118537,0.9145566150669665,190.91098898912048,0.9365863192741073,191.44564941324933,0.9392092989220987,192.47345380646178,0.944251583489738,189.28407237929073,0.9286048623268952,192.16392922814583,0.9427330931866663,192.16392922814583,0.9427330931866663,192.16392922814583,0.9427330931866663,202.5132232806929,0.9935054833727172,207.80404760302451,1.019461630288183,212.8667053896724,1.0442984196592293,211.93956295203807,1.0397499705222535,205.67477851086497,1.0090156925643807,205.67477851086497,1.0090156925643807,203.63302673181107,0.9989991042383708,207.32765786263235,1.0171245195966696,206.71102245873644,1.0140993805707443,206.07805785177175,1.0109941324412006,218.30997815683867,1.0710024602846528,215.95411944884785,1.0594449011953082,216.49931630647993,1.0621195713170921,216.96402832045595,1.0643993924892359,215.71266019433443,1.0582603311732426,217.16862966326994,1.0654031420355523,215.89305234962683,1.0591453133612552,217.5623437880839,1.0673346561142247,219.58021440691365,1.0772340863443453,220.26603996030465,1.080598663910654,220.80335062818813,1.0832346453353188,222.82795562759588,1.093167113625488,224.76069434155863,1.1026488969833443,228.37840173460916,1.1203969337485877,225.38769711974876,1.1057248970989437,226.2523631290945,1.109966844403196,225.3627147860812,1.1056023367787626,226.3320426334153,1.1103577424550504,226.60258188508058,1.1116849754408413,231.06522159554115,1.1335781483943632,231.184390457208,1.1341627764773856,230.39385008526585,1.1302844806227816,229.36446334881958,1.1252344332698094,229.36446334881958,1.1252344332698094,228.8366432441983,1.1226450114054962,231.1197484418865,1.1338456505354952,231.49442519242876,1.1356837695487907,235.7349085926693,1.156487070400166,233.34439135443836,1.1447594807356254,231.67656124843919,1.1365773071036962,230.9007851383792,1.1327714429397255,231.75916524198098,1.1369825523474524,235.8734460574741,1.1571667185174908,238.38903597558647,1.1695078996861776,238.7699101465157,1.1713764224974943,235.857374126935,1.1570878715619177,235.8648708592253,1.1571246496276515,234.9407510895754,1.1525910293357668,235.7833794450066,1.156724862564059,235.7833794450066,1.156724862564059,233.7312794138167,1.1466575069593798,228.3134148075249,1.1200781157111293,225.22900452817885,1.1049463703571278,225.01307395776658,1.1038870409846697,223.90077201565438,1.0984302216187418,225.20900607329938,1.1048482603460388,227.08137961434164,1.1140338994357348,225.39980265169262,1.105784285380709,226.23433825893704,1.1098784165610611,223.98894602990924,1.098862792713281,219.2552703399108,1.0756399498868494,219.00125921967822,1.074393801923272,217.0186201247163,1.0646672133060755,217.94591069476206,1.069216389162821,214.94917996572988,1.054514789122816,212.53020536070105,1.042647591044079,208.67522681192236,1.023735530565009,208.07182814997822,1.0207753294009085,206.95844704352297,1.0153132157846847,207.87546049838016,1.0198119733520579,205.22123741881347,1.006790674589809,201.36085276574835,0.9878520924142038,200.76770404820311,0.984942176242854,200.29880268678033,0.9826418026366881,198.71225915814577,0.9748584111634153,195.72503254171863,0.9602034371552057,199.7521099174571,0.97995979375231,199.70553984593508,0.9797313265901729,197.5292277680058,0.9690546016438907,199.5208505754801,0.9788252632727036,194.21381022750285,0.9527895624884263,191.99538553666525,0.9419062381351236,191.99538553666525,0.9419062381351236,189.387718019603,0.9291133353555191,190.19283367824863,0.9330631358112897,192.4422371087345,0.9440984381303269,199.3930097537792,0.978198091598177,200.09652526563016,0.9816494539701686,196.4920239582731,0.9639662046708386,196.4920239582731,0.9639662046708386,198.8133087451658,0.9753541482672479,200.69131749947508,0.9845674330345449,199.85831544107785,0.9804808252601412,198.01953999540004,0.9714600143798565,192.58545235047814,0.9448010348579372,188.22988856722438,0.9234331635074111,188.22988856722438,0.9234331635074111,189.4494676480845,0.9294162715959222,191.8106167299459,0.9409997846223204,183.7276326302692,0.9013456381179578,179.26039850821783,0.8794299255345076,170.95689089300365,0.8386939172220622,170.95689089300365,0.8386939172220622,170.95689089300365,0.8386939172220622,174.6592823361177,0.8568574037378424,171.87092744191483,0.8431780704473935,173.80716604202797,0.8526770238251885,170.33043118829698,0.8356205813595666,165.4110780641052,0.8114868274033765,164.06351842631466,0.8048758621161319,164.06351842631466,0.8048758621161319,167.86926080166336,0.8235463758582009,173.30294248000743,0.8502033637569826,163.28010060249136,0.8010325086247821,170.6368064304736,0.8371236213988347,166.31710484693997,0.8159316856810073,153.3390778304287,0.7522630481699057
Kağıtlı Şeker,48.0,0.006659576626114,0.0,100.0,0.6659576626114,100.0,0.6659576626114,100.0,0.6659576626114,100.0,0.6659576626114,100.0,0.6659576626114,100.0,0.6659576626114,100.0,0.6659576626114,100.0,0.6659576626114,99.49729148322125,0.6626098367233118,99.51973047545331,0.662759270911494,99.20287304547209,0.6606491345769805,99.26217911088008,0.6610440878639583,99.3215206310006,0.661439277264311,99.3226139547829,0.6614465583378163,99.42159228398397,0.6621057121054557,99.38688430103069,0.6618745716334404,99.4262924863133,0.662137013463026,99.38976537000119,0.6618937583330146,99.70029258740436,0.6639617381318049,99.60398850854835,0.663320393739256,99.60398850854835,0.663320393739256,98.98170364799545,0.6591762400271333,97.79077228006464,0.6512451413259553,98.27972614146486,0.6545013670325844,97.08930932955428,0.6465736950566515,97.20920469042984,0.647372147399518,98.40957523028388,0.6553661069894057,98.40970533284244,0.6553669734173637,98.41777170213192,0.6554206920217415,98.47376661742668,0.6557935944508198,100.38514098615741,0.6685225385205723,101.00421946239638,0.6726453390706636,101.55826703787226,0.676335061354058,101.79585175466661,0.6779172749807435,102.29217353783957,0.6812225679269934,102.3510580006621,0.6816147135192476,102.34736901497688,0.6815901464364043,102.35589345211042,0.6816469155786895,102.35043555368468,0.6816105682859057,102.77284293964162,0.6844236226401226,102.83044170836395,0.6848072060539987,102.80952142910911,0.6846678858512614,102.84308524136767,0.6848914066308618,102.84671001890192,0.6849155461146037,102.78020122610832,0.6844726257126844,102.78862583276616,0.6845287300262671,102.79705112996558,0.6845848389385645,102.87520238084218,0.6851052931822039,102.84235343928576,0.6848865331388221,102.85520231207089,0.6849721011916939,102.9451999028382,0.6855714470435744,102.91884324497262,0.6853959228609103,102.89839791591014,0.6852597656253726,102.91098672509096,0.6853436017647438,102.93164561686507,0.6854811812375241,102.91949866527344,0.685400287682626,103.04015272855108,0.6862037926622754,103.0688497454993,0.686394902645583,103.0613261161808,0.6863447984596299,0.6863447984596299,103.0613261161808,103.01295408798661,0.6860226612313103,103.06289965366746,0.6863552775530964,103.10921056117381,0.6866636885902598,103.11789136323965,0.6867214990567935,103.05163852271353,0.686280283188612,103.02493774838454,0.6861024673359916,103.02493774838454,0.6861024673359916,103.02493774838454,0.6861024673359916,103.02493774838454,0.6861024673359916,103.02493774838454,0.6861024673359916,103.02493774838454,0.6861024673359916,103.02493774838454,0.6861024673359916,103.02493774838454,0.6861024673359916,103.02493774838454,0.6861024673359916,103.02493774838454,0.6861024673359916,103.02493774838454,0.6861024673359916,103.02493774838454,0.6861024673359916,103.02493774838454,0.6861024673359916,103.02493774838454,0.6861024673359916,103.32441938287296,0.6880968882289811,103.32441938287296,0.6880968882289811,103.32441938287296,0.6880968882289811,103.32441938287296,0.6880968882289811,103.32441938287296,0.6880968882289811,103.32441938287296,0.6880968882289811,103.32441938287296,0.6880968882289811,103.32441938287296,0.6880968882289811,103.32441938287296,0.6880968882289811,103.32441938287296,0.6880968882289811,103.32441938287296,0.6880968882289811,103.32441938287296,0.6880968882289811,103.32441938287296,0.6880968882289811,103.32441938287296,0.6880968882289811,103.32441938287296,0.6880968882289811,103.32441938287296,0.6880968882289811,103.32441938287296,0.6880968882289811,103.32441938287296,0.6880968882289811,106.56518459060979,0.7096790124571487,106.56518459060979,0.7096790124571487,106.56518459060979,0.7096790124571487,106.56518459060979,0.7096790124571487,106.56518459060979,0.7096790124571487,106.56518459060979,0.7096790124571487,106.56518459060979,0.7096790124571487,106.56518459060979,0.7096790124571487,106.56518459060979,0.7096790124571487,106.56518459060979,0.7096790124571487,106.56518459060979,0.7096790124571487,106.56518459060979,0.7096790124571487,106.57497582866799,0.7097442179572618,106.60997429742312,0.7099772929417333,105.66547877540467,0.7036873526398298,105.66547877540467,0.7036873526398298,105.66547877540467,0.7036873526398298,105.66547877540467,0.7036873526398298,105.66547877540467,0.7036873526398298,105.66547877540467,0.7036873526398298,105.66547877540467,0.7036873526398298,105.66547877540467,0.7036873526398298,105.66547877540467,0.7036873526398298,105.66547877540467,0.7036873526398298,105.66547877540467,0.7036873526398298,105.66547877540467,0.7036873526398298,105.66547877540467,0.7036873526398298,105.66547877540467,0.7036873526398298,105.66547877540467,0.7036873526398298,105.66547877540467,0.7036873526398298,105.66547877540467,0.7036873526398298,105.66547877540467,0.7036873526398298,105.66547877540467,0.7036873526398298,105.66547877540467,0.7036873526398298,105.66547877540467,0.7036873526398298,105.66547877540467,0.7036873526398298,105.66547877540467,0.7036873526398298,105.66547877540467,0.7036873526398298,105.66547877540467,0.7036873526398298,105.66547877540467,0.7036873526398298,105.66547877540467,0.7036873526398298,105.66547877540467,0.7036873526398298,105.66547877540467,0.7036873526398298,105.66547877540467,0.7036873526398298,105.66547877540467,0.7036873526398298,105.66547877540467,0.7036873526398298,105.66547877540467,0.7036873526398298,105.66547877540467,0.7036873526398298,105.66547877540467,0.7036873526398298,105.66547877540467,0.7036873526398298,105.66547877540467,0.7036873526398298,105.66547877540467,0.7036873526398298,105.66547877540467,0.7036873526398298,105.66547877540467,105.66547877540467,0.7036873526398298,0.7036873526398298,105.66547877540467,0.7036873526398298,105.66547877540467,0.7036873526398298,105.66547877540467,0.7036873526398298,105.66547877540467,0.7036873526398298,114.34243903842088,0.7614722343931326,114.34243903842088,0.7614722343931326,114.34243903842088,0.7614722343931326,114.34243903842088,0.7614722343931326,108.32502532814796,0.7213988066985412,113.30272497412972,0.7545481789127372,113.30272497412972,0.7545481789127372,113.30272497412972,0.7545481789127372,113.30272497412972,0.7545481789127372,113.30272497412972,0.7545481789127372,113.19608489950421,0.7538380011643542,113.19608489950421,0.7538380011643542,113.19608489950421,0.7538380011643542,113.19608489950421,0.7538380011643542,113.19608489950421,0.7538380011643542,113.19608489950421,0.7538380011643542,113.19608489950421,0.7538380011643542,113.65697820086905,0.7569073554212559,113.65697820086905,0.7569073554212559,113.65697820086905,0.7569073554212559,113.65697820086905,0.7569073554212559,113.65697820086905,0.7569073554212559,113.65697820086905,0.7569073554212559,113.65697820086905,0.7569073554212559,113.65697820086905,0.7569073554212559,113.65697820086905,0.7569073554212559,113.7619724029606,0.7576065723553822,113.7619724029606,0.7576065723553822,113.7619724029606,0.7576065723553822,113.7619724029606,0.7576065723553822,113.7619724029606,0.7576065723553822,113.7619724029606,0.7576065723553822,113.7619724029606,0.7576065723553822,113.7619724029606,0.7576065723553822,113.7619724029606,0.7576065723553822,113.7619724029606,0.7576065723553822,113.7619724029606,0.7576065723553822,114.77348150078062,0.7643427947003262,115.03377550957241,0.7660762425971934,115.03377550957241,0.7660762425971934,115.03377550957241,0.7660762425971934,115.03377550957241,0.7660762425971934,115.03377550957241,0.7660762425971934,115.03377550957241,0.7660762425971934,115.03377550957241,0.7660762425971934,115.41614681967229,0.7686226736364312,115.32508334207321,0.7680162294295197,113.93833027962576,0.7587810411486526,113.56449117084846,0.7562914309579121,113.28860983269469,0.7544541780467622,113.28860983269469,0.7544541780467622,113.39887133492705,0.7551884729697891,113.28983484992673,0.7544623361428873,113.28983484992673,0.7544623361428873,113.15442815731613,0.7535605848977583,113.04611928452945,0.7528392936601473,113.04611928452945,0.7528392936601473,112.82081953847181,0.7513388927374325,112.93162977905158,0.7520768420255316,112.93162977905158,0.7520768420255316,112.69039855440862,0.7504703442004105,112.46993271324486,0.7490021350377397,111.9106210263825,0.7452773560011988,111.9106210263825,0.7452773560011988,111.94519836595886,0.7455076264436347,111.55137600490634,0.7428849362531283,114.82419103795552,0.7646804987488172,114.82419103795552,0.7646804987488172,110.02836103003386,0.732742301325246,109.0979024188606,0.72654584090671,108.77664321919976,0.7244063906497246,108.77664321919976,0.7244063906497246,108.77664321919976,0.7244063906497246,108.77664321919976,0.7244063906497246,105.45535770963883,0.7022880353016016,105.11929236146955,0.7000499823640864,105.11929236146955,0.7000499823640864,105.11929236146955,0.7000499823640864,105.11929236146955,0.7000499823640864,105.11929236146955,0.7000499823640864,105.11929236146955,0.7000499823640864,105.11929236146955,0.7000499823640864,105.16715068321727,0.7003686985249626,109.80845561579602,0.7312778243686318,109.80845561579602,0.7312778243686318,109.80845561579602,0.7312778243686318,109.80845561579602,0.7312778243686318,109.48689728311145,0.7291363820123533,109.24424265372836,0.7275204049142954,109.13579184434856,0.7267981684390665,109.13579184434856,0.7267981684390665,109.13579184434856,0.7267981684390665,109.13579184434856,0.7267981684390665,109.13579184434856,0.7267981684390665,107.91582695377554,0.7186737187691267,107.91582695377554,0.7186737187691267,102.05315164837484,0.6796307833387845,102.29877288523002,0.6812665167866224,102.29877288523002,0.6812665167866224,102.37643005700963,0.681783680672656,102.37643005700963,0.681783680672656,102.37643005700963,0.681783680672656,102.37643005700963,0.681783680672656,106.4571336563777,0.7089594389811069,105.55849339917134,0.7029748753289303,105.55849339917134,0.7029748753289303,105.55849339917134,0.7029748753289303,105.90630437732682,0.7052911491893604,105.90630437732682,0.7052911491893604,105.90630437732682,0.7052911491893604,114.41664833106526,0.7619664368638676,114.44228953378088,0.7621371964181379,113.634816997746,0.7567597711909311,113.634816997746,0.7567597711909311,113.634816997746,0.7567597711909311,113.634816997746,0.7567597711909311,113.634816997746,0.7567597711909311,113.634816997746,0.7567597711909311,114.92820469323206,0.7653731856562935,114.70185918033484,0.7638658203691774,114.70185918033484,0.7638658203691774,114.70185918033484,0.7638658203691774,114.0438350455226,0.7594836582215629,114.0438350455226,0.7594836582215629,101.14284220219636,0.6735685078284835,100.56617204342282,0.6697281287181378,100.56617204342282,0.6697281287181378
Kaşar Peyniri,49.0,0.013333249579178,0.042309435172427357,100.0,1.3333249579178001,100.11360682742607,1.3348397061017705,100.11360682742607,1.3348397061017705,100.11360682742607,1.3348397061017705,100.11360682742607,1.3348397061017705,100.50769612926047,1.3400941971196125,100.50769612926047,1.3400941971196125,100.4594280585381,1.3394506268859656,100.76440824867467,1.3435170038777617,100.90794670756202,1.3454308379743174,100.90794670756202,1.3454308379743174,101.0497928465588,1.3473221079474043,100.56737359963755,1.340889891726404,100.26127482454459,1.336808600362209,100.19181475105748,1.3358824718666173,100.09365373731356,1.3345736665714245,100.10343267099628,1.3347040515348345,99.92477505012964,1.3323219648865974,100.20712006457214,1.3360865414315959,99.9996922235808,1.3333208542579882,99.8520716623608,1.3313525924722238,99.72705295374668,1.3296856868282052,99.52913216517436,1.3270467595572626,99.52913216517436,1.3270467595572626,99.6443012604824,1.3285823378488129,99.71926306089398,1.329581822242605,100.02050393069106,1.3335983419430582,99.90815605623608,1.3321003796932598,99.90815605623608,1.3321003796932598,100.00915964859244,1.3334470857985408,100.07142854022942,1.3342773324717554,99.96328094894446,1.3328353736457659,100.69526279688222,1.342595070311748,100.59333966801454,1.3412361037966645,100.59333966801454,1.3412361037966645,100.73705655967062,1.3431523169818587,100.25073984751485,1.3366681348841607,100.64536896264701,1.341929823367428,100.64536896264701,1.341929823367428,100.64536896264701,1.341929823367428,100.64536896264701,1.341929823367428,100.92475042392017,1.3456548861183784,100.80643648186238,1.3440773768002254,100.80643648186238,1.3440773768002254,100.7815270207427,1.3437452527382339,100.78152702074166,1.34374525273822,101.21621617838726,1.3495410717664715,101.53969401852258,1.353854082542329,101.28657473992382,1.3504791800274705,101.05986336111177,1.3474563806313298,100.92625752509414,1.345674980674472,100.69726951007164,1.3426218263195364,100.69726951007164,1.3426218263195364,100.69726379437158,1.342621750110681,100.69726379437158,1.342621750110681,100.69532295951014,1.3425958724750815,100.69532295951014,1.3425958724750815,100.69532295951014,1.3425958724750815,100.69532295951014,1.3425958724750815,1.3425958724750815,100.69532295951014,100.69532295951014,1.3425958724750815,100.6923232383074,1.3425558764436174,100.72037419283448,1.3429298868212611,100.72037419283448,1.3429298868212611,100.70187877850647,1.3426832828459554,100.70187877850647,1.3426832828459554,100.70187877850647,1.3426832828459554,100.70187877850647,1.3426832828459554,100.70187877850647,1.3426832828459554,100.70187877850647,1.3426832828459554,100.39912147213109,1.3386465441181328,100.97997062918785,1.3463911508970257,101.2347171565029,1.3497877499251463,101.2347171565029,1.3497877499251463,101.98609455549257,1.3598060523140292,102.14109467489791,1.361872707590863,104.00438013572513,1.3867163576773258,104.18909952400001,1.389179267383308,104.36602105190384,1.3915382062707793,105.4414375161155,1.4058770023896705,105.62783157827724,1.4083622409405496,105.68873542738089,1.4091742871609814,105.90069609240902,1.4120004116087699,105.90069609240902,1.4120004116087699,105.90069609240902,1.4120004116087699,106.54946415364375,1.420650598088212,107.85690550511436,1.4380830399375073,108.10519478687878,1.4413935428991074,108.01691180117798,1.4402164438171636,108.01691180117798,1.4402164438171636,108.44597500745321,1.4459372506316737,108.44597500745321,1.4459372506316737,109.16403035442616,1.4555112617845272,110.09776114757605,1.4679609274893584,110.23261237499644,1.4697589325606129,110.3873597114569,1.4718222174193532,110.32684117188225,1.4710153086270372,110.78933229324694,1.4771818181763465,111.63988655400543,1.4885224704156725,111.49819496795952,1.486633261135653,111.7927323934207,1.4905604021397354,111.7927323934207,1.4905604021397354,111.93181316256704,1.4924148007464275,112.13647990380231,1.4951436734878745,112.2914049485429,1.4972093277754661,112.26694233348834,1.4968831616235843,112.8417849496452,1.5045476816935515,112.85778286368637,1.5047609858742084,112.83753959153877,1.5044910772743654,112.85072448638036,1.5046668747679635,113.03887141425761,1.5071754847149064,113.40005131720108,1.511991186503835,113.56524884275441,1.5141938063419003,114.32549581883013,1.5243303690157333,113.54140540502573,1.513875895835838,113.54140540502573,1.513875895835838,113.54140540502573,1.513875895835838,113.84911143434377,1.5179786171217533,114.08512253101573,1.521125411977136,114.08512253101573,1.521125411977136,113.83068681773574,1.517732957110118,114.1530322065003,1.522030868629213,113.95161441160924,1.5193453149002427,114.00355761713318,1.520037886623436,114.30856113790233,1.524104574688379,114.14562547100529,1.521932112776291,114.45390845467702,1.5260425267385997,114.6673203566763,1.5288880008911232,114.39438139385561,1.525248837579953,114.39438139385561,1.525248837579953,114.50151970244214,1.5266773393878281,114.68954678004512,1.5291843513411523,114.68954678004512,1.5291843513411523,114.68954678004512,1.5291843513411523,114.68954678004512,1.5291843513411523,114.81104371734874,1.530804300329327,114.81104371734874,1.530804300329327,114.936575510939,1.5324780470633879,115.03274228544254,1.533760262669068,115.16308283425664,1.5354981257366935,114.90198009236525,1.532016777713248,114.75542691632417,1.5300627476404711,114.12545536546747,1.521663179725117,113.78592293086585,1.5171361090343476,113.5112713052547,1.5134741103627471,113.5112713052547,1.5134741103627471,113.85209115285086,1.518018346452284,113.85209115285086,1.518018346452284,113.75448541849553,1.5167169448357656,113.55042032296569,1.5139960939866675,113.55042032296569,113.55042032296569,1.5139960939866675,1.5139960939866675,113.55042032296569,1.5139960939866675,113.65247846612809,1.515356860681039,114.33683887151417,1.5244816087681592,114.55664867891957,1.5274123877902466,114.55664867891957,1.5274123877902466,114.82878406126866,1.531040836762432,114.97012717135249,1.5329253997254768,115.07735034378028,1.5343550330441278,115.01809091440674,1.5335649122823707,115.48352411247936,1.5397706492747079,115.23547690562334,1.5364633739582787,115.22163393739886,1.5362788022080252,115.22163393739886,1.5362788022080252,114.71354479548114,1.5295043228703658,115.10552792972346,1.534730731830047,115.10552792972346,1.534730731830047,115.07996872871774,1.5343899446239935,115.39875560814583,1.5386404096499755,114.71707595994725,1.5295514047674974,114.71707595994725,1.5295514047674974,114.71707595994725,1.5295514047674974,114.3690938796055,1.5249116728412193,114.3690938796055,1.5249116728412193,114.55135401595216,1.5273417927274644,114.51770874492146,1.526893191931653,114.51770874492146,1.526893191931653,114.51770874492146,1.526893191931653,114.45827100151824,1.5261006936644346,114.58672764174551,1.5278134381086876,115.35431681612845,1.5380478961450104,115.41074389679132,1.5388002524945128,115.51351675345663,1.5401705486423964,115.51351675345663,1.5401705486423964,115.51351675345663,1.5401705486423964,115.6446462248206,1.5419189306112782,115.61303809809102,1.5414974915688624,115.27232063492447,1.5369546205964784,115.27104427914914,1.536937602626374,115.13897584123345,1.5351767011821118,114.92388231916864,1.5323088055695573,114.7604150824697,1.5301292561046318,114.7604150824697,1.5301292561046318,114.75136403577739,1.5300085762401303,114.13832266973154,1.5218347427042809,114.237846361494,1.5231617169255909,113.65563365722164,1.5153989296313595,113.52250021669452,1.5136238282414767,113.52250021669452,1.5136238282414767,113.68126465149311,1.5157406740749435,113.93741808874147,1.51915603178434,114.43385444941323,1.5257751416813556,114.64540925997066,1.5285958547701934,114.64562810346419,1.5285987726651116,114.77285573749556,1.5302951304630201,114.84028187622887,1.5311941399989115,115.02796566596243,1.5336965748093951,115.17918955938242,1.535712880722699,115.02750368295436,1.533690415074647,114.86656718659927,1.5315446086023463,114.48317818202331,1.5264327873184225,114.34500483859955,1.524590487645364,114.39831237041076,1.525301250271453,114.55382500432508,1.5273747390321477,114.55382500432508,1.5273747390321477,114.3342103022543,1.5244465613981812,114.3342103022543,1.5244465613981812,114.26793898008285,1.5235629493197271,114.26793898008285,1.5235629493197271,114.26793898008285,1.5235629493197271,114.86427630919826,1.5315140637622033,114.7263925397451,1.5296756250511665,114.96139671572895,1.5328089943817083,115.42783251869164,1.539028099355274,115.44336371963482,1.539235180733714,114.83562538151936,1.5311320537927857,115.006375818381,1.5334087119832156,115.26373303544904,1.5368401199893862,115.44255391933824,1.5392243834642503,115.18629250651009,1.5358075860894997,114.8015068858647,1.5306771433749558,114.40361636904981,1.5253719698090749,114.15766335761832,1.5220926169229083,114.30157248509245,1.5240113932362427,112.6154699357532,1.501530167129814,112.67567007381025,1.5023328305952297,114.4557098974865,1.5260665458251812,115.06249429135849,1.5341569535894266,115.71998851354321,1.5429234881506833,115.63973272411073,1.5418534176800058,115.63973272411073,1.5418534176800058,115.4433253517625,1.5392346691652963,116.48560924036184,1.5531317003843474,115.85036673381832,1.5446618535013001,115.62023054361926,1.5415933902401748,114.36008743446506,1.5247915876603406,113.96890935458906,1.5195759126914503,114.22766195805171,1.52302592573268,113.38958662033683,1.5118516580887735,113.70981621958907,1.5161213592582439,113.92279811117483,1.5189610999746022,112.52667431721544,1.5003462329863126,112.04392535075776,1.4939096205324423,112.27011637195434,1.4969254818706255,112.27011637195434,1.4969254818706255,112.44269004367888,1.4992264497065237,112.5994228121287,1.5013162068255006,113.06997693244921,1.5075902223522446,113.44649151241835,1.5126103852171726,113.70024623111672,1.515993760213472,111.73717094159143,1.4898195874355142,111.73717094159143,1.4898195874355142,113.56938574727823,1.5142489647224016,113.72503760068544,1.5163243097313415,113.7196301836056,1.5162522112898373,113.51845181019978,1.5135698498272843,113.30086029974278,1.5106686479120508,113.47781764608638,1.5130280643757192,113.47781764608638,1.5130280643757192,113.63169864101633,1.5150797980866124,113.9925281263324,1.519890827669858,113.63586711541454,1.5151353773961282,113.7187937650399,1.516241059112348,114.70225990789322,1.529353858647683,114.47287135513338,1.5262953638231296,114.47287135513338,1.5262953638231296,114.64294190926371,1.5285629569674184,114.88524962965332,1.5317937062783347,115.22327157946583,1.5363006372984254,116.4773849226999,1.5530220435043425,116.97359817752884,1.559638178675473,117.02308904621862,1.560298052779604
Kek,50.0,0.003189067860785,-0.025456774442289554,100.0,0.3189067860785,100.59454133038928,0.32080281872715277,100.59454133038928,0.32080281872715277,100.59454133038928,0.32080281872715277,100.59454133038928,0.32080281872715277,100.59454133038928,0.32080281872715277,100.59454133038928,0.32080281872715277,100.51424168176499,0.32054673769849273,100.41422424202824,0.3202277752959103,100.41422424202824,0.3202277752959103,100.41422424202824,0.3202277752959103,100.41422424202824,0.3202277752959103,100.41422424202824,0.3202277752959103,100.41422424202824,0.3202277752959103,100.41422424202824,0.3202277752959103,100.41422424202824,0.3202277752959103,100.41422424202824,0.3202277752959103,100.41422424202824,0.3202277752959103,100.41422424202824,0.3202277752959103,100.41422424202824,0.3202277752959103,100.41422424202824,0.3202277752959103,100.41422424202824,0.3202277752959103,100.41422424202824,0.3202277752959103,100.41422424202824,0.3202277752959103,100.41422424202824,0.3202277752959103,100.41422424202824,0.3202277752959103,100.41422424202824,0.3202277752959103,100.41422424202824,0.3202277752959103,100.41422424202824,0.3202277752959103,100.50144287147032,0.32050592142392575,100.41422424202824,0.3202277752959103,100.41422424202824,0.3202277752959103,100.41422424202824,0.3202277752959103,100.41422424202824,0.3202277752959103,100.41422424202824,0.3202277752959103,100.41422424202824,0.3202277752959103,100.41422424202824,0.3202277752959103,100.41422424202824,0.3202277752959103,100.41422424202824,0.3202277752959103,100.41422424202824,0.3202277752959103,100.41422424202824,0.3202277752959103,100.41422424202824,0.3202277752959103,100.41422424202824,0.3202277752959103,100.41422424202824,0.3202277752959103,100.41422424202824,0.3202277752959103,100.41422424202824,0.3202277752959103,100.41422424202824,0.3202277752959103,100.41422424202824,0.3202277752959103,100.41422424202824,0.3202277752959103,100.41422424202824,0.3202277752959103,100.41422424202824,0.3202277752959103,100.41422424202824,0.3202277752959103,100.41422424202824,0.3202277752959103,100.41422424202824,0.3202277752959103,100.41422424202824,0.3202277752959103,100.41422424202824,0.3202277752959103,100.41422424202824,0.3202277752959103,100.41422424202824,0.3202277752959103,100.41422424202824,0.3202277752959103,0.3202277752959103,100.41422424202824,100.41422424202824,0.3202277752959103,100.41422424202824,0.3202277752959103,100.41422424202824,0.3202277752959103,100.41422424202824,0.3202277752959103,100.41422424202824,0.3202277752959103,102.36345895962586,0.32644401708692716,102.36345895962586,0.32644401708692716,102.36345895962586,0.32644401708692716,102.36345895962586,0.32644401708692716,102.36345895962586,0.32644401708692716,103.04094777799897,0.32860457490364203,103.04094777799897,0.32860457490364203,103.04094777799897,0.32860457490364203,103.04094777799897,0.32860457490364203,103.04094777799897,0.32860457490364203,105.10328459316123,0.33518150695898974,105.10328459316123,0.33518150695898974,105.10328459316123,0.33518150695898974,105.10328459316123,0.33518150695898974,107.72074028825077,0.3435287507932284,107.72074028825077,0.3435287507932284,107.72074028825077,0.3435287507932284,107.72074028825077,0.3435287507932284,107.72074028825077,0.3435287507932284,107.72074028825077,0.3435287507932284,109.73759809586542,0.3499606472072656,110.06782828278891,0.35101377368304437,110.06782828278891,0.35101377368304437,110.17576335555177,0.35135798595464385,110.42899554066096,0.352165560577492,110.42899554066096,0.352165560577492,110.42899554066096,0.352165560577492,110.42899554066096,0.352165560577492,110.50408464504136,0.3524050248269666,110.50408464504136,0.3524050248269666,110.50408464504136,0.3524050248269666,110.50408464504136,0.3524050248269666,110.50408464504136,0.3524050248269666,110.79863167392936,0.3533443552902831,110.79863167392936,0.3533443552902831,110.79863167392936,0.3533443552902831,110.79863167392936,0.3533443552902831,110.79863167392936,0.3533443552902831,110.79863167392936,0.3533443552902831,110.79863167392936,0.3533443552902831,110.79863167392936,0.3533443552902831,110.79863167392936,0.3533443552902831,110.79863167392936,0.3533443552902831,110.79863167392936,0.3533443552902831,110.80797103908829,0.3533741391595515,110.84521432952062,0.3534929105400991,110.84521432952062,0.3534929105400991,111.06836821031658,0.35420456340935497,111.72724832197254,0.35630577679754744,111.72724832197254,0.35630577679754744,111.72724832197254,0.35630577679754744,111.72724832197254,0.35630577679754744,111.72724832197254,0.35630577679754744,111.766371926322,0.35643054462677637,111.766371926322,0.35643054462677637,111.766371926322,0.35643054462677637,111.78568306659338,0.3564921291635709,111.78568306659338,0.3564921291635709,112.00136013713089,0.3571799379775304,112.49409231301793,0.3587512943236264,112.49409231301793,0.3587512943236264,112.30860084632262,0.3581597494487385,112.30860084632262,0.3581597494487385,112.30860084632262,0.3581597494487385,112.30860084632262,0.3581597494487385,112.30860084632262,0.3581597494487385,112.46064617792018,0.3586446323291187,112.30287376022694,0.3581414853825349,112.30287376022694,0.3581414853825349,112.1529265872671,0.35766329367243305,111.99759200732512,0.35716792115587154,111.8120845457439,0.35657632527220706,111.66279267618606,0.3561002233691236,111.66279267618606,0.3561002233691236,111.66279267618606,0.3561002233691236,112.25091162671023,0.3579757746125589,112.20359674084357,0.3578248842307048,111.91439180682772,0.35690259007045444,111.91439180682772,0.35690259007045444,111.91439180682772,0.35690259007045444,111.91439180682772,0.35690259007045444,111.8672187674426,0.3567521520466558,111.8672187674426,0.3567521520466558,111.9615847385071,0.35705309153212933,111.9615847385071,0.35705309153212933,111.9615847385071,111.9615847385071,0.35705309153212933,0.35705309153212933,111.86443456072183,0.3567432730224848,111.86443456072183,0.3567432730224848,112.25031012516098,0.3579738563832999,112.25031012516098,0.3579738563832999,112.25031012516098,0.3579738563832999,112.25031012516098,0.3579738563832999,112.25031012516098,0.3579738563832999,112.25031012516098,0.3579738563832999,112.25031012516098,0.3579738563832999,112.73696698318425,0.35952583812845257,112.73696698318425,0.35952583812845257,112.73696698318425,0.35952583812845257,112.73696698318425,0.35952583812845257,112.73696698318425,0.35952583812845257,112.73696698318425,0.35952583812845257,112.6270414605236,0.3591752781770555,112.6270414605236,0.3591752781770555,112.6270414605236,0.3591752781770555,112.46059342178505,0.3586444640862237,112.46059342178505,0.3586444640862237,112.04546613697373,0.35732059500409696,112.02859540393857,0.35726679309158665,111.83116545513137,0.3566371755870892,111.83116545513137,0.3566371755870892,111.83116545513137,0.3566371755870892,111.73178970120662,0.3563202595641065,111.6490929068763,0.3560565338751177,111.6490929068763,0.3560565338751177,111.6490929068763,0.3560565338751177,111.86906012649325,0.35675802426562436,111.49950790893017,0.35557949716571213,111.70729960831905,0.3562421589959711,111.70729960831905,0.3562421589959711,111.66205535543531,0.35609787200321436,111.66205535543531,0.35609787200321436,112.64977407590962,0.35924777403017466,115.3913647124562,0.36799089261661444,115.67057024151914,0.3688812979959025,115.65323719946403,0.36882602174855494,115.99448421388028,0.36991428163481865,116.12556578931756,0.37033230967418673,116.20007539137218,0.370569925851419,118.68163808056012,0.3784837976680315,118.56414173363439,0.378109093844291,119.01728919136343,0.3795542118379311,119.35303260011312,0.3806249203522451,119.35303260011312,0.3806249203522451,119.39707266865219,0.38076536711940984,119.3355763140672,0.3805692510714474,119.37604881798916,0.3806983206329504,119.15202558649705,0.3799838953453297,118.9144965873273,0.37922639924807305,119.03754160329902,0.37961879815393823,118.98910781747432,0.37946433952418857,118.98910781747432,0.37946433952418857,118.98910781747432,0.37946433952418857,119.70842395757191,0.3817582875083177,118.88574213266348,0.37913469934085026,118.46286872252598,0.3777861273394002,118.46286872252598,0.3777861273394002,118.47281572621766,0.37781784900918447,118.6913636296302,0.37851481310399937,118.38360239479182,0.37753334164118074,118.38360239479182,0.37753334164118074,118.59285258281396,0.3782006546906654,118.59285258281396,0.3782006546906654,118.59285258281396,0.3782006546906654,118.59285258281396,0.3782006546906654,118.59285258281396,0.3782006546906654,118.4127105603965,0.37762616955659706,119.26405234608359,0.38034115628387505,119.21245039211628,0.3801765941509242,119.81755063144206,0.38210629987671135,119.62112065577494,0.3814798713544166,119.88646126272738,0.38232606055620977,119.88646126272738,0.38232606055620977,120.10872123997203,0.3830348627063795,120.53688111470163,0.3844002936021574,120.46005977629035,0.3841553051408075,120.46947781486723,0.38418533990494463,120.7905278348735,0.385209190205451,120.7041887383497,0.38493384896759775,120.69503124802175,0.38490464510950745,120.23739543482024,0.38344521344568233,120.33077222596826,0.38374299836927567,119.9041000811431,0.38238231194512157,120.4501850168796,0.3841238138629377,120.43912148023274,0.3840885314937906,112.55230100695117,0.35893692579866715,111.13252125661697,0.354409151827483,111.13252125661697,0.354409151827483,119.89547022349657,0.3823547907434579,120.38386325377807,0.38391230925976,120.21126170230794,0.383361871199245,119.90639141558796,0.382389619166158,119.89485276681376,0.3823528216321953,119.89485276681376,0.3823528216321953,119.89485276681376,0.3823528216321953,119.73620820202655,0.3818468933493442,119.67899454298751,0.3816644351081049,119.21680619786892,0.38019048511105774,119.57188423631098,0.3813228530715239,119.57188423631098,0.3813228530715239,119.57188423631098,0.3813228530715239,119.67052069177578,0.38163741142154844,120.12689504748818,0.3830928202118373,120.651215775964,0.38476491459576295,120.94404011111948,0.38569875127186304,121.09390446857142,0.3861766788776902,121.32912332555794,0.3869268077747565,121.1950777066446,0.38649932719960095,121.18608769068244,0.3864706574286281,122.01020560342728,0.38909882537765983,122.21729392356002,0.38975924408373913,122.33250931788804,0.39012667379485827,122.89487965531951,0.39192011096381985,121.96927418570334,0.38896829230890007,121.96927418570334,0.38896829230890007,121.96927418570334,0.38896829230890007,122.42230338934539,0.39041303318223197,122.98341505526717,0.39220245636233464,123.09234451665915,0.39254983980675245,123.72196239129045,0.39455773393531485,124.53147859278046,0.3971393360362714,124.53147859278046,0.3971393360362714,124.55627667526068,0.3972184188041182,124.27309990791188,0.39631534887644515,124.19734642072824,0.3960737658651254,122.52296697953436,0.3907340562024548,122.52075797081832,0.39072701152375433,122.4895681378167,0.3906275450297456
Kesme Şeker,51.0,0.0018208775642623,0.0,100.0,0.18208775642622999,100.0,0.18208775642622999,100.0,0.18208775642622999,100.0,0.18208775642622999,100.0,0.18208775642622999,100.0,0.18208775642622999,100.0,0.18208775642622999,100.0,0.18208775642622999,100.0,0.18208775642622999,100.0,0.18208775642622999,100.0,0.18208775642622999,100.0,0.18208775642622999,100.0,0.18208775642622999,100.0,0.18208775642622999,100.79104010025064,0.18352814359720818,100.79104010025064,0.18352814359720818,100.79104010025064,0.18352814359720818,100.79104010025064,0.18352814359720818,100.79104010025064,0.18352814359720818,101.35161318200954,0.18454887854491234,101.35161318200954,0.18454887854491234,100.77522775672512,0.18349935125564415,101.33571289441548,0.184519926067967,101.33571289441548,0.184519926067967,101.33571289441548,0.184519926067967,101.33571289441548,0.184519926067967,101.33571289441548,0.184519926067967,102.55443636859052,0.18673907229913211,102.55443636859052,0.18673907229913211,102.6173576370021,0.1868536442250977,102.55443636859052,0.18673907229913211,102.55443636859052,0.18673907229913211,102.55443636859052,0.18673907229913211,103.14671799062336,0.18781754461641662,103.14671799062336,0.18781754461641662,103.14671799062336,0.18781754461641662,103.14671799062336,0.18781754461641662,103.14671799062336,0.18781754461641662,103.14671799062336,0.18781754461641662,103.14671799062336,0.18781754461641662,103.14671799062336,0.18781754461641662,103.14671799062336,0.18781754461641662,103.45009069059576,0.18836994915940602,103.75435566321516,0.1889239784216396,103.75435566321516,0.1889239784216396,103.75435566321516,0.1889239784216396,103.75435566321516,0.1889239784216396,103.75435566321516,0.1889239784216396,103.75435566321516,0.1889239784216396,104.26682018586784,0.18985711357341825,104.26682018586784,0.18985711357341825,104.26682018586784,0.18985711357341825,104.26682018586784,0.18985711357341825,104.26682018586784,0.18985711357341825,104.26682018586784,0.18985711357341825,104.26682018586784,0.18985711357341825,104.91914013197557,0.19104490832800658,104.91914013197557,0.19104490832800658,104.91914013197557,0.19104490832800658,0.19104490832800658,104.91914013197557,104.91914013197557,0.19104490832800658,104.91914013197557,0.19104490832800658,104.91914013197557,0.19104490832800658,104.91914013197557,0.19104490832800658,104.91914013197557,0.19104490832800658,104.91914013197557,0.19104490832800658,104.91914013197557,0.19104490832800658,104.91914013197557,0.19104490832800658,104.91914013197557,0.19104490832800658,104.91914013197557,0.19104490832800658,104.91914013197557,0.19104490832800658,104.91914013197557,0.19104490832800658,104.91914013197557,0.19104490832800658,104.91914013197557,0.19104490832800658,104.91914013197557,0.19104490832800658,104.91914013197557,0.19104490832800658,104.91914013197557,0.19104490832800658,104.91914013197557,0.19104490832800658,104.91914013197557,0.19104490832800658,104.91914013197557,0.19104490832800658,104.91914013197557,0.19104490832800658,104.91914013197557,0.19104490832800658,104.91914013197557,0.19104490832800658,104.91914013197557,0.19104490832800658,104.91914013197557,0.19104490832800658,104.91914013197557,0.19104490832800658,104.91914013197557,0.19104490832800658,104.91914013197557,0.19104490832800658,104.91914013197557,0.19104490832800658,104.91914013197557,0.19104490832800658,104.91914013197557,0.19104490832800658,104.91914013197557,0.19104490832800658,104.91914013197557,0.19104490832800658,104.91914013197557,0.19104490832800658,104.91914013197557,0.19104490832800658,104.91914013197557,0.19104490832800658,104.91914013197557,0.19104490832800658,104.91914013197557,0.19104490832800658,104.91914013197557,0.19104490832800658,104.91914013197557,0.19104490832800658,104.91914013197557,0.19104490832800658,104.91914013197557,0.19104490832800658,104.91914013197557,0.19104490832800658,104.91914013197557,0.19104490832800658,104.91914013197557,0.19104490832800658,104.91914013197557,0.19104490832800658,104.91914013197557,0.19104490832800658,104.91914013197557,0.19104490832800658,104.91914013197557,0.19104490832800658,104.91914013197557,0.19104490832800658,104.91914013197557,0.19104490832800658,104.91914013197557,0.19104490832800658,104.91914013197557,0.19104490832800658,108.8592808247196,0.19821942211546112,107.18026528601948,0.19516214039099428,107.18026528601948,0.19516214039099428,107.18026528601948,0.19516214039099428,107.18026528601948,0.19516214039099428,107.18026528601948,0.19516214039099428,107.18026528601948,0.19516214039099428,107.18026528601948,0.19516214039099428,107.18026528601948,0.19516214039099428,107.18026528601948,0.19516214039099428,107.18026528601948,0.19516214039099428,107.18026528601948,0.19516214039099428,107.18026528601948,0.19516214039099428,107.18026528601948,0.19516214039099428,107.18026528601948,0.19516214039099428,107.18026528601948,0.19516214039099428,107.18026528601948,0.19516214039099428,107.97012339668275,0.19660037530365165,109.42041958403999,0.1992411870927456,109.42041958403999,0.1992411870927456,109.42041958403999,0.1992411870927456,109.42041958403999,0.1992411870927456,109.42041958403999,0.1992411870927456,109.42041958403999,0.1992411870927456,109.42041958403999,0.1992411870927456,109.42041958403999,0.1992411870927456,109.42041958403999,0.1992411870927456,109.42041958403999,0.1992411870927456,109.88630742532071,0.20008951181039625,109.3973857644143,0.1991992453273699,109.3973857644143,0.1991992453273699,109.3973857644143,0.1991992453273699,109.3973857644143,0.1991992453273699,109.3973857644143,0.1991992453273699,110.3463594698145,0.200927210256608,110.3463594698145,0.200927210256608,110.3463594698145,0.200927210256608,110.3463594698145,110.3463594698145,0.200927210256608,0.200927210256608,110.3463594698145,0.200927210256608,110.3463594698145,0.200927210256608,111.3805244166575,0.20281029800606093,111.3805244166575,0.20281029800606093,111.3805244166575,0.20281029800606093,111.3805244166575,0.20281029800606093,111.3805244166575,0.20281029800606093,111.3805244166575,0.20281029800606093,111.3805244166575,0.20281029800606093,111.3805244166575,0.20281029800606093,111.3805244166575,0.20281029800606093,111.3805244166575,0.20281029800606093,111.3805244166575,0.20281029800606093,111.3805244166575,0.20281029800606093,111.3805244166575,0.20281029800606093,111.3805244166575,0.20281029800606093,111.3805244166575,0.20281029800606093,111.3805244166575,0.20281029800606093,111.3805244166575,0.20281029800606093,111.3805244166575,0.20281029800606093,111.3805244166575,0.20281029800606093,111.3805244166575,0.20281029800606093,111.3805244166575,0.20281029800606093,111.3805244166575,0.20281029800606093,111.3805244166575,0.20281029800606093,111.3805244166575,0.20281029800606093,111.3805244166575,0.20281029800606093,111.3805244166575,0.20281029800606093,111.3805244166575,0.20281029800606093,111.3805244166575,0.20281029800606093,111.3805244166575,0.20281029800606093,111.3805244166575,0.20281029800606093,111.3805244166575,0.20281029800606093,111.3805244166575,0.20281029800606093,111.3805244166575,0.20281029800606093,111.76904326697942,0.2035177432639051,111.76904326697942,0.2035177432639051,112.19946210030129,0.20430148326073685,112.19946210030129,0.20430148326073685,112.19946210030129,0.20430148326073685,112.19946210030129,0.20430148326073685,112.19946210030129,0.20430148326073685,112.19946210030129,0.20430148326073685,113.17332923198717,0.20607477607139613,114.66371744950187,0.20878859053870955,114.66371744950187,0.20878859053870955,115.15369795128305,0.20968078504132887,115.15369795128305,0.20968078504132887,115.20221506082513,0.2097691287575769,115.10813522467716,0.2095978208946856,114.63353214264708,0.2087336267906873,115.1270612799732,0.20963228292415415,115.1270612799732,0.20963228292415415,114.7651911762748,0.20897336177115244,114.7651911762748,0.20897336177115244,114.81914790228562,0.2090716103629866,114.96018041865943,0.20932841330788313,114.62884304842808,0.2087250885242272,114.23985477146485,0.2080167884979438,114.23985477146485,0.2080167884979438,114.23985477146485,0.2080167884979438,113.41397142365753,0.2065129560392236,113.94664145830046,0.20748288295445974,113.94664145830046,0.20748288295445974,114.92213924521029,0.20925914498863138,114.92213924521029,0.20925914498863138,114.92213924521029,0.20925914498863138,114.92213924521029,0.20925914498863138,114.92213924521029,0.20925914498863138,114.92213924521029,0.20925914498863138,115.3482474887012,0.2100350359291512,114.61610272632244,0.20870188995754355,114.542776898251,0.20856837260232733,114.542776898251,0.20856837260232733,115.65311945915926,0.2105901704601307,115.65311945915926,0.2105901704601307,114.47996846583797,0.20845400613689993,114.47996846583797,0.20845400613689993,114.47996846583797,0.20845400613689993,114.47996846583797,0.20845400613689993,114.47996846583797,0.20845400613689993,115.24258446935198,0.209842636507846,115.24258446935198,0.209842636507846,115.24258446935198,0.209842636507846,115.24258446935198,0.209842636507846,113.88563328134865,0.20737179453381163,115.35141739277668,0.2100408079363631,115.63195738638316,0.21055163691659942,114.03181998561,0.2076379826237946,116.21348716305144,0.21161053143988517,116.21348716305144,0.21161053143988517,116.21348716305144,0.21161053143988517,116.21348716305144,0.21161053143988517,116.21348716305144,0.21161053143988517,116.21348716305144,0.21161053143988517,116.21348716305144,0.21161053143988517,116.21348716305144,0.21161053143988517,116.21348716305144,0.21161053143988517,115.76097573299002,0.21078656352931407,115.76097573299002,0.21078656352931407,115.4623801743909,0.21024285757587258,115.4623801743909,0.21024285757587258,115.4623801743909,0.21024285757587258,115.4623801743909,0.21024285757587258,115.4623801743909,0.21024285757587258,115.95305499346186,0.21113631634526733,115.95305499346186,0.21113631634526733,115.95305499346186,0.21113631634526733,115.56520738717282,0.2104300933406228,115.56520738717282,0.2104300933406228,115.56520738717282,0.2104300933406228,115.56520738717282,0.2104300933406228,115.70348787138491,0.21068188517189992,115.70348787138491,0.21068188517189992,115.87163551756055,0.21098806144830465,115.87163551756055,0.21098806144830465,115.87163551756055,0.21098806144830465,115.87163551756055,0.21098806144830465,115.87163551756055,0.21098806144830465,115.87163551756055,0.21098806144830465,115.87163551756055,0.21098806144830465,115.87163551756055,0.21098806144830465,115.87163551756055,0.21098806144830465,115.87163551756055,0.21098806144830465,115.87163551756055,0.21098806144830465,115.87163551756055,0.21098806144830465,115.42045518753528,0.21016651730792518,115.42045518753528,0.21016651730792518,116.1490457266711,0.21149319147417137,116.1490457266711,0.21149319147417137,116.1490457266711,0.21149319147417137
Ketçap,52.0,0.0010146214791871,0.4027533062765265,100.0,0.10146214791871,100.0,0.10146214791871,100.0,0.10146214791871,100.0,0.10146214791871,100.05307996496724,0.10151600399128026,100.05307996496724,0.10151600399128026,100.05307996496724,0.10151600399128026,100.05307996496724,0.10151600399128026,97.73477689260824,0.09916380389879938,97.6430049947772,0.09907069016007423,98.83377334837203,0.10027886930836781,98.83377334837203,0.10027886930836781,99.09920798219338,0.10054818498916311,99.09920798219338,0.10054818498916311,99.70347144549943,0.10116128367812142,99.70347144549943,0.10116128367812142,99.70347144549943,0.10116128367812142,99.70347144549943,0.10116128367812142,99.70347144549943,0.10116128367812142,99.46942024372123,0.1009238103015677,99.99671025528339,0.10145881007305949,102.44889967111843,0.10394685412540097,100.95003314535163,0.10242607195392343,100.21153862213875,0.10167677954840962,100.21153862213875,0.10167677954840962,100.52389438812371,0.1019937024177259,100.667715193557,0.10213962609607251,99.78814372846307,0.10124719399510813,99.74037186471027,0.10119872363604375,99.78958415438302,0.1012486554821857,101.28634543738706,0.10276730162913723,101.28634543738706,0.10276730162913723,101.28634543738706,0.10276730162913723,101.28634543738706,0.10276730162913723,101.28634543738706,0.10276730162913723,101.28634543738706,0.10276730162913723,101.28634543738706,0.10276730162913723,101.3348321629847,0.10281649730238406,101.3348321629847,0.10281649730238406,101.4798131873356,0.10296359816376502,101.4798131873356,0.10296359816376502,101.4798131873356,0.10296359816376502,101.4798131873356,0.10296359816376502,101.4321689641438,0.10291525731155543,101.4321689641438,0.10291525731155543,101.4321689641438,0.10291525731155543,101.4321689641438,0.10291525731155543,101.4321689641438,0.10291525731155543,101.4321689641438,0.10291525731155543,101.4321689641438,0.10291525731155543,101.4321689641438,0.10291525731155543,101.4321689641438,0.10291525731155543,101.4321689641438,0.10291525731155543,101.4321689641438,0.10291525731155543,101.4321689641438,0.10291525731155543,101.4321689641438,0.10291525731155543,101.4321689641438,0.10291525731155543,101.4321689641438,0.10291525731155543,101.4321689641438,0.10291525731155543,0.10291525731155543,101.4321689641438,101.4321689641438,0.10291525731155543,101.4321689641438,0.10291525731155543,101.4321689641438,0.10291525731155543,101.4321689641438,0.10291525731155543,101.47956938891332,0.10296335080064918,101.47956938891332,0.10296335080064918,101.47956938891332,0.10296335080064918,101.47956938891332,0.10296335080064918,101.47956938891332,0.10296335080064918,101.47956938891332,0.10296335080064918,101.47956938891332,0.10296335080064918,101.47956938891332,0.10296335080064918,101.47956938891332,0.10296335080064918,101.22286185478248,0.10270288982265088,101.22286185478248,0.10270288982265088,101.22286185478248,0.10270288982265088,101.22286185478248,0.10270288982265088,101.22286185478248,0.10270288982265088,101.22286185478248,0.10270288982265088,101.22286185478248,0.10270288982265088,101.22286185478248,0.10270288982265088,101.22286185478248,0.10270288982265088,101.22286185478248,0.10270288982265088,101.22286185478248,0.10270288982265088,101.22286185478248,0.10270288982265088,101.22286185478248,0.10270288982265088,101.22286185478248,0.10270288982265088,101.22286185478248,0.10270288982265088,101.22286185478248,0.10270288982265088,101.27373675352204,0.10275450858766351,101.27373675352204,0.10275450858766351,101.27373675352204,0.10275450858766351,101.27373675352204,0.10275450858766351,101.51321865484393,0.10299749206862126,101.51321865484393,0.10299749206862126,101.51321865484393,0.10299749206862126,101.51321865484393,0.10299749206862126,101.66696603065542,0.10315348745848825,103.98155409728878,0.1055019182263646,104.80300776017086,0.10633538275688167,104.80300776017086,0.10633538275688167,104.80300776017086,0.10633538275688167,104.80300776017086,0.10633538275688167,104.80300776017086,0.10633538275688167,105.18237568892768,0.10672029760591306,105.18237568892768,0.10672029760591306,105.61024454408303,0.10715442253662888,105.61024454408303,0.10715442253662888,105.61024454408303,0.10715442253662888,105.84675599058262,0.10739439213032098,105.87690237761348,0.10742497930212237,105.87690237761348,0.10742497930212237,106.1212117865751,0.10767286087602235,106.73532434508618,0.10829595266852624,106.26799773676956,0.10782179305393252,106.26799773676956,0.10782179305393252,106.26799773676956,0.10782179305393252,106.26799773676956,0.10782179305393252,106.26799773676956,0.10782179305393252,106.26799773676956,0.10782179305393252,106.50306972353114,0.108060302140856,106.56432380478566,0.10812245184738471,106.56432380478566,0.10812245184738471,106.91173404655304,0.10847494174077148,106.91173404655304,0.10847494174077148,107.7657054227428,0.10934139944166459,107.7657054227428,0.10934139944166459,107.7657054227428,0.10934139944166459,107.7657054227428,0.10934139944166459,107.7657054227428,0.10934139944166459,107.7657054227428,0.10934139944166459,107.7657054227428,0.10934139944166459,107.7657054227428,0.10934139944166459,107.7657054227428,0.10934139944166459,107.7657054227428,0.10934139944166459,107.7657054227428,0.10934139944166459,107.7657054227428,0.10934139944166459,107.7657054227428,0.10934139944166459,107.7657054227428,0.10934139944166459,107.7657054227428,0.10934139944166459,107.7657054227428,0.10934139944166459,107.7657054227428,0.10934139944166459,107.80149146090596,0.10937770872463994,107.80149146090596,0.10937770872463994,107.80149146090596,0.10937770872463994,109.8339682003483,0.11143990328042629,109.8339682003483,0.11143990328042629,109.8339682003483,0.11143990328042629,109.8339682003483,0.11143990328042629,110.88096024303798,0.11250220389547722,110.88096024303798,110.88096024303798,0.11250220389547722,0.11250220389547722,111.29185258308316,0.1129191040893205,111.29185258308316,0.1129191040893205,111.6034790929632,0.1132352870397289,111.6034790929632,0.1132352870397289,111.6034790929632,0.1132352870397289,111.6034790929632,0.1132352870397289,111.6034790929632,0.1132352870397289,111.6034790929632,0.1132352870397289,111.6034790929632,0.1132352870397289,111.73649370658455,0.11337024652375491,111.8696668536815,0.1135053668592504,111.8696668536815,0.1135053668592504,111.8696668536815,0.1135053668592504,111.8696668536815,0.1135053668592504,111.8696668536815,0.1135053668592504,111.8696668536815,0.1135053668592504,111.8696668536815,0.1135053668592504,111.8696668536815,0.1135053668592504,111.98641585232106,0.1136238229009437,111.98641585232106,0.1136238229009437,111.98641585232106,0.1136238229009437,111.72138255352446,0.11335491442328485,110.53891653472903,0.11215515900220616,110.53891653472903,0.11215515900220616,110.81035698106851,0.11243056830938232,110.81035698106851,0.11243056830938232,110.81035698106851,0.11243056830938232,110.81035698106851,0.11243056830938232,110.81035698106851,0.11243056830938232,111.08736074468486,0.11271162227776314,111.08736074468486,0.11271162227776314,111.08736074468486,0.11271162227776314,111.6272023342779,0.11325935714992275,111.6272023342779,0.11325935714992275,111.6272023342779,0.11325935714992275,113.63672913036996,0.11529826620023978,111.84307941943148,0.11347839067738387,111.9802889515063,0.11361760641577619,111.9802889515063,0.11361760641577619,112.03220638465936,0.11367028295859755,112.03220638465936,0.11367028295859755,112.03220638465936,0.11367028295859755,112.01072727110657,0.113648489788633,111.82622743108037,0.11346129228803582,110.76145654185187,0.11238095287341143,110.09757267205605,0.11170736203943074,110.14717509719291,0.11175768972539438,110.71140898414104,0.11233017354637718,110.19027334602434,0.1118014181343741,109.19136725066004,0.11078790655432655,107.79257329191974,0.1093686601588315,110.13387270850257,0.11174419283610465,110.10205941419949,0.11171191438438105,110.09508541174222,0.111704838411692,110.09508541174222,0.111704838411692,110.09508541174222,0.111704838411692,111.02530109063792,0.1126486552197762,109.17946634544073,0.11077583164026927,110.74351689689168,0.11236275092430584,110.84772846120161,0.11246848621583438,110.63150083286753,0.11224909701973294,108.63047999036553,0.11021881829262935,109.5560410807511,0.11115791245523438,109.5560410807511,0.11115791245523438,110.83031941468069,0.11245082262330208,110.93937676229497,0.11256147455065471,110.93937676229497,0.11256147455065471,110.92610215941112,0.11254800585344107,110.71655903899386,0.11233539890264985,110.97888211023044,0.11260155752521281,111.2161616750803,0.11284230646828164,111.87885801739867,0.11351469241137659,112.18790676341293,0.11382825990719848,111.62875552237983,0.11326093304793218,111.6901937114395,0.11332326955419449,110.91847464382552,0.11254026681229509,110.91847464382552,0.11254026681229509,110.91847464382552,0.11254026681229509,109.97296800014638,0.11158093546290414,108.6707900151785,0.11025971770963114,110.02986843764286,0.1116386678689632,109.82888232271766,0.11143474303974173,109.82888232271766,0.11143474303974173,108.49246125653866,0.1100787815207584,109.13367228616436,0.1107293680041083,109.20740186180795,0.11080417561520764,111.66659234980519,0.11329932310574224,111.65413498545465,0.11328668359629812,111.65413498545465,0.11328668359629812,111.47419516382638,0.11310411278831299,111.89446272436554,0.11353052528224158,113.5173715476207,0.11517716343307853,113.73434053818634,0.11539730483122398,114.12962353144245,0.11579836744653899,113.06414919247034,0.11471731429669521,112.7986860127456,0.1144479696526132,113.09445740576234,0.11474806566089706,112.79868601274563,0.11444796965261322,113.08240434451314,0.11473583636606366,112.05720263039392,0.11369564468641886,114.04178035714325,0.11570923987509506,114.04178035714325,0.11570923987509506,112.47601896589072,0.11412058473624835,112.47601896589072,0.11412058473624835,112.96553003164213,0.11461725317785951,113.40380944823151,0.11506194088781668,114.45116415397321,0.11612460946858989,118.13975234329432,0.11986713027335094,118.83005655964492,0.12056752775843368,118.8018588289682,0.12053891773522474,118.8018588289682,0.12053891773522474,119.6314824895623,0.12138067172090536,120.13654597259719,0.1218931199791456,120.68940584307985,0.12245406347871791,119.93025810800783,0.1216838158808376,119.93025810800783,0.1216838158808376,119.68299623734873,0.1214329386758829,119.68299623734873,0.1214329386758829,119.68299623734873,0.1214329386758829,119.80105707442452,0.1215527257370308,119.80105707442452,0.1215527257370308,120.47711027175451,0.12223866383211492,120.64013862498003,0.12240407590101403,121.305078416535,0.1230787380958919,121.305078416535,0.1230787380958919,121.84528994376205,0.12362684831472094,122.07357238393487,0.12385846858184152,122.32563710079106,0.12411421885770901,122.7052814962079,0.12449941421575195,121.65022120286164,0.1234289273802854,122.14017149084889,0.12392604146621115
Kivi,53.0,0.000737117928545,0.0,100.0,0.0737117928545,100.0,0.0737117928545,100.0,0.0737117928545,100.0,0.0737117928545,100.0,0.0737117928545,100.0,0.0737117928545,100.0,0.0737117928545,100.0,0.0737117928545,100.0,0.0737117928545,100.0,0.0737117928545,100.0,0.0737117928545,100.0,0.0737117928545,100.0,0.0737117928545,100.0,0.0737117928545,100.0,0.0737117928545,100.0,0.0737117928545,100.0,0.0737117928545,100.0,0.0737117928545,100.0,0.0737117928545,100.0,0.0737117928545,99.99999999999964,0.07371179285449975,97.77654252362385,0.07207284248530572,97.7765158905358,0.07207282285357904,97.7765158905358,0.07207282285357904,97.90654759470432,0.0721686715540009,97.90654759470432,0.0721686715540009,97.90654759470432,0.0721686715540009,97.90654759470432,0.0721686715540009,97.90654759470432,0.0721686715540009,98.03389745736766,0.07226254342096779,97.90654759470432,0.0721686715540009,97.90654759470432,0.0721686715540009,97.90654759470432,0.0721686715540009,97.90654759470432,0.0721686715540009,97.90654759470432,0.0721686715540009,100.35574203109464,0.07397401668355687,100.35574203109464,0.07397401668355687,98.12437478193186,0.07232923587903085,98.12437478193186,0.07232923587903085,98.12437478193186,0.07232923587903085,89.21436170510918,0.06576150549653446,102.47902173228918,0.07553912421862305,102.20898478437799,0.07534007514294813,102.20898478437799,0.07534007514294813,100.39092613340515,0.07399995151616971,100.39092613340515,0.07399995151616971,100.39092613340515,0.07399995151616971,100.39092613340515,0.07399995151616971,100.39092613340515,0.07399995151616971,101.73125892557341,0.07498793484749372,101.73125892557341,0.07498793484749372,102.97264097469585,0.07590297981207579,102.97264097469585,0.07590297981207579,103.76473821296305,0.07648684888755353,104.53336590342937,0.07705341813857239,104.63944448060715,0.07713161055964468,104.63944448060715,0.07713161055964468,104.63944448060715,0.07713161055964468,106.68243546497531,0.07863753584207825,0.07863753584207825,106.68243546497531,106.68243546497531,0.07863753584207825,111.2215377295719,0.0819833895008116,111.2215377295719,0.0819833895008116,111.2215377295719,0.0819833895008116,111.2215377295719,0.0819833895008116,111.2215377295719,0.0819833895008116,111.2215377295719,0.0819833895008116,111.2215377295719,0.0819833895008116,111.2215377295719,0.0819833895008116,111.2215377295719,0.0819833895008116,111.2215377295719,0.0819833895008116,111.2215377295719,0.0819833895008116,111.2215377295719,0.0819833895008116,111.2215377295719,0.0819833895008116,111.2215377295719,0.0819833895008116,103.79852075095756,0.07651175060198104,103.79852075095756,0.07651175060198104,103.79852075095756,0.07651175060198104,103.79852075095756,0.07651175060198104,103.79852075095756,0.07651175060198104,103.79852075095756,0.07651175060198104,103.79852075095756,0.07651175060198104,111.22153772957202,0.08198338950081169,111.22153772957202,0.08198338950081169,111.22153772957202,0.08198338950081169,111.22153772957202,0.08198338950081169,111.22153772957202,0.08198338950081169,111.22153772957202,0.08198338950081169,111.22153772957202,0.08198338950081169,111.22153772957202,0.08198338950081169,111.22153772957202,0.08198338950081169,111.22153772957202,0.08198338950081169,111.22153772957202,0.08198338950081169,111.22153772957202,0.08198338950081169,111.22153772957202,0.08198338950081169,111.22153772957202,0.08198338950081169,111.22153772957202,0.08198338950081169,111.22153772957202,0.08198338950081169,111.22153772957202,0.08198338950081169,111.22153772957202,0.08198338950081169,111.22153772957202,0.08198338950081169,111.22153772957202,0.08198338950081169,111.22153772957202,0.08198338950081169,111.22153772957202,0.08198338950081169,111.22153772957202,0.08198338950081169,111.22153772957202,0.08198338950081169,111.22153772957202,0.08198338950081169,111.22153772957202,0.08198338950081169,111.22153772957202,0.08198338950081169,111.22153772957202,0.08198338950081169,111.22153772957202,0.08198338950081169,111.22153772957202,0.08198338950081169,111.22153772957202,0.08198338950081169,118.7943936106142,0.08756547734101532,118.7943936106142,0.08756547734101532,118.7943936106142,0.08756547734101532,118.7943936106142,0.08756547734101532,118.7943936106142,0.08756547734101532,118.7943936106142,0.08756547734101532,118.7943936106142,0.08756547734101532,118.7943936106142,0.08756547734101532,118.7943936106142,0.08756547734101532,118.7943936106142,0.08756547734101532,118.7943936106142,0.08756547734101532,118.7943936106142,0.08756547734101532,130.13839894689033,0.09592734705589462,130.13839894689033,0.09592734705589462,130.13839894689033,0.09592734705589462,136.4965144759733,0.10061402800414204,136.4965144759733,0.10061402800414204,136.4965144759733,0.10061402800414204,136.4965144759733,0.10061402800414204,136.4965144759733,0.10061402800414204,136.4965144759733,0.10061402800414204,136.4965144759733,0.10061402800414204,136.4965144759733,0.10061402800414204,136.4965144759733,0.10061402800414204,136.4965144759733,0.10061402800414204,136.4965144759733,0.10061402800414204,130.13839894689022,0.09592734705589454,130.13839894689022,0.09592734705589454,130.13839894689022,0.09592734705589454,130.13839894689022,0.09592734705589454,130.13839894689022,0.09592734705589454,130.13839894689022,0.09592734705589454,130.13839894689022,0.09592734705589454,136.4965144759733,0.10061402800414204,136.4965144759733,0.10061402800414204,136.4965144759733,0.10061402800414204,136.4965144759733,0.10061402800414204,136.4965144759733,136.4965144759733,0.10061402800414204,0.10061402800414204,136.4965144759733,0.10061402800414204,136.4965144759733,0.10061402800414204,136.4965144759733,0.10061402800414204,136.4965144759733,0.10061402800414204,136.4965144759733,0.10061402800414204,136.4965144759733,0.10061402800414204,136.4965144759733,0.10061402800414204,136.4965144759733,0.10061402800414204,136.4965144759733,0.10061402800414204,139.56699558242406,0.1028773346769656,139.56699558242406,0.1028773346769656,139.56699558242406,0.1028773346769656,139.56699558242406,0.1028773346769656,139.56699558242406,0.1028773346769656,145.2683649083214,0.10707991622434103,145.2683649083214,0.10707991622434103,145.2683649083214,0.10707991622434103,145.2683649083214,0.10707991622434103,145.2683649083214,0.10707991622434103,145.2683649083214,0.10707991622434103,145.2683649083214,0.10707991622434103,127.40111098981306,0.09390964302714264,145.26836490832144,0.10707991622434107,145.26836490832144,0.10707991622434107,145.26836490832144,0.10707991622434107,145.26836490832144,0.10707991622434107,165.97481242458073,0.12234300992505188,165.97481242458073,0.12234300992505188,165.97481242458073,0.12234300992505188,165.97481242458073,0.12234300992505188,145.26836490832153,0.10707991622434114,145.26836490832153,0.10707991622434114,150.18924456306286,0.1107071848420633,150.18924456306286,0.1107071848420633,150.18924456306286,0.1107071848420633,150.18924456306286,0.1107071848420633,150.18924456306286,0.1107071848420633,150.18924456306286,0.1107071848420633,151.4058478373417,0.11160396492746079,151.4058478373417,0.11160396492746079,151.4058478373417,0.11160396492746079,153.65160170608266,0.11325935036720904,158.89527071599525,0.11712455280577143,158.89527071599525,0.11712455280577143,158.89527071599525,0.11712455280577143,158.89527071599525,0.11712455280577143,158.89527071599525,0.11712455280577143,158.89527071599525,0.11712455280577143,158.89527071599525,0.11712455280577143,154.72456726210106,0.11405025251526146,153.4439138877966,0.11310625995281,153.4439138877966,0.11310625995281,153.4439138877966,0.11310625995281,153.5551500471206,0.1131882541201502,153.5551500471206,0.1131882541201502,154.22100343087922,0.11367906658710103,154.22100343087922,0.11367906658710103,154.99910751103997,0.11425262105486153,154.54945605478042,0.11392117490485626,156.0602102600471,0.11503477891518309,158.54948570769113,0.11686966847672837,157.9282880122626,0.11641177251825717,158.49470679226005,0.11682928995605787,158.49470679226005,0.11682928995605787,157.11527541114486,0.11581248635384028,153.47336110727997,0.11312796602623698,151.4000058775658,0.11159965871417213,151.2548563232353,0.1114926663753548,150.507161678284,0.11094152724748411,151.38656282127448,0.11158974959636536,152.6451812026532,0.1125174997704759,151.51481718687302,0.1116842881886622,152.07579598312765,0.11209779571691508,150.56643266917794,0.11098521695751466,147.38443340230026,0.10863970824928208,147.2136859216339,0.108513847220029,145.88094651154265,0.10753146110677227,146.50427563404725,0.10799092817835462,144.48985901421892,0.10650606557232015,142.86381280322468,0.10530747775755363,140.27247792534948,0.10339735836020784,139.86687048080105,0.10309837784087988,139.11845041645628,0.10254670399336856,139.73487121335154,0.10300107881428804,137.9506898611825,0.10168592675182858,135.35572097434624,0.09977312866132511,134.95700359107337,0.09947922692969213,134.64180587031746,0.09924688903868643,133.5753237799513,0.0984607659694054,131.56729586972668,0.09698061259576006,134.27431639593934,0.09897600595857074,135.17994218586838,0.09964355896488017,134.81117294110015,0.0993717325430655,136.43243459219894,0.1005667935729529,134.26219287722873,0.0989670694955721,135.48875219169872,0.0998711883566918,134.4922446640544,0.0991366447921351,134.7438623032532,0.0993221166651267,134.69902020440315,0.09928906275011076,134.40603629654578,0.0990730990588539,136.58750020633178,0.10068109521723105,136.26771407957864,0.10044537512990134,133.85875470985255,0.09866968798933978,134.03069548740007,0.09879642861911803,134.63052735762494,0.09923857544477345,135.89200336365784,0.10016843202524964,132.79914641017,0.09788863171440869,133.07688083278484,0.09809335473669217,132.80838053819446,0.09789543835572999,132.30358144083596,0.0975233418907537,132.66852190132016,0.09779234604702809,133.48695695022963,0.09839562919492886,135.5571405726601,0.0999215986584026,134.70514024796742,0.09929357394394546,134.25451099301984,0.09896140704099672,133.29290984038835,0.09825259359128251,133.5171954456945,0.09841791853206824,133.5171954456945,0.09841791853206824,134.47073993242205,0.09912079326890036,135.45982834018915,0.09984986806718152,136.08338518230389,0.1003095029949712,136.08573671550778,0.10031123635225535,141.39034278021768,0.10422135658642155,138.70951521498364,0.10224527052474991,138.70951521498364,0.10224527052474991,139.81277895694893,0.10305850600886617,143.73701400573765,0.10595113001915299,138.23469036964312,0.1018952686183308,142.8240176897203,0.10527814406592108,141.52355681829377,0.10431955104222132,138.9644761653551,0.10243320681234759
Kola,54.0,0.0077745991229139,-0.47778293366050884,100.0,0.77745991229139,100.0,0.77745991229139,100.0,0.77745991229139,100.0,0.77745991229139,100.0,0.77745991229139,100.0,0.77745991229139,100.0,0.77745991229139,100.0,0.77745991229139,100.06721785062432,0.7779825041338979,100.37734826378129,0.780393643772017,100.37734826378129,0.780393643772017,100.03281781728836,0.777715057664896,100.78265172093283,0.7835447156745015,100.77919521730622,0.7835178427444376,100.8029492430854,0.7837025207724261,100.8029492430854,0.7837025207724261,100.8029492430854,0.7837025207724261,100.8029492430854,0.7837025207724261,100.8029492430854,0.7837025207724261,101.4190139731922,0.7884921770827725,101.4190139731922,0.7884921770827725,101.61951228604839,0.7900509710900501,101.51915916383578,0.7892707657941143,101.51915916383578,0.7892707657941143,100.64388201352958,0.782465836829037,100.05529553916428,0.7778898129416776,100.05529553916428,0.7778898129416776,101.86455616026882,0.7919560889796396,101.84114771371353,0.791774097691582,101.91603223796616,0.7923562948481565,101.84114771371364,0.7917740976915829,101.84114771371364,0.7917740976915829,101.84114771371364,0.7917740976915829,101.8651520455893,0.7919607217491296,101.8651520455893,0.7919607217491296,101.8610740796873,0.7919290171990047,101.8893924211051,0.7921491809513539,101.8893924211051,0.7921491809513539,101.8893924211051,0.7921491809513539,101.8893924211051,0.7921491809513539,101.8893924211051,0.7921491809513539,101.8893924211051,0.7921491809513539,101.8893924211051,0.7921491809513539,101.8893924211051,0.7921491809513539,101.8893924211051,0.7921491809513539,101.8893924211051,0.7921491809513539,101.8893924211051,0.7921491809513539,101.88939242113126,0.7921491809515573,101.88939413058367,0.7921491942418644,101.89114456258079,0.792162803148934,101.89289673735911,0.7921764256054287,101.89289673735911,0.7921764256054287,101.89640443155102,0.7922036965216166,101.89640443155102,0.7922036965216166,101.89640443155102,0.7922036965216166,101.89640443155102,0.7922036965216166,101.8964044315406,0.7922036965215355,101.89640439714374,0.7922036962541138,101.89639408601114,0.7922036160891913,0.7922036160891913,101.89639408601114,101.8960262105266,0.7922007560047718,101.88258898744904,0.7920962869820186,101.8533165326847,0.7918687053808823,101.8533165326847,0.7918687053808823,101.81442751967576,0.7915663588944519,102.25641263138918,0.7950026159563202,102.21277308994559,0.7946633360156884,102.21277308994559,0.7946633360156884,102.21277308994559,0.7946633360156884,102.17492944531783,0.7943691168493576,102.08669754918662,0.7936831492270828,102.08669754918662,0.7936831492270828,102.08669754918662,0.7936831492270828,102.28072990674416,0.7951916730239665,102.28072990674416,0.7951916730239665,102.36912950193138,0.7958789444391752,102.36912950193138,0.7958789444391752,102.36912950193138,0.7958789444391752,102.36912950193138,0.7958789444391752,102.36912950193138,0.7958789444391752,102.36912950193138,0.7958789444391752,102.36912950193138,0.7958789444391752,102.36912950193138,0.7958789444391752,104.17517485011687,0.8099202230191208,104.17517485011687,0.8099202230191208,105.53665226019315,0.8205051640973668,105.53665226019315,0.8205051640973668,105.53665226019315,0.8205051640973668,105.53665226019315,0.8205051640973668,105.53665226019315,0.8205051640973668,107.07795168776266,0.8324881492750965,106.76912127225064,0.8300871165975277,106.76912127225064,0.8300871165975277,106.76912127225064,0.8300871165975277,106.76912127225064,0.8300871165975277,106.9544381383063,0.8315278809418251,107.71419692444223,0.8374347009341436,108.35657209815,0.8424289103962337,108.46350863177257,0.8432602990767432,108.46350863177257,0.8432602990767432,108.46350863177257,0.8432602990767432,108.46350863177257,0.8432602990767432,108.46350863177257,0.8432602990767432,108.46350863177257,0.8432602990767432,110.01201875497173,0.8552993445223908,110.15554879041132,0.8564152330100311,110.15554879041132,0.8564152330100311,110.15554879041132,0.8564152330100311,110.15554879041132,0.8564152330100311,110.02156902626965,0.8553735940532471,110.04312312989796,0.855541168568411,110.6606295760072,0.8603420336427254,110.93665203030405,0.8624879975738063,111.25889153021214,0.86499328050716,111.05143208122796,0.8633803664570474,111.05143208122796,0.8633803664570474,111.05143208122796,0.8633803664570474,111.05143208122796,0.8633803664570474,110.6111216271797,0.8599571291871939,110.39955401157913,0.8583122757885088,110.1558096528608,0.856417261111002,110.1558096528608,0.856417261111002,110.1558096528608,0.856417261111002,110.33497368409726,0.8578101896311108,110.8109265070916,0.8615105320313109,110.8109265070916,0.8615105320313109,110.90779679973926,0.8622636597235659,110.90779679973926,0.8622636597235659,110.90779679973926,0.8622636597235659,110.90779679973926,0.8622636597235659,110.90779679973926,0.8622636597235659,111.07853068645494,0.8635910472494772,111.07853068645494,0.8635910472494772,111.07853068645494,0.8635910472494772,111.07853068645494,0.8635910472494772,111.07853068645494,0.8635910472494772,111.07853068645494,0.8635910472494772,111.07853068645494,0.8635910472494772,111.07853068645494,0.8635910472494772,111.07853068645494,0.8635910472494772,111.07853068645494,0.8635910472494772,111.07853068645494,0.8635910472494772,110.5512049132001,0.8594913007552403,110.5512049132001,0.8594913007552403,110.5512049132001,0.8594913007552403,110.5512049132001,0.8594913007552403,110.5512049132001,0.8594913007552403,110.5512049132001,0.8594913007552403,110.5512049132001,0.8594913007552403,110.5512049132001,0.8594913007552403,110.5512049132001,110.5512049132001,0.8594913007552403,0.8594913007552403,110.5512049132001,0.8594913007552403,110.5512049132001,0.8594913007552403,111.0611062914167,0.8634555795630957,111.0611062914167,0.8634555795630957,111.0611062914167,0.8634555795630957,111.0611062914167,0.8634555795630957,111.31714977666303,0.8654462150189196,111.31714977666303,0.8654462150189196,111.31714977666303,0.8654462150189196,111.43057713991578,0.8663280672977789,111.43057713991578,0.8663280672977789,111.43057713991578,0.8663280672977789,111.43057713991578,0.8663280672977789,111.43057713991578,0.8663280672977789,111.43057713991578,0.8663280672977789,111.43057713991578,0.8663280672977789,112.04373624955446,0.8710951335737824,112.04373624955446,0.8710951335737824,111.7214888823569,0.8685897894754069,111.7214888823569,0.8685897894754069,111.7214888823569,0.8685897894754069,111.7310884575174,0.8686644223240301,112.07743312134414,0.8713571132436434,112.53757299024592,0.8749345162648249,112.53757299024592,0.8749345162648249,112.53757299024592,0.8749345162648249,112.53757299024592,0.8749345162648249,112.53757299024592,0.8749345162648249,112.53757299024592,0.8749345162648249,112.69340821001089,0.8761460726277287,113.0384579836627,0.8788286962953237,113.20453181423188,0.8801198537528059,113.30233869617356,0.8808802630513646,113.30233869617356,0.8808802630513646,113.30233869617356,0.8808802630513646,113.54323787872758,0.8827531576247597,113.54323787872758,0.8827531576247597,114.02618330424596,0.8865078647064102,114.02618330424596,0.8865078647064102,113.8802584137862,0.8853733571810304,113.8802584137862,0.8853733571810304,113.8802584137862,0.8853733571810304,114.026183304246,0.8865078647064105,115.50648990050394,0.8980166550713211,115.92007845650387,0.9012321402960455,115.21311084951682,0.8957357505588354,116.72740707366307,0.9075087966549147,116.72740707366307,0.9075087966549147,117.17317392891611,0.910974455256789,117.17317392891611,0.910974455256789,117.2697242599498,0.9117250953757605,116.64407054681362,0.9068608885663643,116.5108158020924,0.9058248863449304,117.48100327231144,0.9133677049999575,117.48100327231144,0.9133677049999575,118.01837482913704,0.9175455534343328,118.71933077055871,0.9229952048817109,119.25115831651414,0.9271299508540374,118.63420458119185,0.9223333828845223,118.19216250261306,0.9188966829281126,118.03656799705762,0.9176869980216911,118.03656799705762,0.9176869980216911,118.03656799705762,0.9176869980216911,118.03656799705762,0.9176869980216911,118.80284442978694,0.923644490103498,118.81284687644349,0.923722255116501,119.05798232786375,0.9256280849821081,119.05798232786375,0.9256280849821081,119.05798232786375,0.9256280849821081,119.05798232786375,0.9256280849821081,119.39981331747025,0.9282856838940875,119.90493069218984,0.932212768992551,121.86444890741588,0.9474472375899812,122.31266481050255,0.9509319365569949,122.25847749093093,0.9505106518697803,122.25847749093093,0.9505106518697803,122.34302397255874,0.9511679668716894,122.10327624766886,0.9493040244200399,122.36833843824289,0.9513647766943943,123.13787107514796,0.9573475844583301,123.1376906328683,0.957346181591941,122.08255100847028,0.9491428939935445,122.52449140404187,0.9525788034053355,123.05140094871155,0.9566753138891794,123.27392356932367,0.9584053380602189,123.17131721046364,0.9576076147526204,122.9191912417142,0.9556474364171171,123.25773262681359,0.9582794599727809,123.25773262681359,0.9582794599727809,123.25773262681359,0.9582794599727809,123.51639804422656,0.960290479900128,123.85388362078606,0.9629142949676436,124.17723751779806,0.9654282418917438,124.17723751779806,0.9654282418917438,123.79292719736064,0.9624403832115442,123.47274503579922,0.9599510952590962,124.596220861997,0.9686856694320684,123.90226391626942,0.9632904323704747,123.45546441891616,0.9598167453902338,122.66719005285351,0.9536882281952276,123.2599771896433,0.958296910548988,123.00789121535996,0.9563370431544259,122.9404173619137,0.9558124609926031,122.9404173619137,0.9558124609926031,123.04055815583266,0.9565910155211732,122.7888552082344,0.954634126005541,123.02719230093469,0.9564871013574064,123.06906936685476,0.956812678757379,122.6551673068894,0.9535947561649999,122.45240503491475,0.9520183607831458,122.45240503491475,0.9520183607831458,122.37205514297483,0.9513936725837435,122.39754653106559,0.9515918579072358,122.8391724566537,0.9550253224409692,122.72284077292035,0.9541208902346487,122.9531070418342,0.955911118166983,122.10236710158746,0.9492969561737129,122.10236710158746,0.9492969561737129,121.70515561213617,0.9462087960762136,120.89361919576524,0.9398994257652834,121.56665167702565,0.9451319835037831,123.1189214063201,0.9572002583796816,125.80881436350164,0.9781130978053174,124.7454286392638,0.9698457000863389,124.7454286392638,0.9698457000863389,124.8928348650332,0.9709917243999175,124.85648803043861,0.9707091423315578,127.00868962849836,0.987441646988167,127.39535852728298,0.990447842669516,128.36942141683255,0.9980207911562711,127.75609422926418,0.9932524181417428
Konserve Balık,55.0,0.0009952910988166,-0.06565784872002434,100.0,0.09952910988166,100.14893918068557,0.0996773477224614,100.14893918068557,0.0996773477224614,100.14893918068557,0.0996773477224614,100.14893918068557,0.0996773477224614,100.14893918068557,0.0996773477224614,100.14893918068557,0.0996773477224614,100.14893918068557,0.0996773477224614,99.61499533868493,0.09914591816925021,99.61499533868493,0.09914591816925021,99.61499533868493,0.09914591816925021,99.61499533868493,0.09914591816925021,99.5591848979112,0.09909037053432708,101.44473285542466,0.10096703963283206,101.45547976039676,0.10097773593169061,101.5407030156234,0.10106255787902986,101.47192581548956,0.10099410454393512,101.47192581548956,0.10099410454393512,101.47192581548956,0.10099410454393512,101.51100345110721,0.10103299816682818,101.56363176393677,0.10108537865813316,101.61697734160889,0.10113847303675146,101.34424178077614,0.10086702176072387,101.34424178077614,0.10086702176072387,101.34424178077614,0.10086702176072387,101.34424178077614,0.10086702176072387,101.34424178077614,0.10086702176072387,101.85231415184133,0.10137270166919969,101.80196402538697,0.10132258863651537,101.87307566012258,0.10139336541359004,101.9577708535181,0.10147766178568915,102.06092984974508,0.10158033501639671,103.11112842809374,0.10262558831341698,103.11112842809374,0.10262558831341698,103.23208441187042,0.10274597472741852,103.52128204749533,0.1030338105599548,103.78975397953387,0.10330101828419484,103.95330870010211,0.10346380284174586,103.95330870010211,0.10346380284174586,103.95330870010211,0.10346380284174586,103.97410817666031,0.10348450437562427,103.97410817666031,0.10348450437562427,103.97410817666031,0.10348450437562427,103.97410817666031,0.10348450437562427,104.1488720533448,0.10365844530648304,104.1488720533448,0.10365844530648304,104.1488720533448,0.10365844530648304,104.1488720533448,0.10365844530648304,104.19936633805705,0.10370870181859825,104.79850966421832,0.10430502383804192,104.79850966421832,0.10430502383804192,104.79850966421832,0.10430502383804192,104.79850966421832,0.10430502383804192,104.79850966421832,0.10430502383804192,105.82659230523232,0.10532826533949102,105.97485824304522,0.10547583310765389,106.0523156505888,0.10555292577591943,106.05231563012478,0.10555292575555178,106.05231145419548,0.10555292159928652,0.10555292159928652,106.05231145419548,106.05240415037878,0.10555301385897264,106.05428467824878,0.10555488553162273,106.06703066013526,0.10556757149394003,106.06703066013526,0.10556757149394003,106.06703066013526,0.10556757149394003,106.06703066013526,0.10556757149394003,106.06703066013526,0.10556757149394003,106.06703066013526,0.10556757149394003,106.06703066013526,0.10556757149394003,106.06703066013526,0.10556757149394003,106.06703066013526,0.10556757149394003,106.06703066013526,0.10556757149394003,106.06703066013526,0.10556757149394003,106.06703066013526,0.10556757149394003,106.06703066013526,0.10556757149394003,106.06703066013526,0.10556757149394003,106.06703066013526,0.10556757149394003,106.06703066013526,0.10556757149394003,106.06703066013526,0.10556757149394003,106.06703066013526,0.10556757149394003,106.06703066013526,0.10556757149394003,106.06703066013526,0.10556757149394003,106.06703066013526,0.10556757149394003,106.06703066013526,0.10556757149394003,106.06703066013526,0.10556757149394003,106.06703066013526,0.10556757149394003,106.06703066013526,0.10556757149394003,106.06703066013526,0.10556757149394003,106.06703066013526,0.10556757149394003,106.06703066013526,0.10556757149394003,106.06703066013526,0.10556757149394003,106.06703066013526,0.10556757149394003,106.06703066013526,0.10556757149394003,106.30308066158672,0.10580250995926031,106.30308066158672,0.10580250995926031,106.30308066158672,0.10580250995926031,106.30308066158672,0.10580250995926031,106.42462537134159,0.10592348232698758,106.42462537134159,0.10592348232698758,106.42462537134159,0.10592348232698758,106.42462537134159,0.10592348232698758,106.42462537134159,0.10592348232698758,106.89218420472567,0.10638883947202782,106.89218420472567,0.10638883947202782,106.89218420472567,0.10638883947202782,106.89218420472567,0.10638883947202782,106.89218420472567,0.10638883947202782,106.89218420472567,0.10638883947202782,106.89218420472567,0.10638883947202782,107.29080878179195,0.10678558696535143,107.32031668284026,0.10681495591660957,108.95820132135216,0.10844512791820891,110.0447133598139,0.10952652367884695,111.81335200117373,0.11128683397561548,111.50727088234285,0.11098219416252729,110.93678532662972,0.11041439496692255,112.54791948289966,0.11201794245165743,112.54791948289966,0.11201794245165743,112.54791948289966,0.11201794245165743,112.54791948289966,0.11201794245165743,112.54791948289966,0.11201794245165743,112.54791948289966,0.11201794245165743,112.54791948289966,0.11201794245165743,112.54791948289966,0.11201794245165743,112.60203390779897,0.11207180205707729,112.60203390779897,0.11207180205707729,113.14942176822281,0.1126166123221574,113.71351691430401,0.11317805119993767,113.71351691430401,0.11317805119993767,113.71351691430401,0.11317805119993767,113.71351691430401,0.11317805119993767,113.9661333747638,0.11342947811444785,113.9661333747638,0.11342947811444785,115.48243068544278,0.11493863533092619,115.48243068544278,0.11493863533092619,115.48243068544278,0.11493863533092619,115.48243068544278,0.11493863533092619,115.48243068544278,0.11493863533092619,115.75747710775543,0.11521238658681533,115.75747710775543,0.11521238658681533,115.75747710775543,0.11521238658681533,115.75747710775543,0.11521238658681533,114.22631532997724,0.1136884348985445,114.22631532997724,0.1136884348985445,114.22631532997724,0.1136884348985445,114.22631532997724,0.1136884348985445,114.22631532997724,0.1136884348985445,114.22631532997724,0.1136884348985445,114.22631532997724,0.1136884348985445,114.22631532997724,0.1136884348985445,114.22631532997724,114.22631532997724,0.1136884348985445,0.1136884348985445,114.22631532997724,0.1136884348985445,114.22631532997724,0.1136884348985445,115.01443617658333,0.11447284456196334,115.01443617658333,0.11447284456196334,115.01443617658333,0.11447284456196334,115.01443617658333,0.11447284456196334,115.20268865012603,0.1146602105732106,115.20268865012603,0.1146602105732106,115.72344971682229,0.11517851942750361,115.86590255394134,0.11532030146828938,115.86590255394134,0.11532030146828938,115.86590255394134,0.11532030146828938,115.86590255394134,0.11532030146828938,115.86590255394134,0.11532030146828938,115.86590255394134,0.11532030146828938,116.29663006914069,0.11574900073018268,116.29663006914069,0.11574900073018268,116.29663006914069,0.11574900073018268,115.80499998956542,0.11525968568807092,115.80499998956542,0.11525968568807092,115.80499998956542,0.11525968568807092,115.55997307884485,0.11501581258486021,115.55997307884485,0.11501581258486021,115.55997307884485,0.11501581258486021,115.55997307884485,0.11501581258486021,115.55997307884485,0.11501581258486021,115.55997307884485,0.11501581258486021,115.55997307884485,0.11501581258486021,115.55997307884485,0.11501581258486021,116.19943386733271,0.11565226221568442,116.19943386733271,0.11565226221568442,116.19943386733271,0.11565226221568442,116.19943386733271,0.11565226221568442,116.19943386733271,0.11565226221568442,116.19943386733271,0.11565226221568442,116.19943386733271,0.11565226221568442,115.75712645839748,0.11521203758863055,115.30238985034103,0.1147594422903259,115.30238985034103,0.1147594422903259,114.67722683748308,0.11413722310831902,114.67722683748308,0.11413722310831902,114.67722683748308,0.11413722310831902,114.80086608394187,0.11426028014978386,114.80086608394187,0.11426028014978386,114.80623239900952,0.11426562119540412,114.65869249629424,0.11411877604351134,114.65869249629424,0.11411877604351134,114.65869249629424,0.11411877604351134,114.65869249629424,0.11411877604351134,115.14687646524895,0.11460466120239693,114.68752403291758,0.11414747181527776,114.10871046929927,0.11357138382753414,114.10871046929927,0.11357138382753414,114.10871046929927,0.11357138382753414,114.10871046929927,0.11357138382753414,113.84771198986894,0.11331161436415246,114.53914005443775,0.11399978656228979,114.53914005443775,0.11399978656228979,114.06037247927652,0.11352327345632982,114.06037247927652,0.11352327345632982,113.62976517292466,0.11309469383723242,114.8211607544239,0.11428047925466803,113.45941038541889,0.11292514123358713,113.45941038541889,0.11292514123358713,113.45941038541889,0.11292514123358713,113.25034888502176,0.11271706418313662,113.25034888502176,0.11271706418313662,113.25034888502176,0.11271706418313662,113.25034888502176,0.11271706418313662,113.25034888502176,0.11271706418313662,113.51881215748334,0.1129842632885768,114.1072627539061,0.1135699429292897,115.17815071736632,0.11463578818715149,115.17815071736632,0.11463578818715149,115.0321523774284,0.11449047733896928,115.0321523774284,0.11449047733896928,115.0321523774284,0.11449047733896928,114.5785806700997,0.11403904145598998,114.5785806700997,0.11403904145598998,115.00994834178388,0.11446837785993448,115.1428824830403,0.11460068602745582,115.12534434509702,0.11458323047487107,115.01285763326968,0.11447127345185416,114.43321357924528,0.1138943588844017,115.02619124620115,0.11448454427811992,115.02619124620115,0.11448454427811992,113.51555540222058,0.11298102186905276,114.19101960434452,0.11365330537699597,114.19101960434452,0.11365330537699597,114.0018830468031,0.11346505944481418,114.0409989793308,0.11350399118428091,114.14491559195845,0.11360741846384839,114.8920732392065,0.11435105781956711,115.06320083127235,0.11452137958871218,114.53684880630746,0.11399750610342053,113.67337010714292,0.11313809344012432,114.02144234698693,0.11348452664218624,113.74604916120393,0.11321043025570166,114.48086893656593,0.11394178983735387,114.48086893656593,0.11394178983735387,114.48086893656593,0.11394178983735387,114.48086893656593,0.11394178983735387,114.48086893656593,0.11394178983735387,114.48086893656593,0.11394178983735387,114.48086893656593,0.11394178983735387,114.41040924034422,0.11387166192887908,114.0025335348388,0.11346570686976601,117.82357645771609,0.11726875687910193,117.76357476102788,0.11720903772447426,117.43255278743516,0.11687957450064472,117.58270437628704,0.11702901904050217,117.58270437628704,0.11702901904050217,118.19199351194682,0.11763543909383001,118.0712409025578,0.11751525509654624,117.82702345712278,0.11727218764692904,117.82702345712278,0.11727218764692904,117.82702345712278,0.11727218764692904,117.82702345712278,0.11727218764692904,117.82702345712278,0.11727218764692904,116.66714228269714,0.11611776823833825,118.22417354678554,0.1176674675960646,119.47352006941018,0.11891093106937038,121.92918108395678,0.12135502861885954,123.53181142303373,0.12295011233003626,123.53181142303373,0.12295011233003626,123.53181142303373,0.12295011233003626,123.53181142303373,0.12295011233003626,123.26093285990281,0.12268050930729182,123.26093285990281,0.12268050930729182,123.26093285990281,0.12268050930729182,123.18000238307478,0.1225999599240819
Konserveler,56.0,0.0010406249786478,-0.10138954293733571,100.0,0.10406249786477999,100.0,0.10406249786477999,100.0,0.10406249786477999,100.0,0.10406249786477999,100.07467493069232,0.10414020646293722,100.07467493069232,0.10414020646293722,100.07467493069232,0.10414020646293722,100.07467493069232,0.10414020646293722,100.75974028527754,0.10485310258292481,101.6520238204383,0.10578163511764926,101.6520238204383,0.10578163511764926,101.6520238204383,0.10578163511764926,101.6520238204383,0.10578163511764926,101.6520238204383,0.10578163511764926,101.6520238204383,0.10578163511764926,101.6520238204383,0.10578163511764926,101.6520238204383,0.10578163511764926,101.6520238204383,0.10578163511764926,101.6520238204383,0.10578163511764926,102.13892320771114,0.10628831478213369,101.54544284939115,0.10567072429692906,102.26549805541923,0.10642003173032726,102.26549805541923,0.10642003173032726,102.0227643925246,0.10616743701756044,102.0227643925246,0.10616743701756044,102.0227643925246,0.10616743701756044,102.27074640031417,0.10642549328912149,102.41782866491933,0.10657855076758571,102.41782866491933,0.10657855076758571,102.47215933040161,0.10663508861519312,102.41782866491928,0.10657855076758566,102.41782866491928,0.10657855076758566,102.50634857103024,0.10667066679299228,102.50634857103024,0.10667066679299228,102.67848253373577,0.10684979369425729,103.23449794692733,0.10742839722173761,103.23449794692733,0.10742839722173761,103.14406080674505,0.10733428607466644,103.14406080674505,0.10733428607466644,103.14406080674505,0.10733428607466644,103.14406080674505,0.10733428607466644,103.14406080674505,0.10733428607466644,103.14406080674505,0.10733428607466644,103.14406080674505,0.10733428607466644,103.14406080674505,0.10733428607466644,103.14406080674505,0.10733428607466644,103.04445763856695,0.10723063652990786,103.04445763856695,0.10723063652990786,102.93916718000449,0.10712106864871448,103.02514123802271,0.10721053540100396,103.02514123802271,0.10721053540100396,103.02514123802271,0.10721053540100396,103.02514123802271,0.10721053540100396,103.08051212097959,0.10726815572489867,103.08051212097959,0.10726815572489867,103.08051212097959,0.10726815572489867,103.08051212097959,0.10726815572489867,103.6483172659743,0.1078590279417849,103.6483172659743,0.1078590279417849,0.1078590279417849,103.6483172659743,103.6483172659743,0.1078590279417849,103.6483172659743,0.1078590279417849,104.33947984373262,0.1085782689845068,104.33947984373262,0.1085782689845068,104.33982585771986,0.1085786290553049,104.33982585771986,0.1085786290553049,104.33982585771986,0.1085786290553049,104.33982585771986,0.1085786290553049,104.33982585771986,0.1085786290553049,104.34060768713071,0.10857944264651886,104.34313476744133,0.10858207238941314,104.60717565581712,0.10885683993324134,104.60717565581712,0.10885683993324134,104.60032997495905,0.10884971614674459,104.60032997495905,0.10884971614674459,104.60032997495905,0.10884971614674459,104.60032997495905,0.10884971614674459,104.56886595130801,0.10881697389780455,104.56886595130801,0.10881697389780455,104.56886595130801,0.10881697389780455,104.56886595130801,0.10881697389780455,104.56886595130801,0.10881697389780455,104.56886595130801,0.10881697389780455,104.56886595130801,0.10881697389780455,104.56886595130801,0.10881697389780455,104.56886595130801,0.10881697389780455,104.56886595130801,0.10881697389780455,104.56886595130801,0.10881697389780455,104.56886595130801,0.10881697389780455,104.70404945656777,0.10895764923007903,104.70404945656777,0.10895764923007903,104.70404945656777,0.10895764923007903,105.00939475166837,0.10927539917127328,105.00939475166837,0.10927539917127328,105.00939475166837,0.10927539917127328,105.00939475166837,0.10927539917127328,105.30384804499758,0.10958181462335677,106.37746003336655,0.11069904207582926,106.37746003336655,0.11069904207582926,106.37746003336655,0.11069904207582926,106.69579022970832,0.11103030442960037,106.69579022970832,0.11103030442960037,106.69579022970832,0.11103030442960037,106.69579022970832,0.11103030442960037,107.12225823014,0.11147409768344356,107.12225823014,0.11147409768344356,107.85444221316229,0.11223602662514237,107.85444221316229,0.11223602662514237,107.85444221316229,0.11223602662514237,107.91597079734045,0.112300054806739,107.9661517886206,0.11235227439971844,108.6529414536725,0.1130669648802486,108.39625115210734,0.11279984654066326,111.21156581928462,0.11572953330608145,110.91834366120581,0.11542439900409163,111.0867557206179,0.11559965279982137,111.0867557206179,0.11559965279982137,111.0867557206179,0.11559965279982137,111.14221375813275,0.1156573638189261,111.14221375813275,0.1156573638189261,111.14221375813275,0.1156573638189261,111.14221375813275,0.1156573638189261,110.21067353017729,0.11468797978910039,111.14221375813275,0.1156573638189261,112.23191906187652,0.11679133837736687,111.2912454516289,0.11581244992178838,111.5279615569938,0.11605878261387932,111.5279615569938,0.11605878261387932,111.5279615569938,0.11605878261387932,111.5279615569938,0.11605878261387932,111.5279615569938,0.11605878261387932,111.78408421057865,0.11632531024479728,111.78408421057865,0.11632531024479728,111.78408421057865,0.11632531024479728,111.78408421057865,0.11632531024479728,111.78408421057865,0.11632531024479728,111.78408421057865,0.11632531024479728,111.78408421057865,0.11632531024479728,111.78408421057865,0.11632531024479728,111.78408421057865,0.11632531024479728,111.55459550613473,0.11608649856663542,111.55459550613473,0.11608649856663542,111.55459550613473,0.11608649856663542,111.55459550613473,0.11608649856663542,111.55459550613473,0.11608649856663542,111.55459550613473,0.11608649856663542,111.55459550613473,0.11608649856663542,111.55459550613473,0.11608649856663542,111.55459550613473,0.11608649856663542,111.55459550613473,0.11608649856663542,111.55459550613473,111.55459550613473,0.11608649856663542,0.11608649856663542,111.55459550613473,0.11608649856663542,111.55459550613473,0.11608649856663542,111.55459550613473,0.11608649856663542,111.55459550613473,0.11608649856663542,112.89891858352857,0.11748543474034412,112.89891858352857,0.11748543474034412,112.89891858352857,0.11748543474034412,114.02623290192746,0.11865854617885732,114.02623290192746,0.11865854617885732,115.23460700328326,0.11991601045227926,115.23460700328326,0.11991601045227926,115.23460700328326,0.11991601045227926,115.23460700328326,0.11991601045227926,115.23460700328326,0.11991601045227926,115.23460700328326,0.11991601045227926,115.23460700328326,0.11991601045227926,115.23460700328326,0.11991601045227926,115.23460700328326,0.11991601045227926,115.7254242717492,0.12042676716179661,115.7254242717492,0.12042676716179661,115.7254242717492,0.12042676716179661,115.7254242717492,0.12042676716179661,115.7254242717492,0.12042676716179661,115.51227837921915,0.12020496222193365,116.17942834648306,0.12089921514237253,116.17942834648306,0.12089921514237253,116.17942834648306,0.12089921514237253,116.17942834648306,0.12089921514237253,116.17942834648306,0.12089921514237253,116.17942834648306,0.12089921514237253,116.04512091321797,0.12075945147249881,115.49404229888096,0.1201859853012211,115.78425893646641,0.1204879919835117,115.78425893646641,0.1204879919835117,115.78425893646641,0.1204879919835117,116.21432332289221,0.12093552772645323,117.76845678795564,0.12255279783035068,117.92903788823801,0.12271990253440328,117.92903788823801,0.12271990253440328,117.92903788823801,0.12271990253440328,117.92903788823801,0.12271990253440328,118.1655495274091,0.12296602245386563,118.1655495274091,0.12296602245386563,117.73874986369914,0.12252188406293057,117.88738917856145,0.12267656184678538,117.21285167627582,0.12197462127287226,117.44228868454204,0.1222133791547003,117.44228868454204,0.1222133791547003,117.44228868454204,0.1222133791547003,117.79863520382435,0.12258420224371969,118.13684638950744,0.1229361532515996,116.55823636206932,0.1212934122255036,116.43826572689564,0.12116856778583762,116.90516598925969,0.12165443586139087,116.750798839823,0.1214937975498044,116.81255712640899,0.12155806476546427,117.09155070151938,0.12184839244860639,117.23058056832669,0.12199307040078415,118.68572993254544,0.12350733517685365,118.68719409005124,0.12350885881572685,118.68111486031101,0.12350253261740823,120.35932092039434,0.12524891576284905,120.88104899732916,0.12579183903176933,120.88104899732916,0.12579183903176933,120.14238311993586,0.12502316486887904,120.19122117901615,0.12507398697306668,120.2784944757742,0.12516480574564204,120.40450717538478,0.12529593770848366,120.21707984995007,0.12510089615195516,120.21707984995007,0.12510089615195516,121.7446469045655,0.12669052058554742,121.8035377876292,0.12675180390947813,122.55603404183776,0.12753487030794647,122.44354418152182,0.12741781054945708,123.72101201210992,0.1287471754833861,123.57405140486004,0.1285942446046046,123.57405140486004,0.1285942446046046,124.39407579415851,0.129447582467209,124.38989662077459,0.1294432335149956,122.97511214738519,0.12797097345258351,123.5210059560875,0.12853904418560833,121.52973108302392,0.12646687381334462,121.5512137593455,0.12648922922293307,121.59443647001478,0.1265342078553004,121.56290779487975,0.1265013983284112,122.08376746129979,0.12704341790765805,123.03718733529799,0.12803557044367983,122.79881052414103,0.12778750957965948,122.79881052414103,0.12778750957965948,122.65545696945269,0.12763833228987284,122.65545696945269,0.12763833228987284,121.52844223648032,0.1264655326074377,121.67047859279734,0.12661333918769732,122.02734823869076,0.12698470665533523,121.0069165301622,0.12592281993043614,120.96287192394814,0.1258769860130351,120.96287192394814,0.1258769860130351,120.96287192394814,0.1258769860130351,121.13054642618044,0.12605147228834035,121.13054642618044,0.12605147228834035,121.38170356377103,0.1263128326792828,121.38170356377103,0.1263128326792828,121.57920124193859,0.12651835369640893,121.57920124193859,0.12651835369640893,121.57920124193859,0.12651835369640893,121.81231949635742,0.12676094237493593,123.42984434995527,0.12844417914117348,127.78544681149022,0.13297672785970657,128.02333893988526,0.13322428435073816,127.77218491890142,0.13296292720301453,127.90216525958063,0.13309818799225848,127.92436882547318,0.13312129357754132,127.89482089667106,0.13309054526476252,126.8299997153848,0.13198246574572278,126.6145238310783,0.13175823615821722,127.14095794019148,0.13230605664177258,127.44415773705002,0.13262157392390453,127.44415773705002,0.13262157392390453,127.65710531827943,0.1328431724960745,127.62572332878877,0.13281051561393084,127.62572332878877,0.13281051561393084,127.62572332878877,0.13281051561393084,126.62748200102865,0.13177172075354512,126.52259221574009,0.13166256982296884,126.52259221574009,0.13166256982296884,126.52259221574009,0.13166256982296884,126.84238877098197,0.13199535810643906,127.15076560546905,0.13231626274324265,126.76887929124217,0.13191886230565442,126.94726193998298,0.13210449174569144,126.81855069133054,0.1319705516053108
Kraker,57.0,0.0023363851579265,0.03175924283986831,100.0,0.23363851579265,100.06497725795973,0.23379032769374986,100.06497725795973,0.23379032769374986,100.06497725795973,0.23379032769374986,100.06497725795973,0.23379032769374986,100.06497725795973,0.23379032769374986,100.06497725795973,0.23379032769374986,100.06497725795973,0.23379032769374986,102.21997563375878,0.23882523391432248,102.21997563375878,0.23882523391432248,102.21997563375878,0.23882523391432248,102.21997563375878,0.23882523391432248,102.21997563375878,0.23882523391432248,102.21997563375878,0.23882523391432248,101.01882996558598,0.23601889500269582,100.9405332981406,0.23583596383096134,100.72266675756099,0.23532694367914234,100.72266675756099,0.23532694367914234,102.44546372595092,0.23935206094620934,102.44546372595092,0.23935206094620934,101.18070491451945,0.2363970972308241,101.87138634335753,0.23801079507001685,101.87138634335753,0.23801079507001685,101.87138634335753,0.23801079507001685,101.87138634335753,0.23801079507001685,104.21402560729473,0.2434841026766556,104.21402560729473,0.2434841026766556,104.68122590600369,0.24457566252033805,104.68122590600369,0.24457566252033805,104.79705720182633,0.24484628904072145,104.6812259060037,0.24457566252033808,104.6812259060037,0.24457566252033808,104.6812259060037,0.24457566252033808,104.6812259060037,0.24457566252033808,104.6812259060037,0.24457566252033808,104.63970268524672,0.24447864828365215,104.63970268524672,0.24447864828365215,104.63970268524672,0.24447864828365215,104.63970268524672,0.24447864828365215,104.720544248532,0.24466752531225544,104.720544248532,0.24466752531225544,104.720544248532,0.24466752531225544,104.720544248532,0.24466752531225544,104.720544248532,0.24466752531225544,104.720544248532,0.24466752531225544,104.720544248532,0.24466752531225544,104.720544248532,0.24466752531225544,104.720544248532,0.24466752531225544,104.720544248532,0.24466752531225544,104.90187771655648,0.2450911901355832,104.90187771655648,0.2450911901355832,104.970040080245,0.24525044367043422,104.970040080245,0.24525044367043422,104.970040080245,0.24525044367043422,104.970040080245,0.24525044367043422,104.970040080245,0.24525044367043422,104.970040080245,0.24525044367043422,104.970040080245,0.24525044367043422,104.970040080245,0.24525044367043422,0.24525044367043422,104.970040080245,104.970040080245,0.24525044367043422,104.970040080245,0.24525044367043422,104.970040080245,0.24525044367043422,104.970040080245,0.24525044367043422,104.970040080245,0.24525044367043422,104.970040080245,0.24525044367043422,104.970040080245,0.24525044367043422,104.970040080245,0.24525044367043422,104.970040080245,0.24525044367043422,104.970040080245,0.24525044367043422,104.970040080245,0.24525044367043422,104.970040080245,0.24525044367043422,104.970040080245,0.24525044367043422,104.970040080245,0.24525044367043422,104.970040080245,0.24525044367043422,105.56649065333359,0.24664398193683518,105.56649065333359,0.24664398193683518,105.56649065333359,0.24664398193683518,105.56649065333359,0.24664398193683518,105.56649065333359,0.24664398193683518,105.56649065333359,0.24664398193683518,105.56649065333359,0.24664398193683518,105.56649065333359,0.24664398193683518,105.56649065333359,0.24664398193683518,105.56649065333359,0.24664398193683518,114.86070877178618,0.26835885520331937,114.86070877178618,0.26835885520331937,114.86070877178618,0.26835885520331937,114.86070877178618,0.26835885520331937,115.56774472415702,0.270010763508559,115.56774472415702,0.270010763508559,115.56774472415702,0.270010763508559,115.56774472415702,0.270010763508559,115.56774472415702,0.270010763508559,115.56774472415702,0.270010763508559,115.56774472415702,0.270010763508559,115.56774472415702,0.270010763508559,115.56774472415702,0.270010763508559,115.56774472415702,0.270010763508559,115.56774472415702,0.270010763508559,115.56774472415702,0.270010763508559,115.56774472415702,0.270010763508559,115.56774472415702,0.270010763508559,115.56774472415702,0.270010763508559,115.56774472415702,0.270010763508559,115.56774472415702,0.270010763508559,115.56774472415702,0.270010763508559,115.56774472415702,0.270010763508559,115.56774472415702,0.270010763508559,115.57594197504095,0.27002991544386,115.60852481102502,0.27010604149825634,115.60852481102502,0.27010604149825634,116.40887457732624,0.2719759668133925,117.35075856630854,0.27417657058573935,117.02319319219163,0.27341125170740194,117.02319319219163,0.27341125170740194,117.02319319219163,0.27341125170740194,117.02319319219163,0.27341125170740194,117.38294883559675,0.27425177945313395,117.38294883559675,0.27425177945313395,117.38294883559675,0.27425177945313395,117.70072247372127,0.2749942210648284,117.70072247372127,0.2749942210648284,117.70072247372127,0.2749942210648284,118.2969344769897,0.2763872019402424,118.2969344769897,0.2763872019402424,118.2969344769897,0.2763872019402424,118.2969344769897,0.2763872019402424,118.2969344769897,0.2763872019402424,118.2969344769897,0.2763872019402424,118.2969344769897,0.2763872019402424,118.58233698619946,0.27705401212679504,118.58233698619946,0.27705401212679504,118.58233698619946,0.27705401212679504,118.58233698619946,0.27705401212679504,118.58233698619946,0.27705401212679504,117.74699588245541,0.27510233357020153,117.74699588245541,0.27510233357020153,118.58233698619942,0.277054012126795,118.58233698619942,0.277054012126795,118.58233698619942,0.277054012126795,117.74699588245537,0.2751023335702014,117.16190223138642,0.2737353294478469,117.16190223138642,0.2737353294478469,117.16190223138642,0.2737353294478469,117.16190223138642,0.2737353294478469,117.16190223138642,0.2737353294478469,117.16190223138642,0.2737353294478469,117.16190223138642,0.2737353294478469,117.16190223138642,0.2737353294478469,117.16190223138642,117.16190223138642,0.2737353294478469,0.2737353294478469,117.16190223138642,0.2737353294478469,117.16190223138642,0.2737353294478469,118.5581189405128,0.2769974294442987,118.5581189405128,0.2769974294442987,118.5581189405128,0.2769974294442987,118.5581189405128,0.2769974294442987,118.5581189405128,0.2769974294442987,118.5581189405128,0.2769974294442987,118.5581189405128,0.2769974294442987,118.32390097253264,0.2764502060601902,118.32390097253264,0.2764502060601902,118.32390097253264,0.2764502060601902,118.32390097253264,0.2764502060601902,118.32390097253264,0.2764502060601902,118.32390097253264,0.2764502060601902,118.32390097253264,0.2764502060601902,118.48185573210124,0.2768192492160701,118.32390097253264,0.2764502060601902,116.95353185885055,0.2732484960021025,116.95353185885055,0.2732484960021025,117.10965726423048,0.2736132650820074,117.10965726423048,0.2736132650820074,117.10965726423048,0.2736132650820074,117.3453391385376,0.27416390871513086,117.3453391385376,0.27416390871513086,117.3453391385376,0.27416390871513086,117.3453391385376,0.27416390871513086,117.0064669845709,0.2733721728441685,117.34533913853755,0.27416390871513074,118.20281123679011,0.2761672937988241,117.532258843932,0.27460062514053835,117.38568480891807,0.27425817174059436,117.68437918060015,0.27495603683734854,117.68437918060015,0.27495603683734854,117.68437918060015,0.27495603683734854,117.9651246633045,0.27561196641629393,117.47855086775726,0.2744751426221414,117.5254008714843,0.274584602275498,116.93322280608226,0.2732010462326431,116.08373733639654,0.27121632098939513,116.08373733639654,0.27121632098939513,116.08373733639654,0.27121632098939513,116.49700475801646,0.2721818728595225,116.49700475801646,0.2721818728595225,116.67337913726567,0.2725939513414388,116.93011431170548,0.27319378359251767,116.93011431170548,0.27319378359251767,117.01377474365076,0.27338924658402036,117.01377474365076,0.27338924658402036,117.12878312944395,0.27365795046962466,117.27714487501379,0.27400458064997807,118.42518306646974,0.27668684004122857,118.54817183612178,0.2769741891772352,118.54817183612178,0.2769741891772352,118.54817183612178,0.2769741891772352,119.17968747888186,0.27844965295197827,119.17968747888186,0.27844965295197827,119.17968747888186,0.27844965295197827,118.89794327303424,0.27779138997110414,118.78577851542798,0.27752932989619045,119.28963234327748,0.2787065265013424,118.5777437461174,0.27704328054884053,118.5777437461174,0.27704328054884053,118.5777437461174,0.27704328054884053,119.03710889674879,0.2781165344688444,119.03710889674879,0.2781165344688444,118.90024963732519,0.2777967785264023,118.90024963732519,0.2777967785264023,118.90024963732519,0.2777967785264023,118.90024963732519,0.2777967785264023,118.80175373544435,0.2775666541631313,119.13835055605682,0.27835307397901554,119.00874208428482,0.2780502586692259,119.1343835232217,0.2783438054623785,119.64920536548614,0.27954662757362153,119.53834655346137,0.2792876186905815,119.53834655346137,0.2792876186905815,119.53834655346137,0.2792876186905815,119.41931068332062,0.2790095050503238,119.41931068332062,0.2790095050503238,119.41931068332062,0.2790095050503238,119.29309771861163,0.27871462295283983,119.37107270244462,0.2788968025477568,118.91716296757396,0.2778362945801666,118.91716296757396,0.2778362945801666,118.5824742161763,0.27705433274887614,117.95662763608678,0.2755921140880159,117.70151807012108,0.27499607988444863,111.38777010711054,0.2602447328527821,110.65061694091204,0.2585224591361574,110.65061694091204,0.2585224591361574,117.50804907625356,0.27454406179865753,117.61617200307984,0.2747966786001261,117.3893330553925,0.2742666954495097,117.35191800546924,0.2741792794821859,117.12006478990978,0.27363758107053526,117.40164378356602,0.27429545805209754,117.11719501843262,0.2736308761790494,117.64643640766197,0.2748673879058052,117.06449977309026,0.2735077597899382,117.76368684535696,0.2751413300881962,118.15874127853922,0.2760643294024563,118.15874127853922,0.2760643294024563,118.15874127853922,0.2760643294024563,118.60324684972647,0.2771028656215938,118.59931684585538,0.2770936836188788,119.39526507448343,0.2789533252467233,119.4998008842457,0.27919756116112365,119.06597754679593,0.2781839827543439,119.76763806728941,0.2798233319803278,119.76763806728941,0.2798233319803278,119.76763806728941,0.2798233319803278,120.54158767247787,0.28163157635087327,121.72352531404684,0.28439303791422965,123.2727504478487,0.288012624523131,123.20554442820718,0.2878556053763172,123.20554442820718,0.2878556053763172,123.20554442820718,0.2878556053763172,123.20554442820718,0.2878556053763172,124.36592521923184,0.29056670183401023,124.43537429175385,0.2907289616162824,124.78775995256078,0.2915522702440579,124.86530347072626,0.29173344176899313,124.91129166832468,0.29184088791130186,124.91129166832468,0.29184088791130186,124.91129166832468,0.29184088791130186,124.97488619969556,0.29198946923052205,124.97488619969556,0.29198946923052205,119.61067144565116,0.2794565974952424,119.61067144565116,0.2794565974952424,119.64865888925802,0.279545350794673
Krem Peynir,58.0,0.0021445419470172,-0.35799016172588516,100.0,0.21445419470172,100.0,0.21445419470172,100.0,0.21445419470172,100.0,0.21445419470172,100.0,0.21445419470172,100.0,0.21445419470172,100.0,0.21445419470172,100.0,0.21445419470172,99.6266612964661,0.21365355419154655,99.620852774563,0.2136410975726752,99.620852774563,0.2136410975726752,99.61500847291013,0.21362856422262957,99.17335171765788,0.21268141278480762,99.17335171765788,0.21268141278480762,99.17823618573334,0.2126918877314843,99.17823618573334,0.2126918877314843,99.17823618573334,0.2126918877314843,99.17823618573334,0.2126918877314843,99.49135998636477,0.21336339485654787,99.48648530501775,0.21335294089792084,99.48648530501775,0.21335294089792084,99.34361947803141,0.21304655913915332,99.25664225988416,0.21286003284640168,98.9652332825271,0.21223509407072208,98.9652332825271,0.21223509407072208,98.9652332825271,0.21223509407072208,98.97010750039075,0.2122455470353896,98.97010750039075,0.2122455470353896,99.8663135181231,0.21416749843358587,99.96039019892203,0.21436924982179528,99.86631351812314,0.21416749843358593,99.86631351812314,0.21416749843358593,99.86631351812314,0.21416749843358593,99.86631351812314,0.21416749843358593,99.86631351812314,0.21416749843358593,100.75407821819724,0.21607134707197598,100.70554357342527,0.21596726249037893,100.70554357342527,0.21596726249037893,100.70060940190663,0.2159566809525834,100.70060940190663,0.2159566809525834,100.6774291070939,0.2159069698380133,100.51898120243854,0.2155671716600629,100.8762253816198,0.21633329678764485,100.78934998008226,0.21614698884488362,100.79529983151592,0.21615974855086162,100.80121303262797,0.21617242965868755,100.80121303262797,0.21617242965868755,101.13265694174997,0.21688322502488305,101.13265694174997,0.21688322502488305,100.94513054468821,0.2164810668002111,100.91113750206449,0.2164081672943978,100.93461015872809,0.2164585053912208,100.93461015872809,0.2164585053912208,101.03657865845153,0.21667718111615214,101.03657865845138,0.2166771811161518,101.03657866032978,0.2166771811201801,100.94432584639836,0.2164793410909738,101.0843813449918,0.21677969598261784,100.98223354449638,0.2165606357396599,0.2165606357396599,100.98223354449638,101.09659086627694,0.21680587981316685,101.10903496366193,0.2168325667020017,101.48113809238215,0.21763055747015858,101.47534851230331,0.21761814147282388,101.47534851230331,0.21761814147282388,101.44263456386768,0.21754798503815112,101.52703505189002,0.21772898542506375,101.52703505189002,0.21772898542506375,101.52703505189002,0.21772898542506375,101.51276009415302,0.21769837217940485,101.88560500634831,0.2184979537333396,102.32151407042183,0.21943277900633026,102.32151407042183,0.21943277900633026,102.32151407042183,0.21943277900633026,104.87144248776983,0.22490120745922423,105.11537619375795,0.22542433352400712,107.11660511408039,0.22971605288922253,107.25491901767863,0.23001267285734467,107.53069384722467,0.23060408354723766,107.53069384722467,0.23060408354723766,107.53069384722467,0.23060408354723766,107.53069384722467,0.23060408354723766,107.53069384722467,0.23060408354723766,107.53069384722467,0.23060408354723766,107.7979741576691,0.23117727738459753,110.02473795426266,0.23595266575249169,110.3362469792758,0.23662070992350678,110.3362469792758,0.23662070992350678,110.74594688008122,0.2374993285464728,110.86220377157214,0.2377486463269049,111.17125155382384,0.2384114122595763,111.17125155382384,0.2384114122595763,111.38444818007002,0.2388686213675238,111.9525304839247,0.24008689769749833,111.9525304839247,0.24008689769749833,111.87989310121264,0.23993112378335077,111.72117121203873,0.2395907380341075,111.72117121203873,0.2395907380341075,112.09413087492422,0.24039056567571082,112.64140641456252,0.24156422102704164,113.32768559007005,0.24303597550628192,113.32768559007005,0.24303597550628192,113.64330856864278,0.24371284222327366,113.80478766884619,0.24405914092722644,114.09787808955012,0.24468768562869495,114.43069933488981,0.24540143475018442,113.8940346413321,0.24425053480336678,114.33062486937553,0.24518682086106372,114.33062486937553,0.24518682086106372,114.33758645069514,0.2452017502642212,114.36247040151362,0.24525511494055893,114.38570106832071,0.24530493407998394,114.28511939554554,0.2450892324636164,115.01060965161145,0.246645076749902,114.50127173601332,0.2455527802246955,114.59399862778459,0.24575163693371552,114.59399862778459,0.24575163693371552,114.94489958716838,0.24650415876036263,114.92873397553855,0.24646949092812329,114.92873397553855,0.24646949092812329,114.92873397553855,0.24646949092812329,114.92873397553855,0.24646949092812329,114.92873397553855,0.24646949092812329,114.56884821214808,0.2456977008123981,114.97299210313028,0.24656440433924018,114.45707187398868,0.2454579917665313,114.62138982984975,0.24581037851552348,114.62138982984975,0.24581037851552348,114.91718087341853,0.24644471481600871,114.91718087341853,0.24644471481600871,114.91718087341853,0.24644471481600871,115.26271659684693,0.24718573066909386,115.303820446769,0.24727387959943564,115.303820446769,0.24727387959943564,115.303820446769,0.24727387959943564,115.303820446769,0.24727387959943564,115.303820446769,0.24727387959943564,115.303820446769,0.24727387959943564,115.303820446769,0.24727387959943564,115.19059932785771,0.24703107216064216,115.35718441518657,0.24738832086816642,115.23568790437588,0.24712776650431667,114.52236476042677,0.2455980151003396,114.52236476042677,0.2455980151003396,114.44733573355519,0.24543711220496964,114.44733573355519,0.24543711220496964,114.45282357232247,0.24544888110540453,114.45282357232247,0.24544888110540453,114.33164526733253,0.24518900914728517,114.33164526733253,0.24518900914728517,114.33164526733253,114.33164526733253,0.24518900914728517,0.24518900914728517,114.33164526733253,0.24518900914728517,114.33164526733253,0.24518900914728517,114.92535939136555,0.24646225399081054,114.81020117722925,0.24621529237005166,114.9245122183963,0.2464604371928416,114.9245122183963,0.2464604371928416,114.62541751793107,0.24581901606156337,114.62541751793107,0.24581901606156337,114.9891441331909,0.24659904304523467,114.9891441331909,0.24659904304523467,115.05392245127754,0.2467379628656287,115.05392245127754,0.2467379628656287,114.57591316144638,0.24571285189252187,114.96387431045984,0.24654485085039424,114.88967149596527,0.2463857198021239,114.99228618709776,0.2466057813116377,114.99228618709776,0.2466057813116377,114.99228618709776,0.2466057813116377,114.47440519820766,0.24549516380740016,114.47440519820766,0.24549516380740016,114.69517763683754,0.2459686195627872,114.3512422039102,0.24523103559980902,114.3512422039102,0.24523103559980902,114.52035344615774,0.24559370175252104,114.52035344615774,0.24559370175252104,114.52035344615774,0.24559370175252104,114.52035344615774,0.24559370175252104,114.52035344615774,0.24559370175252104,114.32017653193168,0.2451644139631388,114.83247785618438,0.2462630656425112,115.35016146456054,0.24737325985595707,115.35016146456054,0.24737325985595707,115.352345467449,0.2473779435417638,115.201068664197,0.24705352409157919,115.201068664197,0.24705352409157919,114.95697109031609,0.24653004660522645,114.41285047115042,0.2453631571131887,114.52459925523416,0.24560280706818446,114.26457883345297,0.2450451823665936,114.17717411926125,0.2448577392906424,114.39933363959874,0.24533416970093536,114.39933363959874,0.24533416970093536,114.65837685917424,0.2458896987514054,114.73484579216895,0.24605368958585622,115.1700522510213,0.2469870080924779,115.02678443978536,0.24667976426162508,114.51386282993772,0.24557978235377523,114.72872891386352,0.2460405716837454,114.72872891386352,0.2460405716837454,115.02495850871901,0.24667584847586094,114.93948829033518,0.24649255400731607,114.94312341903597,0.24650034969329773,115.00467930433005,0.24663235887139667,114.98509975597698,0.24659036970864984,114.98509975597698,0.24659036970864984,114.98509975597698,0.24659036970864984,114.98509975597698,0.24659036970864984,115.07484638992764,0.24678283512976065,114.94486342499324,0.24650408120906117,114.94486342499324,0.24650408120906117,114.67421081710138,0.24592365533836746,115.23219499818795,0.24712027582047966,115.4968863529951,0.24768791753387642,115.4968863529951,0.24768791753387642,115.28307467467744,0.24722938942096204,115.28307467467744,0.24722938942096204,115.28307467467744,0.24722938942096204,115.28307467467744,0.24722938942096204,115.28307467467744,0.24722938942096204,115.40263832166093,0.24748579867725648,115.23059367056649,0.24711684170622453,115.50970068094941,0.24771539839769724,117.66119378595236,0.2523293656100944,117.73430692186876,0.25248615979694505,117.64715047497869,0.25229924914063634,117.64715047497869,0.25229924914063634,116.27528148823411,0.2493572185527506,116.18190228293037,0.2491569629299976,115.86582148887877,0.24847911440850742,115.42724288757411,0.24753856420094544,115.3552741873132,0.24738422430436363,115.25064417234078,0.24715984084833822,115.36790455192454,0.24741131065107877,115.4033429330139,0.24748730974585928,115.56489769595262,0.24783377071172177,116.13140045259411,0.24904865963644032,116.2532124681695,0.24930989061349246,115.9941380607125,0.2487542946793023,115.9941380607125,0.2487542946793023,115.9941380607125,0.2487542946793023,115.9941380607125,0.2487542946793023,115.93424632055269,0.24862585433024972,115.98557678361749,0.24873593466145202,116.13309231543549,0.24905228790727227,115.0856966860347,0.24680610404489978,114.8265716832363,0.24625039960687767,114.91217978495708,0.24643398977202238,114.83070433071892,0.24625926224275638,114.66623160122704,0.24590654357522063,114.5927050314848,0.2457488627621881,114.25962979189728,0.2450345689393799,114.17329855803611,0.24484942798702686,114.12160516177852,0.24473856933036867,114.12160516177852,0.24473856933036867,114.20709053745502,0.24492189630436342,114.4811151365482,0.24550955355163334,114.86861370042062,0.24634056047626668,116.0806630010543,0.24893985104332847,115.38835259496638,0.2474551623371164,115.21742626220353,0.24708860364665666,115.21742626220353,0.24708860364665666,116.66168640192829,0.2501858800987013,115.97953935479373,0.24872298714208732,115.85670227735407,0.248459557876869,117.241408900177,0.2514291193138253,117.64565373673295,0.25229603932268463,117.72362026554055,0.25246324181417584,117.72362026554055,0.25246324181417584,117.61476994196131,0.2522298077293138,118.22868039206935,0.2535463644412827,118.35287108373758,0.2538126965889943,118.37210482431738,0.2538539441524657,118.50419580967927,0.2541372188113971,118.50419580967927,0.2541372188113971,118.50419580967927,0.2541372188113971,118.50419580967927,0.2541372188113971,118.94705867463612,0.25508695680207333,118.91874415829014,0.2550262351340598,117.3751771048292,0.2517159908398791,118.72395922279766,0.25460851066924917,118.2989391291686,0.2536970372501365
Kuru Fasulye,59.0,0.0036828853472026,-0.3273719615423665,100.0,0.36828853472025996,100.0,0.36828853472025996,100.0,0.36828853472025996,100.0,0.36828853472025996,100.0,0.36828853472025996,100.0,0.36828853472025996,100.0,0.36828853472025996,100.0,0.36828853472025996,95.47701809979722,0.3516309109543406,94.55889637558826,0.34824957390930306,94.55889637558826,0.34824957390930306,94.55889637558826,0.34824957390930306,94.55889637558826,0.34824957390930306,94.97425043080565,0.3497792752731644,94.06110415489633,0.34641626223376526,94.06110415489633,0.34641626223376526,94.06110415489633,0.34641626223376526,94.06110415489633,0.34641626223376526,94.06110415489633,0.34641626223376526,94.06110415489633,0.34641626223376526,94.06110415489633,0.34641626223376526,103.04554562948537,0.3795049300933286,105.84849350752714,0.38982786576234124,106.07972191537529,0.39067945347746214,106.07972191537529,0.39067945347746214,106.07972191537529,0.39067945347746214,106.07972191537529,0.39067945347746214,106.07972191537529,0.39067945347746214,106.07972191537529,0.39067945347746214,106.18880230934586,0.3910811840620835,106.07972191537527,0.39067945347746214,106.07972191537527,0.39067945347746214,106.07972191537527,0.39067945347746214,106.07972191537527,0.39067945347746214,106.07972191537527,0.39067945347746214,106.07972191537527,0.39067945347746214,106.31416383938672,0.3915428762041739,106.31416383938672,0.3915428762041739,106.31416383938672,0.3915428762041739,106.73959066547474,0.3931096744282803,106.73959066547474,0.3931096744282803,106.73959066547474,0.3931096744282803,106.73959066547474,0.3931096744282803,106.73959066547474,0.3931096744282803,106.73959066547474,0.3931096744282803,106.73959066547474,0.3931096744282803,106.73959066547474,0.3931096744282803,106.73959066547474,0.3931096744282803,106.73959066547474,0.3931096744282803,105.7205822204374,0.3893567831573766,105.7205822204374,0.3893567831573766,105.7205822204374,0.3893567831573766,105.7205822204374,0.3893567831573766,105.7205822204374,0.3893567831573766,105.7205822204374,0.3893567831573766,105.7205822204374,0.3893567831573766,105.7205822204374,0.3893567831573766,105.72058222036422,0.3893567831571071,105.72058224762215,0.3893567832574949,0.3893567832574949,105.72058224762215,105.7205822972878,0.38935678344040786,105.72110521182523,0.38935870927469557,105.72034968330179,0.3893559267497672,105.72034968330179,0.3893559267497672,105.72034968330179,0.3893559267497672,105.72034968330179,0.3893559267497672,105.72034968330179,0.3893559267497672,105.72034968330179,0.3893559267497672,105.72034968330179,0.3893559267497672,105.72034968330179,0.3893559267497672,107.53718301898319,0.3960471156200574,107.53718301898319,0.3960471156200574,107.53718301898319,0.3960471156200574,107.53718301898319,0.3960471156200574,107.53718301898319,0.3960471156200574,107.53718301898319,0.3960471156200574,107.53718301898319,0.3960471156200574,107.53718301898319,0.3960471156200574,107.53718301898319,0.3960471156200574,107.53718301898319,0.3960471156200574,107.53718301898319,0.3960471156200574,107.53718301898319,0.3960471156200574,107.53718301898319,0.3960471156200574,107.53718301898319,0.3960471156200574,107.53718301898319,0.3960471156200574,108.12153775254723,0.3981992271058689,108.12153775254723,0.3981992271058689,108.12153775254723,0.3981992271058689,108.12153775254723,0.3981992271058689,108.12153775254723,0.3981992271058689,108.12153775254723,0.3981992271058689,108.12153775254723,0.3981992271058689,108.12153775254723,0.3981992271058689,108.12153775254723,0.3981992271058689,108.12153775254723,0.3981992271058689,108.12153775254723,0.3981992271058689,108.12153775254723,0.3981992271058689,108.12153775254723,0.3981992271058689,108.12153775254723,0.3981992271058689,108.12153775254723,0.3981992271058689,108.12153775254723,0.3981992271058689,108.12153775254723,0.3981992271058689,113.04171097408542,0.4163196609691705,113.04171097408542,0.4163196609691705,113.04171097408542,0.4163196609691705,113.04171097408542,0.4163196609691705,113.04171097408542,0.4163196609691705,113.04171097408542,0.4163196609691705,113.04171097408542,0.4163196609691705,113.04700628597276,0.41633916299572926,113.06593420974826,0.41640887236885504,113.06593420974826,0.41640887236885504,113.06593420974826,0.41640887236885504,113.54532567701727,0.41817441617923407,113.54532567701727,0.41817441617923407,113.54532567701727,0.41817441617923407,113.54532567701727,0.41817441617923407,113.54532567701727,0.41817441617923407,113.85136241920064,0.4193015144127268,113.85136241920064,0.4193015144127268,113.85136241920064,0.4193015144127268,113.85136241920064,0.4193015144127268,113.85136241920064,0.4193015144127268,113.85136241920064,0.4193015144127268,113.85136241920064,0.4193015144127268,113.85136241920064,0.4193015144127268,113.85136241920064,0.4193015144127268,113.85136241920064,0.4193015144127268,113.85136241920064,0.4193015144127268,113.85136241920064,0.4193015144127268,113.85136241920064,0.4193015144127268,113.85136241920064,0.4193015144127268,113.85136241920064,0.4193015144127268,113.85136241920064,0.4193015144127268,113.85136241920064,0.4193015144127268,113.85136241920064,0.4193015144127268,113.85136241920064,0.4193015144127268,113.85136241920064,0.4193015144127268,113.85136241920064,0.4193015144127268,113.85136241920064,0.4193015144127268,113.85136241920064,0.4193015144127268,113.85136241920064,0.4193015144127268,113.18990079973716,0.41686542710666785,113.18990079973716,0.41686542710666785,113.18990079973716,0.41686542710666785,113.18990079973716,0.41686542710666785,113.18990079973716,0.41686542710666785,113.18990079973716,0.41686542710666785,113.18990079973716,0.41686542710666785,113.18990079973716,0.41686542710666785,113.18990079973716,113.18990079973716,0.41686542710666785,0.41686542710666785,113.18990079973716,0.41686542710666785,113.72837338811182,0.4188485599122631,114.36632299182202,0.4211980551600211,114.36632299182202,0.4211980551600211,114.36632299182202,0.4211980551600211,114.36632299182202,0.4211980551600211,115.31974354753176,0.4247093937543663,115.31974354753176,0.4247093937543663,115.31974354753176,0.4247093937543663,115.31974354753176,0.4247093937543663,115.31974354753176,0.4247093937543663,115.31974354753176,0.4247093937543663,115.31974354753176,0.4247093937543663,115.31974354753176,0.4247093937543663,115.59967904322008,0.4257403640895987,115.59967904322008,0.4257403640895987,115.59967904322008,0.4257403640895987,116.15202965230216,0.4277746080543055,116.65738878405361,0.42963578779570794,116.65738878405361,0.42963578779570794,116.65738878405361,0.42963578779570794,116.65738878405361,0.42963578779570794,116.65738878405361,0.42963578779570794,116.65738878405361,0.42963578779570794,116.65738878405361,0.42963578779570794,116.65738878405361,0.42963578779570794,116.65738878405361,0.42963578779570794,117.07241557525856,0.4311642838837332,117.07241557525856,0.4311642838837332,117.07241557525856,0.4311642838837332,117.07241557525856,0.4311642838837332,117.07241557525856,0.4311642838837332,117.07241557525856,0.4311642838837332,117.07241557525856,0.4311642838837332,117.07241557525856,0.4311642838837332,117.48716788957087,0.43269176910483237,117.48716788957087,0.43269176910483237,116.6083682961525,0.42945525095910425,116.01681124801672,0.4272766141744906,116.01681124801672,0.4272766141744906,116.01681124801672,0.4272766141744906,116.01681124801672,0.4272766141744906,116.6083682961525,0.42945525095910425,115.74227920914035,0.4262655441511751,116.96622190656515,0.43077318477733656,115.92369034193743,0.4269336605539729,115.92369034193743,0.4269336605539729,115.92369034193743,0.4269336605539729,116.4224375102852,0.4287704891922397,115.24489752632232,0.4244337444395576,115.29995333007167,0.4246365086524646,116.04654200264564,0.4273861091350747,116.16484328904484,0.4278217992093095,116.16484328904484,0.4278217992093095,116.16484328904484,0.4278217992093095,116.16484328904484,0.4278217992093095,116.80391554557106,0.4301754290586736,116.80391554557106,0.4301754290586736,116.24697844712462,0.4281242935794917,115.89106702817158,0.42681351262972744,115.89106702817158,0.42681351262972744,115.1454786081929,0.42406759596274407,115.87331960976981,0.4267481509225449,115.87331960976981,0.4267481509225449,115.87331960976981,0.4267481509225449,115.87331960976981,0.4267481509225449,116.05111166829649,0.4274029386897418,116.05111166829649,0.4274029386897418,115.8017635110893,0.4264846180152115,116.05172094830306,0.42740518259815036,115.82680430460748,0.42657684038674193,115.82680430460748,0.42657684038674193,115.68451942280224,0.42605282148041296,115.86483741258438,0.4267169119628186,115.86090377708118,0.42670242483426263,115.86090377708118,0.42670242483426263,115.86090377708118,0.42670242483426263,116.11899252820737,0.42765293611406313,115.82087318109188,0.4265549967388539,116.67974298792241,0.4297181157655847,116.37577350604784,0.4285986310147921,114.88697365982121,0.4231155518762066,114.88697365982121,0.4231155518762066,114.88697365982121,0.4231155518762066,114.94380403829973,0.4233248516443811,115.25283291056701,0.4244629695499168,112.01855733402877,0.4125515034202689,111.70880595724645,0.41141072461344147,111.70880595724645,0.41141072461344147,111.70880595724645,0.41141072461344147,111.70880595724645,0.41141072461344147,112.09612928734336,0.4128371920304851,112.09612928734336,0.4128371920304851,112.09612928734336,0.4128371920304851,111.70880595724644,0.4114107246134414,111.70880595724644,0.4114107246134414,112.3554276989194,0.4137921583510314,111.70880595724644,0.4114107246134414,112.09612928734332,0.4128371920304849,112.09612928734332,0.4128371920304849,114.52771061631924,0.42179242727750177,114.52771061631924,0.42179242727750177,115.60880692099711,0.42577398101691477,115.60880692099711,0.42577398101691477,115.60880692099711,0.42577398101691477,115.60880692099711,0.42577398101691477,115.60880692099711,0.42577398101691477,117.93515226850779,0.4343416442097948,117.93515226850779,0.4343416442097948,117.93515226850779,0.4343416442097948,117.93515226850779,0.4343416442097948,117.93515226850779,0.4343416442097948,117.93515226850779,0.4343416442097948,117.93515226850779,0.4343416442097948,117.93515226850779,0.4343416442097948,116.3473914901465,0.42849410330430504,116.3473914901465,0.42849410330430504,116.3473914901465,0.42849410330430504,116.3473914901465,0.42849410330430504,115.96250356422166,0.42707660520160123,116.3373244193276,0.42845702743669684,116.3373244193276,0.42845702743669684,116.3373244193276,0.42845702743669684,116.72345640274588,0.4298791072605143,116.72345640274588,0.4298791072605143,116.72345640274588,0.4298791072605143,116.72345640274588,0.4298791072605143,117.07932105774879,0.4311897159840118,116.00743313802371,0.42724207567061284,116.00743313802371,0.42724207567061284,115.62765732862479,0.42584340490695555
Kuru Kayısı,60.0,0.0013334452292931,0.0,100.0,0.13334452292931,100.0,0.13334452292931,100.0,0.13334452292931,100.0,0.13334452292931,100.0,0.13334452292931,100.0,0.13334452292931,100.0,0.13334452292931,100.0,0.13334452292931,98.33727987225733,0.1311273767073219,98.77469896537828,0.13171065111024577,98.77469896537828,0.13171065111024577,98.77469896537828,0.13171065111024577,98.77727222834469,0.13171408241547206,98.77469990354709,0.1317106523612425,98.77469990354709,0.1317106523612425,100.96659803963762,0.13463342847390886,100.96659803963762,0.13463342847390886,100.96659803963762,0.13463342847390886,100.96659803963762,0.13463342847390886,100.96659803963762,0.13463342847390886,100.96659803963762,0.13463342847390886,100.96659803963762,0.13463342847390886,102.40897801163239,0.1365567631663932,102.40897801163239,0.1365567631663932,102.40897801163239,0.1365567631663932,102.40897801163239,0.1365567631663932,102.40897801163239,0.1365567631663932,102.40897801163239,0.1365567631663932,102.40897801163239,0.1365567631663932,102.51668735987907,0.136700387682963,102.40897801163239,0.1365567631663932,102.40897801163239,0.1365567631663932,102.40897801163239,0.1365567631663932,102.40897801163239,0.1365567631663932,102.40897801163239,0.1365567631663932,102.40897801163239,0.1365567631663932,102.40897801163239,0.1365567631663932,102.40897801163239,0.1365567631663932,102.40897801163239,0.1365567631663932,102.40897801163239,0.1365567631663932,102.40897801163239,0.1365567631663932,102.40897801163239,0.1365567631663932,102.40897801163239,0.1365567631663932,105.5498340895964,0.14074492271945055,105.5498340895964,0.14074492271945055,105.5498340895964,0.14074492271945055,105.5498340895964,0.14074492271945055,105.5498340895964,0.14074492271945055,105.5498340895964,0.14074492271945055,105.5498340895964,0.14074492271945055,105.5498340895964,0.14074492271945055,105.5498340895964,0.14074492271945055,105.5498340895964,0.14074492271945055,105.5498340895964,0.14074492271945055,105.5498340895964,0.14074492271945055,105.5498340895964,0.14074492271945055,105.5498340895964,0.14074492271945055,105.5498340895964,0.14074492271945055,105.5498340895964,0.14074492271945055,0.14074492271945055,105.5498340895964,105.5498340895964,0.14074492271945055,105.5498340895964,0.14074492271945055,105.54983408959642,0.14074492271945058,105.54983408959642,0.14074492271945058,105.54983408959642,0.14074492271945058,105.54983408959642,0.14074492271945058,105.54983408959642,0.14074492271945058,105.54983408959642,0.14074492271945058,105.54983408959642,0.14074492271945058,105.54983408959642,0.14074492271945058,105.54983408959642,0.14074492271945058,105.54983408959642,0.14074492271945058,105.54983408959642,0.14074492271945058,105.54983408959642,0.14074492271945058,105.54983408959642,0.14074492271945058,105.54983408959642,0.14074492271945058,105.54983408959642,0.14074492271945058,105.54983408959642,0.14074492271945058,105.54983408959642,0.14074492271945058,105.54983408959642,0.14074492271945058,105.54983408959642,0.14074492271945058,105.54983408959642,0.14074492271945058,105.54983408959642,0.14074492271945058,105.54983408959642,0.14074492271945058,105.54983408959642,0.14074492271945058,105.54983408959642,0.14074492271945058,105.54983408959642,0.14074492271945058,105.54983408959642,0.14074492271945058,105.54983408959642,0.14074492271945058,105.54983408959642,0.14074492271945058,105.54983408959642,0.14074492271945058,113.1715810665796,0.1509081048647879,113.1715810665796,0.1509081048647879,113.1715810665796,0.1509081048647879,113.1715810665796,0.1509081048647879,113.1715810665796,0.1509081048647879,113.1715810665796,0.1509081048647879,113.1715810665796,0.1509081048647879,113.1715810665796,0.1509081048647879,113.1715810665796,0.1509081048647879,113.1715810665796,0.1509081048647879,113.1715810665796,0.1509081048647879,113.1715810665796,0.1509081048647879,113.1715810665796,0.1509081048647879,113.1715810665796,0.1509081048647879,113.1814092547477,0.15092121021541324,113.1814092547477,0.15092121021541324,113.1814092547477,0.15092121021541324,113.1814092547477,0.15092121021541324,113.1814092547477,0.15092121021541324,113.1814092547477,0.15092121021541324,113.1814092547477,0.15092121021541324,113.1814092547477,0.15092121021541324,113.84467081081648,0.15180563317312668,113.84467081081648,0.15180563317312668,113.84467081081648,0.15180563317312668,113.84467081081648,0.15180563317312668,113.84467081081648,0.15180563317312668,113.84467081081648,0.15180563317312668,113.84467081081648,0.15180563317312668,113.84467081081648,0.15180563317312668,113.84467081081648,0.15180563317312668,113.84467081081648,0.15180563317312668,113.84467081081648,0.15180563317312668,113.84467081081648,0.15180563317312668,113.84467081081648,0.15180563317312668,113.84467081081648,0.15180563317312668,113.84467081081648,0.15180563317312668,113.84467081081648,0.15180563317312668,113.8537096893869,0.15181768602263457,113.8537096893869,0.15181768602263457,113.8537096893869,0.15181768602263457,113.8537096893869,0.15181768602263457,113.8537096893869,0.15181768602263457,113.8537096893869,0.15181768602263457,113.8537096893869,0.15181768602263457,113.8537096893869,0.15181768602263457,113.8537096893869,0.15181768602263457,113.8537096893869,0.15181768602263457,113.8537096893869,0.15181768602263457,113.8537096893869,0.15181768602263457,113.8537096893869,0.15181768602263457,113.8537096893869,0.15181768602263457,113.8537096893869,0.15181768602263457,113.8537096893869,0.15181768602263457,113.8537096893869,0.15181768602263457,113.8537096893869,0.15181768602263457,113.8537096893869,0.15181768602263457,113.8537096893869,0.15181768602263457,113.8537096893869,0.15181768602263457,113.8537096893869,113.8537096893869,0.15181768602263457,0.15181768602263457,113.8537096893869,0.15181768602263457,113.8537096893869,0.15181768602263457,113.8537096893869,0.15181768602263457,113.8537096893869,0.15181768602263457,113.8537096893869,0.15181768602263457,113.8537096893869,0.15181768602263457,113.8537096893869,0.15181768602263457,113.8537096893869,0.15181768602263457,113.8537096893869,0.15181768602263457,113.8537096893869,0.15181768602263457,113.8537096893869,0.15181768602263457,113.8537096893869,0.15181768602263457,113.8537096893869,0.15181768602263457,113.8537096893869,0.15181768602263457,113.8537096893869,0.15181768602263457,113.8537096893869,0.15181768602263457,113.8537096893869,0.15181768602263457,113.8537096893869,0.15181768602263457,113.8537096893869,0.15181768602263457,113.8537096893869,0.15181768602263457,113.8537096893869,0.15181768602263457,113.8537096893869,0.15181768602263457,113.8537096893869,0.15181768602263457,108.83682512759142,0.14512794523779418,108.83682512759142,0.14512794523779418,108.83682512759142,0.14512794523779418,108.83682512759142,0.14512794523779418,108.83682512759142,0.14512794523779418,108.83682512759142,0.14512794523779418,108.83682512759142,0.14512794523779418,107.06031902935142,0.14275907165628596,108.98610881137174,0.14532700685374234,108.98610881137174,0.14532700685374234,108.98610881137174,0.14532700685374234,108.98610881137174,0.14532700685374234,116.73514580083668,0.15565992325896014,116.73514580083668,0.15565992325896014,117.9005846508456,0.15721397213353736,118.73923443424457,0.1583322656862584,123.18342031417733,0.1642583441459465,123.23821139172854,0.164331405046915,123.23821139172854,0.164331405046915,123.23821139172854,0.164331405046915,124.05546949959432,0.16542117397194975,123.79294073070794,0.165071106237526,123.79294073070794,0.165071106237526,123.79294073070794,0.165071106237526,126.747990365861,0.16901150307584517,127.64512241310864,0.17020777952429347,127.6424971315171,0.1702042788550797,128.94029431095157,0.17193482031258664,132.1281953876278,0.1761857117947389,132.1281953876278,0.1761857117947389,132.1281953876278,0.1761857117947389,132.1281953876278,0.1761857117947389,134.7782610222918,0.17971942917259517,141.65009754382328,0.18888264679871342,141.65009754382328,0.18888264679871342,143.86393346804255,0.19183467575030128,143.86393346804255,0.19183467575030128,153.72903192562418,0.20498924422507026,150.431840992837,0.2005926207056767,147.6833657395781,0.19692767949138848,147.6833657395781,0.19692767949138848,148.2206743482658,0.19764415109230118,148.2206743482658,0.19764415109230118,148.2206743482658,0.19764415109230118,148.2206743482658,0.19764415109230118,148.2206743482658,0.19764415109230118,150.6012453549206,0.2008185121441185,151.46864837181073,0.20197514655886512,151.46864837181073,0.20197514655886512,160.1194152966906,0.2135104704445727,163.20573350144883,0.21762590673078802,166.11945974532028,0.22151120109014452,166.11945974532028,0.22151120109014452,166.11945974532028,0.22151120109014452,167.9589685631469,0.223964085347518,168.34566871186118,0.224479728815988,168.34566871186118,0.224479728815988,168.9377590907613,0.2252692489070427,168.9377590907613,0.2252692489070427,168.9377590907613,0.2252692489070427,168.9377590907613,0.2252692489070427,168.9377590907613,0.2252692489070427,168.9377590907613,0.2252692489070427,167.47337382299867,0.2233165713578975,171.64574157081745,0.22888019522608288,171.64574157081745,0.22888019522608288,171.64574157081745,0.22888019522608288,173.1851599573373,0.23093292532947385,173.1851599573373,0.23093292532947385,173.1851599573373,0.23093292532947385,173.1851599573373,0.23093292532947385,172.07636587492857,0.2294544091500175,172.07636587492857,0.2294544091500175,172.07636587492857,0.2294544091500175,172.07636587492857,0.2294544091500175,172.07636587492857,0.2294544091500175,172.07636587492857,0.2294544091500175,172.2101004950232,0.229632736941174,173.69444462641874,0.23161202854181262,173.69444462641874,0.23161202854181262,173.69444462641874,0.23161202854181262,173.69444462641874,0.23161202854181262,173.69444462641874,0.23161202854181262,173.69444462641874,0.23161202854181262,173.69444462641874,0.23161202854181262,170.1959255261968,0.22694694493803086,173.69444462641877,0.23161202854181265,173.69444462641877,0.23161202854181265,170.31139957826525,0.2271009232618687,170.49765069930797,0.2273492789306736,170.49765069930797,0.2273492789306736,176.95719011595784,0.23596272094923612,176.95719011595784,0.23596272094923612,176.95719011595784,0.23596272094923612,176.95719011595784,0.23596272094923612,176.9598191626858,0.2359662266390531,178.07345456836177,0.2374511984579236,178.07345456836177,0.2374511984579236,178.07345456836177,0.2374511984579236,178.07345456836177,0.2374511984579236,178.07345456836177,0.2374511984579236,178.07345456836177,0.2374511984579236,178.07345456836177,0.2374511984579236,178.4949577006697,0.23801324979883168,178.4949577006697,0.23801324979883168,172.5637896805294,0.2301043620982398,172.5637896805294,0.2301043620982398,172.5637896805294,0.2301043620982398
Kuru Soğan,61.0,0.0121400579149131,-2.8544496602519898,100.0,1.21400579149131,98.31436999578592,1.1935421456170359,98.31436999578592,1.1935421456170359,98.31436999578592,1.1935421456170359,98.52091278989474,1.1960495870994248,101.58033219975222,1.233191115921104,101.58033219975222,1.233191115921104,101.58033219975222,1.233191115921104,99.27009442151032,1.2051446954960272,101.05811705859918,1.2268513938634615,101.05811705859918,1.2268513938634615,102.16864581748493,1.240333277312511,102.74396184141817,1.247317647162438,104.59490250203515,1.269788173979396,105.27543766383036,1.2780499102567244,106.35044468582382,1.2911005577626633,107.78373908859766,1.3085008348214584,107.78373908859766,1.3085008348214584,107.94413155747964,1.3104480086828014,107.29444784796137,1.3025608108228741,107.97067335960816,1.310770227697808,107.97067335960816,1.310770227697808,109.07320244527754,1.3241549946507105,105.38384053339082,1.2793659273713311,105.38384053339138,1.2793659273713378,112.94908393133775,1.3712084203628208,118.39531882901548,1.4373260274388493,121.57312675252146,1.4759047996726817,121.57312675252146,1.4759047996726817,121.99636531485206,1.4810429403311995,121.57312675252147,1.4759047996726817,122.49204683379513,1.4870605426785206,125.74904473620072,1.526600685842475,123.05982175010826,1.4939533630451969,123.92199753475528,1.5044202270036473,124.34551769037641,1.5095617862210209,124.34551769037641,1.5095617862210209,127.2720027539517,1.545089484379953,127.2720027539517,1.545089484379953,127.2720027539517,1.545089484379953,125.25068928211876,1.5205506217677072,130.19597852154195,1.5805867195403012,130.19597852154195,1.5805867195403012,130.19597852154195,1.5805867195403012,130.19597852154195,1.5805867195403012,132.85493856486968,1.6128666484597398,132.85493856486968,1.6128666484597398,131.79994818477857,1.6000590041457574,131.3558003086363,1.5946670232066047,128.92995628057017,1.5652171362133358,130.69647163031374,1.5866627348668056,129.91689231847167,1.5771985968717748,129.91689231847167,1.5771985968717748,129.91689231847167,1.5771985968717748,135.3865403949692,1.6436004412946477,131.275383956611,1.5936907640357114,131.44282704839233,1.5957235328673889,131.44282704839233,1.5957235328673889,131.44282704839233,1.5957235328673889,1.5957235328673889,131.44282704839233,134.1272511686495,1.6283125971555008,133.95917190653336,1.6262721051791147,133.95917190653336,1.6262721051791147,134.13003819723045,1.6283464318438838,134.13003819723045,1.6283464318438838,132.86936453811816,1.6130417806104553,132.86936453811816,1.6130417806104553,132.86936453811816,1.6130417806104553,132.86936453811816,1.6130417806104553,130.5833589857033,1.585289540810326,130.5833589857033,1.585289540810326,130.5833589857033,1.585289540810326,130.5833589857033,1.585289540810326,126.79209004811274,1.5392633163369656,126.79209004811274,1.5392633163369656,128.5518944339231,1.5606274434996215,128.5518944339231,1.5606274434996215,128.5518944339231,1.5606274434996215,128.5518944339231,1.5606274434996215,128.5518944339231,1.5606274434996215,128.5518944339231,1.5606274434996215,128.5518944339231,1.5606274434996215,128.5518944339231,1.5606274434996215,128.5518944339231,1.5606274434996215,128.5518944339231,1.5606274434996215,128.5518944339231,1.5606274434996215,128.5518944339231,1.5606274434996215,131.50736746089663,1.5965070572130435,131.50736746089663,1.5965070572130435,135.24464397510744,1.6418778105396072,135.24464397510744,1.6418778105396072,135.24464397510744,1.6418778105396072,135.24464397510744,1.6418778105396072,135.24464397510744,1.6418778105396072,135.24464397510744,1.6418778105396072,135.24464397510744,1.6418778105396072,135.24464397510744,1.6418778105396072,135.24464397510744,1.6418778105396072,135.24464397510744,1.6418778105396072,135.24464397510744,1.6418778105396072,135.24464397510744,1.6418778105396072,135.24464397510744,1.6418778105396072,135.24464397510744,1.6418778105396072,135.24464397510744,1.6418778105396072,135.24464397510744,1.6418778105396072,135.24464397510744,1.6418778105396072,133.78927943056135,1.6242096006815065,133.78927943056135,1.6242096006815065,133.78927943056135,1.6242096006815065,133.78927943056135,1.6242096006815065,134.43711338197616,1.6320743423709294,136.7029335942902,1.6595815309732025,136.7029335942902,1.6595815309732025,137.43866672039945,1.668513373734089,137.43866672039945,1.668513373734089,138.9337294298026,1.6866635216126702,138.9337294298026,1.6866635216126702,142.1388323050309,1.725573656141196,145.16900582443466,1.762360138158994,150.5601891964502,1.827809416525179,141.14867741567053,1.7135531184396269,141.14867741567053,1.7135531184396269,144.49108570287424,1.7541301486215655,145.7478059353441,1.7693868050265926,152.30571366684597,1.8490001846876818,160.05722559120917,1.9431039883775905,160.05722559120917,1.9431039883775905,160.05722559120917,1.9431039883775905,160.05722559120917,1.9431039883775905,160.05722559120917,1.9431039883775905,160.05722559120917,1.9431039883775905,162.15600624810133,1.9685833071029606,162.15600624810133,1.9685833071029606,162.15600624810133,1.9685833071029606,162.15600624810133,1.9685833071029606,162.15600624810133,1.9685833071029606,167.16138027683328,2.0293488376975684,167.16138027683328,2.0293488376975684,172.5197988416716,2.094400349407051,164.89621206826277,2.0018495644585026,164.89621206826277,2.0018495644585026,164.89621206826277,2.0018495644585026,168.8287465663312,2.049590761017447,168.8287465663312,2.049590761017447,168.8287465663312,2.049590761017447,168.8287465663312,2.049590761017447,172.81507358970967,2.0979850019490445,172.81507358970967,2.0979850019490445,172.81507358970967,2.0979850019490445,172.81507358970967,2.0979850019490445,172.81507358970967,172.81507358970967,2.0979850019490445,2.0979850019490445,172.81507358970967,2.0979850019490445,172.81507358970967,2.0979850019490445,172.81507358970967,2.0979850019490445,172.81507358970967,2.0979850019490445,172.81507358970967,2.0979850019490445,172.81507358970967,2.0979850019490445,172.81507358970967,2.0979850019490445,172.81507358970967,2.0979850019490445,172.81507358970967,2.0979850019490445,172.81507358970967,2.0979850019490445,172.81507358970967,2.0979850019490445,172.81507358970967,2.0979850019490445,172.81507358970967,2.0979850019490445,172.81507358970967,2.0979850019490445,161.49906007516054,1.9606079425164789,147.60494282028154,1.7919325543656544,147.60494282028154,1.7919325543656544,143.52938908118165,1.742455095937641,146.41310137718995,1.7774635302211288,146.41310137718995,1.7774635302211288,149.51942563506253,1.8151744866142014,142.10831480537232,1.7252031719279226,131.28963456919598,1.5938637672978162,129.83175726902073,1.5761650524408515,131.02802227622166,1.5906877789098548,128.43066172581663,1.5591556714020272,128.43066172581663,1.5591556714020272,128.43066172581663,1.5591556714020272,129.7932583802012,1.5756976737009225,122.67816004680805,1.489319967863228,121.4591003446043,1.4745205124767378,112.04310505353257,1.360209784316578,113.722963231405,1.3806033598847898,113.722963231405,1.3806033598847898,113.722963231405,1.3806033598847898,116.58169034504114,1.4153084726072647,115.35290379500556,1.4003909327247666,112.09140346112862,1.3607961297819922,110.07633953734326,1.3363331370449858,110.07633953734326,1.3363331370449858,107.98323018727909,1.3109226683129607,107.98323018727909,1.3109226683129607,109.80139844313972,1.3329953362381652,114.22637452671356,1.386714802164857,110.76956182371265,1.3447488957494187,107.4173620361891,1.3040529961865235,103.97340206222567,1.2622431226459647,103.97340206222567,1.2622431226459647,101.99789606360872,1.2382603654114968,107.85755502241344,1.3093969645330255,108.41836126203472,1.3162051847610723,103.80198855432158,1.2601621527326106,99.17133901411633,1.203945799130853,98.06325926700853,1.1904936468266223,98.66643885929382,1.1978162820100593,98.8431339740061,1.1999613709359485,99.71567922693508,1.210554120839889,100.71247083500936,1.22265522869101,99.54328843144047,1.2084612865985864,93.50746061642229,1.1351859873598225,92.85265182207601,1.127236570673264,92.85265182207601,1.127236570673264,95.97176518813109,1.1651027875803524,95.97176518813109,1.1651027875803524,90.33951259658537,1.0967269149275678,87.61895416195252,1.0636991779702196,88.94705573782186,1.0798224080181609,88.94705573782186,1.0798224080181609,88.28936442110954,1.0718379973431378,90.78001443984853,1.1020746328164086,95.84724058389781,1.1635910516731287,96.68232383435269,1.1737290106974247,96.68232383435269,1.1737290106974247,93.74182777888774,1.1380312182855068,88.70306440322592,1.0768603390854292,88.70306440322592,1.0768603390854292,87.96407605980757,1.0678889777978848,90.1430224694205,1.0943415134040777,90.1430224694205,1.0943415134040777,93.03037976221457,1.1293941981596443,88.01475407028776,1.068504211780127,87.36103998484771,1.06056808492309,87.36103998484771,1.06056808492309,87.36103998484771,1.06056808492309,92.22811312648946,1.119654634738739,92.45730070637339,1.1224369852319087,92.05736348157127,1.1175817241604815,87.38300041384888,1.0608346858030007,87.00632010670915,1.0562617650589172,87.00632010670915,1.0562617650589172,90.74151510870362,1.101607248706624,90.80299060967032,1.102353564848708,95.28508637994126,1.1567664670799842,94.64482679736784,1.1489936786669648,92.3645812066624,1.1213113651355755,91.69223710753229,1.113149068833386,91.69223710753229,1.113149068833386,91.69223710753229,1.113149068833386,93.73427783122601,1.1379395614836387,93.73427783122601,1.1379395614836387,89.74287422265445,1.089483690513787,85.93135604290872,1.0432116390679296,77.43631604884179,0.9400813615504541,77.43631604884179,0.9400813615504541,86.74838352017294,1.0531303999599926,89.10013306232305,1.0816807756030653,89.75894008555719,1.0896787310198792,89.75894008555719,1.0896787310198792,99.11918130503273,1.2033126015218691,98.50832794662377,1.1958968063732651,98.50832794662377,1.1958968063732651,114.95539111629394,1.3955651057832952,117.39698844602844,1.4252062387711693,117.5324314999678,1.4268505252901658,117.5324314999678,1.4268505252901658,117.90589939127119,1.4313844471199495,118.64420215085578,1.4403474853800464,118.64420215085578,1.4403474853800464,118.64420215085578,1.4403474853800464,118.64420215085578,1.4403474853800464,117.95497632316842,1.431980243915468,117.95497632316842,1.431980243915468,117.95497632316842,1.431980243915468,117.95497632316842,1.431980243915468,117.95497632316842,1.431980243915468,117.95497632316842,1.431980243915468,121.16996751625256,1.471010423195445,120.34393363546978,1.4609823240430617,110.27764465674852,1.3387769928531341,117.293180234157,1.4239460010670064,113.94510544946436,1.3833001792773776
Kuru Üzüm,62.0,0.001351789595554,1.013749277976772,100.0,0.1351789595554,100.0,0.1351789595554,100.0,0.1351789595554,100.0,0.1351789595554,100.0,0.1351789595554,100.0,0.1351789595554,100.0,0.1351789595554,100.0,0.1351789595554,100.0,0.1351789595554,98.07692307692308,0.1325793641793346,98.07692307692308,0.1325793641793346,98.07692307692308,0.1325793641793346,98.07692307692308,0.1325793641793346,98.07692307692308,0.1325793641793346,98.07692307692308,0.1325793641793346,98.07692307692308,0.1325793641793346,98.07692307692308,0.1325793641793346,98.07692307692308,0.1325793641793346,98.07692307692308,0.1325793641793346,98.07692307692308,0.1325793641793346,98.07692307692308,0.1325793641793346,98.07692307692308,0.1325793641793346,98.07692307692308,0.1325793641793346,98.07692307692308,0.1325793641793346,98.07692307692308,0.1325793641793346,98.07692307692308,0.1325793641793346,98.07692307692308,0.1325793641793346,98.07692307692308,0.1325793641793346,98.0580463996131,0.13255384688334837,98.01330986870586,0.13249337250632676,98.0580463996131,0.13255384688334837,98.0580463996131,0.13255384688334837,98.0580463996131,0.13255384688334837,98.0580463996131,0.13255384688334837,98.0580463996131,0.13255384688334837,98.0580463996131,0.13255384688334837,98.0580463996131,0.13255384688334837,98.0580463996131,0.13255384688334837,98.0580463996131,0.13255384688334837,98.0580463996131,0.13255384688334837,98.0580463996131,0.13255384688334837,98.0580463996131,0.13255384688334837,98.0580463996131,0.13255384688334837,98.0580463996131,0.13255384688334837,98.0580463996131,0.13255384688334837,98.0580463996131,0.13255384688334837,98.0580463996131,0.13255384688334837,98.0580463996131,0.13255384688334837,98.0580463996131,0.13255384688334837,96.819391890166,0.13087944660499173,96.819391890166,0.13087944660499173,95.32911764704185,0.1288649093886144,95.32911764704185,0.1288649093886144,95.32911764704185,0.1288649093886144,95.32911764704185,0.1288649093886144,95.32911764704185,0.1288649093886144,95.32911764704185,0.1288649093886144,95.32911764704185,0.1288649093886144,95.32911764704185,0.1288649093886144,0.1288649093886144,95.32911764704185,95.32911764704185,0.1288649093886144,95.32911764704185,0.1288649093886144,95.32911764704185,0.1288649093886144,95.32911764704185,0.1288649093886144,95.32911764704185,0.1288649093886144,95.32911764704185,0.1288649093886144,95.32911764704185,0.1288649093886144,95.32911764704185,0.1288649093886144,95.32911764704185,0.1288649093886144,95.32911764704185,0.1288649093886144,95.32911764704185,0.1288649093886144,95.32911764704185,0.1288649093886144,95.32911764704185,0.1288649093886144,95.32911764704185,0.1288649093886144,95.32911764704185,0.1288649093886144,95.32911764704185,0.1288649093886144,95.32911764704185,0.1288649093886144,95.32911764704185,0.1288649093886144,95.32911764704185,0.1288649093886144,95.32911764704185,0.1288649093886144,95.32911764704185,0.1288649093886144,95.32911764704185,0.1288649093886144,95.32911764704185,0.1288649093886144,95.32911764704185,0.1288649093886144,95.32911764704185,0.1288649093886144,95.32911764704185,0.1288649093886144,95.32911764704185,0.1288649093886144,95.32911764704185,0.1288649093886144,95.32911764704185,0.1288649093886144,95.32911764704185,0.1288649093886144,95.32911764704185,0.1288649093886144,95.32911764704185,0.1288649093886144,95.32911764704185,0.1288649093886144,95.32911764704185,0.1288649093886144,95.32911764704185,0.1288649093886144,95.32911764704185,0.1288649093886144,95.32911764704185,0.1288649093886144,95.32911764704185,0.1288649093886144,95.32911764704185,0.1288649093886144,95.32911764704185,0.1288649093886144,95.32911764704185,0.1288649093886144,95.32911764704185,0.1288649093886144,95.32911764704185,0.1288649093886144,95.32911764704185,0.1288649093886144,95.32911764704185,0.1288649093886144,95.32911764704185,0.1288649093886144,95.32911764704185,0.1288649093886144,95.32911764704185,0.1288649093886144,95.32911764704185,0.1288649093886144,95.32911764704185,0.1288649093886144,95.32911764704185,0.1288649093886144,94.71576001131953,0.12803577891829135,94.25419783557885,0.12741184397142383,95.00827902375512,0.12843120307580352,93.689764424043,0.12664884875832663,93.689764424043,0.12664884875832663,93.689764424043,0.12664884875832663,93.689764424043,0.12664884875832663,93.689764424043,0.12664884875832663,93.689764424043,0.12664884875832663,93.689764424043,0.12664884875832663,93.689764424043,0.12664884875832663,93.689764424043,0.12664884875832663,92.82309765849661,0.12547729764184856,93.68976442404293,0.12664884875832652,93.68976442404293,0.12664884875832652,93.68976442404293,0.12664884875832652,93.68976442404293,0.12664884875832652,93.68976442404293,0.12664884875832652,93.68976442404293,0.12664884875832652,93.68976442404293,0.12664884875832652,94.78724499807495,0.12813241157962565,94.78724499807495,0.12813241157962565,94.78724499807495,0.12813241157962565,94.78724499807495,0.12813241157962565,94.78724499807495,0.12813241157962565,94.78724499807495,0.12813241157962565,94.78724499807495,0.12813241157962565,94.78724499807495,0.12813241157962565,94.78724499807495,0.12813241157962565,94.78724499807495,0.12813241157962565,94.78724499807495,0.12813241157962565,93.68976442404292,0.12664884875832652,93.68976442404292,0.12664884875832652,93.68976442404292,0.12664884875832652,93.68976442404292,0.12664884875832652,94.48526730056058,0.12772420127003636,94.48526730056058,0.12772420127003636,94.48526730056058,0.12772420127003636,94.48526730056058,0.12772420127003636,94.48526730056058,94.48526730056058,0.12772420127003636,0.12772420127003636,94.48526730056058,0.12772420127003636,94.48526730056058,0.12772420127003636,95.59206638402561,0.1292203607554331,95.59206638402561,0.1292203607554331,95.59206638402561,0.1292203607554331,95.59206638402561,0.1292203607554331,95.59206638402561,0.1292203607554331,95.59206638402561,0.1292203607554331,95.59206638402561,0.1292203607554331,94.78724499807495,0.12813241157962565,94.78724499807495,0.12813241157962565,94.78724499807495,0.12813241157962565,94.78724499807495,0.12813241157962565,94.78724499807495,0.12813241157962565,94.78724499807495,0.12813241157962565,94.78724499807495,0.12813241157962565,94.78724499807495,0.12813241157962565,94.78724499807495,0.12813241157962565,93.68976442404292,0.12664884875832652,93.68976442404292,0.12664884875832652,93.68976442404292,0.12664884875832652,92.9626764046114,0.12566597873860702,92.9626764046114,0.12566597873860702,94.48526730056062,0.12772420127003642,94.48526730056062,0.12772420127003642,94.48526730056062,0.12772420127003642,94.48526730056062,0.12772420127003642,94.48526730056062,0.12772420127003642,94.48526730056062,0.12772420127003642,95.50646961997914,0.12910465194038198,95.50646961997914,0.12910465194038198,95.50646961997914,0.12910465194038198,95.64114159331602,0.1292867001127515,95.64114159331602,0.1292867001127515,95.64114159331602,0.1292867001127515,95.64114159331602,0.1292867001127515,95.64114159331602,0.1292867001127515,94.75444599560664,0.12808807422934443,94.75444599560664,0.12808807422934443,94.75444599560664,0.12808807422934443,94.75444599560664,0.12808807422934443,94.75444599560664,0.12808807422934443,94.75444599560664,0.12808807422934443,94.75444599560664,0.12808807422934443,94.05253811367255,0.1271392424575086,94.05253811367255,0.1271392424575086,94.05253811367255,0.1271392424575086,94.05253811367255,0.1271392424575086,94.05253811367255,0.1271392424575086,94.14475342276845,0.1272638981528952,93.98390014800158,0.12704645836965459,94.70179648446737,0.12801690316797534,94.96706165245077,0.1283754858621182,94.96706165245077,0.1283754858621182,94.96706165245077,0.1283754858621182,95.38058759066692,0.1289344859228905,95.38058759066692,0.1289344859228905,95.38058759066692,0.1289344859228905,96.17486932382356,0.13000818770571024,96.17486932382356,0.13000818770571024,96.17486932382356,0.13000818770571024,95.71132935247356,0.1293815791953159,95.71132935247356,0.1293815791953159,95.71132935247356,0.1293815791953159,95.85651026256136,0.12957783323904568,95.85651026256136,0.12957783323904568,95.85651026256136,0.12957783323904568,95.85651026256136,0.12957783323904568,95.85651026256136,0.12957783323904568,95.85651026256136,0.12957783323904568,95.85651026256136,0.12957783323904568,95.85651026256136,0.12957783323904568,95.73529146397227,0.12941397092832738,95.73529146397227,0.12941397092832738,96.25095401978363,0.13011103820608996,96.25095401978363,0.13011103820608996,96.25095401978363,0.13011103820608996,96.35583803732366,0.13025281932974048,96.56756684967355,0.13053903213535406,96.56756684967355,0.13053903213535406,96.56756684967355,0.13053903213535406,96.56756684967355,0.13053903213535406,96.56756684967355,0.13053903213535406,96.56756684967355,0.13053903213535406,96.56756684967355,0.13053903213535406,95.78573081484946,0.12948215431804966,95.28683880255883,0.12880775728653018,95.28683880255883,0.12880775728653018,95.28683880255883,0.12880775728653018,95.28683880255883,0.12880775728653018,95.28683880255883,0.12880775728653018,95.19168934089795,0.12867913523423444,95.19168934089795,0.12867913523423444,94.78425996597124,0.12812837644428546,94.78425996597124,0.12812837644428546,94.78425996597124,0.12812837644428546,94.27713526419682,0.12744285054877835,93.90620743023402,0.12694143416212608,94.00007198023276,0.12706831928420573,94.4041305294446,0.12761452142702492,95.0692669445024,0.12851364591252415,94.66236154893555,0.1279635954324221,94.66236154893555,0.1279635954324221,94.66236154893555,0.1279635954324221,94.66236154893555,0.1279635954324221,94.92628369755131,0.12832036264695715,94.92628369755131,0.12832036264695715,94.92628369755131,0.12832036264695715,94.92628369755131,0.12832036264695715,94.92628369755131,0.12832036264695715,94.92628369755131,0.12832036264695715,94.92628369755131,0.12832036264695715,95.06440319172975,0.12850707114213075,95.06440319172975,0.12850707114213075,97.02294031596823,0.13115460124918257,97.02294031596823,0.13115460124918257,97.02294031596823,0.13115460124918257,97.02294031596823,0.13115460124918257,97.02294031596823,0.13115460124918257,96.81662769160168,0.13087570999013243,96.81662769160168,0.13087570999013243,96.81662769160168,0.13087570999013243,97.88739446920415,0.13232316137936034,97.88739446920415,0.13232316137936034,97.88739446920415,0.13232316137936034,97.88739446920415,0.13232316137936034,98.0869103002091,0.13259286480386112,98.0869103002091,0.13259286480386112,97.15361305594364,0.13133124329950385,97.15361305594364,0.13133124329950385,98.1385071068266,0.13266261283021047
Kuzu Eti,63.0,0.0348259301410056,3.18479371761784,100.0,3.4825930141005603,99.85097276611047,3.4774030020640163,99.85097276611047,3.4774030020640163,99.85097276611047,3.4774030020640163,99.85097276611047,3.4774030020640163,101.6181503370218,3.538946604695326,101.6181503370218,3.538946604695326,102.0425919860643,3.553728179913813,101.6875250694939,3.5413626442819504,101.6844587518613,3.541255856918287,101.7443728900546,3.543342422509466,101.32853773343751,3.528860576394945,101.16596032683476,3.5231986669900914,103.95684436543556,3.6203937995500506,104.20949473753822,3.629192583758997,103.67426363975936,3.6105526629384563,103.90681772289892,3.6186515751918806,103.90681772289892,3.6186515751918806,104.6009180416891,3.642824264404917,104.6009180416891,3.642824264404917,104.71376016312762,3.6467540962430975,105.76929846280352,3.6835141993287666,105.22605604645628,3.6645952768874266,105.39598234804808,3.6705131183957818,105.39598234804808,3.6705131183957818,105.39598234804808,3.6705131183957818,105.1232909343436,3.6610163862720575,106.02624768853887,3.6924626951140116,106.49763258434206,3.7088791125647784,106.59309594936572,3.7122037130461174,106.37271088772773,3.704528598285392,106.50443933588927,3.7091161640186487,106.50443933588927,3.7091161640186487,106.4736041315429,3.7080422993461983,106.4736041315429,3.7080422993461983,107.07325059372776,3.7289255451475496,107.24322193072744,3.7348449550558738,106.98002482276054,3.7256788709605035,106.98002482276054,3.7256788709605035,106.98002482276054,3.7256788709605035,106.98002482276054,3.7256788709605035,106.98002482276054,3.7256788709605035,106.98002482276054,3.7256788709605035,107.05622549218587,3.728332630150608,107.30856567905029,3.737120611870117,107.30856567905029,3.737120611870117,107.49150909764155,3.7434917865857327,107.49150909764155,3.7434917865857327,105.85112585919845,3.6863639145192364,104.89889300744304,3.653201519746032,104.89889300744304,3.653201519746032,104.89889300744304,3.653201519746032,104.89889300744304,3.653201519746032,105.00359011907432,3.656847694041668,106.88991193215954,3.722540605727629,106.88991193215954,3.722540605727629,106.88991193216366,3.7225406057277723,106.88991196692197,3.722540606938263,107.02192925143616,3.7271382316661597,3.7271382316661597,107.02192925143616,107.24966310180622,3.7350692748298897,107.5603255402859,3.7458883832098175,107.87253575636736,3.7567613943843785,107.87253575636736,3.7567613943843785,107.79106310253562,3.753924033433632,107.59993092325742,3.7472676775103912,107.1995913918592,3.733325480957234,107.1995913918592,3.733325480957234,107.49149625315162,3.743491339264424,107.49149625315162,3.743491339264424,108.26646439114052,3.77048032549953,108.34518428499531,3.7732218190236244,108.46536781136278,3.7774073221169977,109.82829292115429,3.824872456778019,109.82829292115429,3.824872456778019,109.82829292115429,3.824872456778019,109.82829292115429,3.824872456778019,109.82829292115429,3.824872456778019,109.82829292115429,3.824872456778019,109.82829292115429,3.824872456778019,109.82829292115429,3.824872456778019,109.82829292115429,3.824872456778019,109.82829292115429,3.824872456778019,109.82829292115429,3.824872456778019,109.82829292115429,3.824872456778019,108.96126297543421,3.7946773324582117,108.96126297543421,3.7946773324582117,108.96126297543421,3.7946773324582117,108.96126297543421,3.7946773324582117,108.96126297543421,3.7946773324582117,108.61876709133986,3.78274959472516,109.75832540339918,3.82243577289254,109.75832540339918,3.82243577289254,109.83249572543623,3.8250188233463387,109.83249572543623,3.8250188233463387,109.83249572543623,3.8250188233463387,109.98913832281471,3.830474047499747,109.98913832281471,3.830474047499747,110.3640275543516,3.843529913687866,110.3640275543516,3.843529913687866,110.3640275543516,3.843529913687866,110.3640275543516,3.843529913687866,110.3640275543516,3.843529913687866,110.72710977460522,3.85617458972586,110.72710977460522,3.85617458972586,110.72710977460522,3.85617458972586,110.72710977460522,3.85617458972586,110.490202614613,3.8479240775220664,110.22054449664651,3.8385329827438106,110.24658052509943,3.8394397116518615,111.4425398491835,3.8810901075238977,112.97968071716498,3.9346224680091053,113.35175520714141,3.9475803082042744,113.91862194062783,3.967321969463933,113.91862194062783,3.967321969463933,113.29585269277842,3.9456334511443627,117.37729130290136,4.087773347055307,117.48879866940652,4.091656694811423,117.00680709670135,4.07487088997184,117.48879866940636,4.091656694811418,117.1187159839557,4.078768221061517,117.6036415598318,4.095656205290565,117.6036415598318,4.095656205290565,117.6036415598318,4.095656205290565,117.6036415598318,4.095656205290565,117.12117885025233,4.07885399267111,117.88048406012521,4.105297502865845,120.02922030158658,4.180129241102425,120.27835887398616,4.188805723620243,120.27835887398616,4.188805723620243,121.41761481333783,4.22848137137683,122.34713343034772,4.260852721797581,122.34713343034772,4.260852721797581,122.34713343034772,4.260852721797581,122.34713343034772,4.260852721797581,122.4621656316393,4.264858825203727,122.4621656316393,4.264858825203727,121.47809947730694,4.2305878060588205,121.47809947730694,4.2305878060588205,121.47809947730694,4.2305878060588205,121.25148354122943,4.222695695300147,120.76778182429733,4.205850333097184,121.21614032788605,4.221464835021291,121.21614032788605,4.221464835021291,121.21614032788605,4.221464835021291,122.04038240804917,4.250169832124329,123.20821786286788,4.290840788090035,123.20821786286788,4.290840788090035,123.73116625247977,4.30905295217401,123.73116625247977,4.30905295217401,123.73116625247977,123.73116625247977,4.30905295217401,4.30905295217401,123.73116625247977,4.30905295217401,123.73116625247977,4.30905295217401,122.91902662936285,4.280769434394598,122.91902662936285,4.280769434394598,122.38007604850978,4.2619999791163545,122.38007604850978,4.2619999791163545,123.73116625247953,4.309052952174001,125.15743565841105,4.358724110867226,125.15743565841105,4.358724110867226,126.20441271767994,4.39518606079256,126.20441271767994,4.39518606079256,126.58310712527576,4.408374445776282,126.58310712527576,4.408374445776282,125.76576483346705,4.379909740220462,125.76576483346705,4.379909740220462,125.76576483346705,4.379909740220462,125.76576483346705,4.379909740220462,125.19861656314323,4.360158274178573,124.81243182509205,4.34670903146968,124.81243182509205,4.34670903146968,125.62319072361521,4.374944464230846,126.55164987202265,4.407278917672061,125.98235078442765,4.38745254741814,126.07924678217157,4.390827040666512,125.50086182772074,4.370684246648199,125.50086182772074,4.370684246648199,125.50086182772074,4.370684246648199,125.3114255972217,4.364086953718664,125.21219515385636,4.360631161230161,125.21219515385636,4.360631161230161,124.05704963871247,4.320402144217065,124.7992513977279,4.346250010827068,124.7992513977279,4.346250010827068,124.7992513977279,4.346250010827068,124.7992513977279,4.346250010827068,125.92593555140654,4.385487834454057,121.49801873577188,4.231281512762581,121.81224393963421,4.242224697760834,121.81224393963421,4.242224697760834,121.6777190851942,4.2375397445778775,121.6777190851942,4.2375397445778775,121.42195829050178,4.2286326370091105,121.42195829050178,4.2286326370091105,120.4284509564011,4.194032819997144,121.35567216752203,4.2263241611209,120.87636720068056,4.209631919829442,120.82733592216432,4.207924359949112,120.82733592216432,4.207924359949112,120.82733592216432,4.207924359949112,122.7608087320204,4.275259348954693,122.20074113789114,4.255754474047306,123.68085053962008,4.307300660672964,123.68085053962008,4.307300660672964,123.30595945183592,4.294244729839307,123.30595945183592,4.294244729839307,122.9679520229713,4.282473306734527,122.12395998831708,4.253080499096094,120.87164768746972,4.2094675583920615,121.98786387364326,4.248340825314001,122.45286322448096,4.264534860221888,122.38055787518287,4.262016759178412,122.38055787518287,4.262016759178412,122.38055787518287,4.262016759178412,122.38055787518287,4.262016759178412,121.85667904628403,4.243772191680828,122.55086236709703,4.267947771516513,122.55086236709703,4.267947771516513,122.55086236709703,4.267947771516513,122.55086236709703,4.267947771516513,122.55086236709703,4.267947771516513,122.55086236709703,4.267947771516513,122.55086236709703,4.267947771516513,122.34136093567254,4.260651689301284,121.88343433913495,4.244703969640557,122.98464813862327,4.283054764491848,122.98464813862327,4.283054764491848,122.98464813862327,4.283054764491848,123.29083177559295,4.293717894443273,122.79703060006022,4.276520809200624,123.40175845217505,4.2975810191326955,122.65257690639582,4.271490074956458,122.7397955522437,4.27452754542375,122.7397955522437,4.27452754542375,122.44971579985533,4.264425248231752,122.44971579985533,4.264425248231752,122.1363640732834,4.253512482892594,122.7951730111519,4.276456116939072,122.79791847953017,4.276551730429018,123.0518871502843,4.285396425614706,123.0518871502843,4.285396425614706,122.54068030537364,4.267593171746244,122.36462233565474,4.261461789192046,122.36462233565474,4.261461789192046,122.36462233565474,4.261461789192046,122.70795011413118,4.273418498420733,122.6464492075783,4.271276672145514,122.6464492075783,4.271276672145514,122.6464492075783,4.271276672145514,122.83599413236092,4.277877750454575,121.62092214524245,4.235561738314894,122.77553487504926,4.275772200583062,122.04503053999574,4.250331707642786,121.40445024554137,4.228022903058414,121.61499589731702,4.2353553512186455,121.61499589731702,4.2353553512186455,121.74530822728956,4.239893599318781,121.39918782201356,4.227839634264262,121.64680710638984,4.236463206163516,121.64680710638984,4.236463206163516,121.75901697057408,4.240371019054728,121.75901697057408,4.240371019054728,121.82282218850679,4.242593095117084,121.82282218850679,4.242593095117084,121.25011320267336,4.222647971985324,121.66367556343438,4.237050665870136,121.66367556343438,4.237050665870136,121.65370582720148,4.236703460532564,121.65370582720148,4.236703460532564,121.65370582720148,4.236703460532564,121.65370582720148,4.236703460532564,121.0159750680631,4.214493893666041,121.65370582720143,4.2367034605325635,121.75998742199126,4.240404815927988,122.94091291789051,4.281531644749908,122.94091291789051,4.281531644749908,122.94091291789051,4.281531644749908,123.7098696358055,4.308311277689472,122.92605637065893,4.281014251673884,125.38568980669922,4.366673273889905,125.38568980669922,4.366673273889905,129.37896537845478,4.505742809985648
Kırmızı Lahana,64.0,0.0007484151708664,0.0,100.0,0.07484151708664,100.0,0.07484151708664,100.0,0.07484151708664,100.0,0.07484151708664,110.71428571428572,0.08286025106020858,110.71428571428572,0.08286025106020858,109.71685971685974,0.08211376231191843,109.71685971685974,0.08211376231191843,109.71685971685974,0.08211376231191843,117.84403451070116,0.08819626322391236,117.84403451070116,0.08819626322391236,140.03544360687218,0.10480465045438936,140.03544360687218,0.10480465045438936,143.54071128163747,0.1074280459601313,143.54071128163747,0.1074280459601313,143.54071128163747,0.1074280459601313,143.54071128163747,0.1074280459601313,143.54071128163747,0.1074280459601313,152.1531539585357,0.11387372871773917,160.4191382636172,0.12006011677380572,160.4191382636172,0.12006011677380572,162.23178389371458,0.12141672826277528,163.1182963740081,0.12208020765218935,163.1182963740081,0.12208020765218935,163.1182963740081,0.12208020765218935,164.8722565500727,0.1233928980570516,169.16580489773085,0.12660625477728732,174.06916156143316,0.130276001292571,174.06916156143316,0.130276001292571,175.60500497911937,0.13142544980644266,174.06916156143313,0.13027600129257097,174.06916156143313,0.13027600129257097,220.48760464448205,0.1650162683039233,216.40450085476942,0.16196041148348025,245.28731711833524,0.18357674935247972,245.28731711833524,0.18357674935247972,245.28731711833524,0.18357674935247972,245.28731711833524,0.18357674935247972,245.28731711833524,0.18357674935247972,240.47776188072083,0.17997720524752914,242.48174322972721,0.18147701529125884,242.48174322972721,0.18147701529125884,248.25924485540565,0.18580098515762186,248.25924485540565,0.18580098515762186,248.25924485540565,0.18580098515762186,248.25924485540565,0.18580098515762186,271.47047506546403,0.20317262198130204,271.47047506546403,0.20317262198130204,281.5249371049257,0.21069753390653548,281.5249371049257,0.21069753390653548,281.5249371049257,0.21069753390653548,281.5249371049257,0.21069753390653548,281.5249371049257,0.21069753390653548,290.9091016750899,0.21772078503675335,292.75614359048734,0.2191031392274629,292.75614359048734,0.2191031392274629,315.0222786192002,0.23576745247951142,315.0222786192002,0.23576745247951142,315.0222786192002,0.23576745247951142,0.23576745247951142,315.0222786192002,315.0222786192002,0.23576745247951142,324.56840827432745,0.24291192073646625,324.56840827432745,0.24291192073646625,327.9493291938516,0.2454422532441377,327.9493291938516,0.2454422532441377,327.9493291938516,0.2454422532441377,327.9493291938516,0.2454422532441377,327.9493291938516,0.2454422532441377,327.9493291938516,0.2454422532441377,327.9493291938516,0.2454422532441377,327.9493291938516,0.2454422532441377,327.9493291938516,0.2454422532441377,327.9493291938516,0.2454422532441377,327.9493291938516,0.2454422532441377,327.9493291938516,0.2454422532441377,327.9493291938516,0.2454422532441377,327.9493291938516,0.2454422532441377,327.9493291938516,0.2454422532441377,327.9493291938516,0.2454422532441377,327.9493291938516,0.2454422532441377,327.9493291938516,0.2454422532441377,327.9493291938516,0.2454422532441377,327.9493291938516,0.2454422532441377,327.9493291938516,0.2454422532441377,327.9493291938516,0.2454422532441377,236.80165571029076,0.17722595161986368,236.80165571029076,0.17722595161986368,236.80165571029076,0.17722595161986368,236.80165571029076,0.17722595161986368,236.80165571029076,0.17722595161986368,236.80165571029076,0.17722595161986368,236.80165571029076,0.17722595161986368,236.80165571029076,0.17722595161986368,236.80165571029076,0.17722595161986368,236.80165571029076,0.17722595161986368,236.80165571029076,0.17722595161986368,200.10667735370967,0.1497628731231842,200.10667735370967,0.1497628731231842,200.10667735370967,0.1497628731231842,200.10667735370967,0.1497628731231842,200.10667735370967,0.1497628731231842,200.10667735370967,0.1497628731231842,200.10667735370967,0.1497628731231842,200.10667735370967,0.1497628731231842,200.10667735370967,0.1497628731231842,200.10667735370967,0.1497628731231842,156.9388243613604,0.11745539704997948,156.9388243613604,0.11745539704997948,156.9388243613604,0.11745539704997948,156.9388243613604,0.11745539704997948,163.22610185781997,0.12216089091177675,228.017129605504,0.17065147901416935,228.017129605504,0.17065147901416935,231.04167476496792,0.17291509449648268,231.04167476496792,0.17291509449648268,231.04167476496792,0.17291509449648268,231.04167476496792,0.17291509449648268,231.04167476496792,0.17291509449648268,231.04167476496792,0.17291509449648268,231.04167476496792,0.17291509449648268,239.7698688390223,0.1794474073557712,239.7698688390223,0.1794474073557712,239.7698688390223,0.1794474073557712,239.7698688390223,0.1794474073557712,248.1913063101984,0.18575013891970216,248.1913063101984,0.18575013891970216,248.1913063101984,0.18575013891970216,248.1913063101984,0.18575013891970216,248.1913063101984,0.18575013891970216,248.1913063101984,0.18575013891970216,248.1913063101984,0.18575013891970216,248.1913063101984,0.18575013891970216,248.1913063101984,0.18575013891970216,248.1913063101984,0.18575013891970216,248.1913063101984,0.18575013891970216,248.1913063101984,0.18575013891970216,248.1913063101984,0.18575013891970216,233.5449162207192,0.17478855837830862,248.1913063101984,0.18575013891970216,248.1913063101984,0.18575013891970216,248.1913063101984,0.18575013891970216,248.1913063101984,0.18575013891970216,248.1913063101984,0.18575013891970216,248.1913063101984,0.18575013891970216,248.1913063101984,0.18575013891970216,248.1913063101984,0.18575013891970216,248.1913063101984,0.18575013891970216,248.1913063101984,0.18575013891970216,248.1913063101984,0.18575013891970216,248.1913063101984,0.18575013891970216,248.1913063101984,248.1913063101984,0.18575013891970216,0.18575013891970216,246.87517223910928,0.1847651242140049,247.81130736837733,0.1854657419467301,243.16570027147563,0.18198889911752425,237.58792463398976,0.17781440721074082,234.75745878289032,0.1756960436271587,234.33675392345475,0.17538118172789993,232.22024491651848,0.17379715427783343,230.00203145530116,0.17213700967123832,229.8491711951645,0.17202260673352948,227.84407015900746,0.1705219586989496,225.89270973888767,0.16906153095670373,222.94070429439986,0.16685220529756883,221.73315389531237,0.165948456259306,220.210711170061,0.16480903702695265,222.3736731603108,0.166427830594463,220.24493854197007,0.1648346533113483,219.55483194337862,0.16431816706344746,216.19241802772277,0.1618016854782383,215.03261947415763,0.16093367464560127,212.52392566221957,0.15905613013768816,217.44590369175282,0.16273981316566194,216.33429695286347,0.16190786981823985,211.84439868314396,0.15854756183753496,211.35153157066839,0.1581786926133371,209.76146248534627,0.1569886607871564,209.6935082452664,0.1569378028029559,207.33734967715526,0.15517441798561468,204.79823511927378,0.15327410612992845,201.06056944790618,0.1504767804378504,198.2216259786354,0.14835207207621603,190.62427705129744,0.14266610088063075,186.8505801922713,0.13984180890108472,186.5291883275851,0.13960127435376052,188.5042459018172,0.1410794374056504,188.14364904260592,0.14080956124564992,184.626181143206,0.13817703490670344,183.88010405249366,0.13761865949337845,180.4852397719201,0.13507789156276476,177.6847976987755,0.1329819982300908,175.06455758472958,0.1310209707774261,175.58273865580065,0.13140878535227152,176.12288362963207,0.13181303804515418,173.6102881321618,0.1299325734565968,176.14178007162974,0.1318271804290206,173.9142907347625,0.13016009361636605,170.4424551416226,0.1275617191877062,169.17138686921817,0.1266104324094318,169.6770813851791,0.12698890185700087,168.7656780078158,0.1263067937426033,167.646537082154,0.12546921169550054,166.46414175798145,0.12458428909692833,168.0014280547122,0.12573481748336662,161.13665087501047,0.1205971140974604,159.4625336181664,0.11934417934462906,160.38354625589878,0.12003347917526766,161.22870589140376,0.1206660094682835,163.4559412988543,0.1223329062363103,163.06127480490812,0.12203753184480833,162.8108938919037,0.12185014297102044,159.52423528772172,0.11939035781019205,159.24109173045366,0.11917844887639956,158.91409475973865,0.11893371938268908,161.26386714995448,0.12069232468760961,161.26386714995442,0.12069232468760957,156.13757411509766,0.11685572921001601,155.2222637229657,0.11617069702649277,155.02914035917505,0.1160261605711831,154.87113879774975,0.11590790980559183,154.15688931593263,0.11537335465761643,154.87104902991342,0.11590784262198127,161.55473463670802,0.12091001432740775,162.43538033418048,0.12156910292755435,163.24979979716227,0.1221786268090988,161.67716472310966,0.12100164286144122,159.8837601476957,0.11965943166970021,160.0735590986764,0.11980148008402869,158.84356871189004,0.11888093661853794,161.43082543526285,0.12081727880123624,160.7006499652667,0.12027080440209661,160.77264371652333,0.12032468561774466,158.3869363995796,0.118539186068497,158.19358325703698,0.11839447764328341,158.23525094173607,0.11842566237064708,158.9912607428756,0.1189914715751436,162.00208572346375,0.1212448186674393,162.51078780961205,0.12162553902616409,161.8974672909493,0.12116652064539322,158.55362172514637,0.11866393589491198,158.3372958466133,0.11850203432556683,158.22897046007407,0.1184209619628909,160.43294748464737,0.12007045180432255,161.43587087009814,0.12082105488121059,163.1055411507668,0.12207066144960778,161.478902577768,0.120853260464059,161.496587603166,0.12086649620536402,164.6701066828329,0.12324160602962071,164.67010668283285,0.12324160602962067,164.76873385237272,0.12331542009956392,167.45431295674737,0.1253253482438397,171.53575631091704,0.12837996236913213,171.05929588982153,0.12802337216166684,169.45383975027747,0.12682182443067147,163.60178515643483,0.12244205799190123,163.8713317939396,0.12264379078466582,169.15162251329517,0.1265956404656166,169.26537765100505,0.12668077653644266,169.54168295982265,0.1268875676213527,169.33209210011591,0.12673070664227323,170.04169571323965,0.12726178475163666,168.8015460278006,0.12633363791290889,168.5246983224852,0.12612644089023128,173.58153456687828,0.12991105385212212,175.8068907522993,0.1315765441818726,175.1412558808702,0.13107837294583735,175.91243731334055,0.13165553682938866,175.1540100176091,0.13108791833526406,174.78195343859005,0.13080946554710554,173.48719110871036,0.12984044577675727,173.18856066378632,0.12961694622129352,172.5762064447927,0.12915865103385465,171.1818719777022,0.12811510996542222,170.59613822087672,0.12767673793572545,168.64944702673986,0.1262198047130414,168.52102457753736,0.1261236914037784,168.37724063109084,0.12601608131693082,168.34337511163633,0.12599073584840179,173.2382751519061,0.12965415329841423,175.2416942977139,0.131153542580741,163.14181321122834,0.12209780800993578,170.5075542649806,0.12761044035923744,172.05522608517325,0.12876874142899203
Kırmızı Turp,65.0,0.0007836970309871,0.0,100.0,0.07836970309871,100.0,0.07836970309871,100.0,0.07836970309871,100.0,0.07836970309871,100.0,0.07836970309871,100.0,0.07836970309871,100.0,0.07836970309871,100.0,0.07836970309871,100.0,0.07836970309871,104.1666666666667,0.0816351073944896,104.1666666666667,0.0816351073944896,108.6309523809524,0.08513375485425344,108.6309523809524,0.08513375485425344,114.5108415490689,0.08974180653783954,114.5108415490689,0.08974180653783954,114.5108415490689,0.08974180653783954,114.5108415490689,0.08974180653783954,114.5108415490689,0.08974180653783954,126.77986028646914,0.09935700009546522,126.77986028646914,0.09935700009546522,126.77986028646914,0.09935700009546522,120.4408672721457,0.09438915009069196,120.4408672721457,0.09438915009069196,120.4408672721457,0.09438915009069196,120.4408672721457,0.09438915009069196,120.4408672721457,0.09438915009069196,121.90965833644015,0.0955402372869199,121.90965833644015,0.0955402372869199,121.90965833644015,0.0955402372869199,122.06844053773618,0.09566467442664921,121.90965833644016,0.09554023728691992,121.90965833644016,0.09554023728691992,129.52901198246764,0.1015115021173524,129.52901198246764,0.1015115021173524,129.52901198246764,0.1015115021173524,129.52901198246764,0.1015115021173524,129.52901198246764,0.1015115021173524,129.52901198246764,0.1015115021173524,129.52901198246764,0.1015115021173524,129.52901198246764,0.1015115021173524,129.52901198246764,0.1015115021173524,129.52901198246764,0.1015115021173524,123.50440677398052,0.09679003690259162,123.50440677398052,0.09679003690259162,123.50440677398052,0.09679003690259162,123.50440677398052,0.09679003690259162,120.41679660463105,0.09437028598002685,120.41679660463105,0.09437028598002685,120.41679660463105,0.09437028598002685,120.41679660463105,0.09437028598002685,120.41679660463105,0.09437028598002685,120.41679660463105,0.09437028598002685,120.41679660463105,0.09437028598002685,122.13703655612578,0.09571843292259867,122.13703655612578,0.09571843292259867,122.13703655612578,0.09571843292259867,122.13703655612578,0.09571843292259867,122.13703655612578,0.09571843292259867,122.13703655612578,0.09571843292259867,0.09571843292259867,122.13703655612578,122.13703655612578,0.09571843292259867,122.13703655612578,0.09571843292259867,122.13703655612578,0.09571843292259867,122.13703655612578,0.09571843292259867,122.13703655612578,0.09571843292259867,122.13703655612578,0.09571843292259867,122.13703655612578,0.09571843292259867,122.13703655612578,0.09571843292259867,122.13703655612578,0.09571843292259867,122.13703655612578,0.09571843292259867,122.13703655612578,0.09571843292259867,122.13703655612578,0.09571843292259867,122.13703655612578,0.09571843292259867,122.13703655612578,0.09571843292259867,122.13703655612578,0.09571843292259867,122.13703655612578,0.09571843292259867,122.13703655612578,0.09571843292259867,122.13703655612578,0.09571843292259867,122.13703655612578,0.09571843292259867,122.13703655612578,0.09571843292259867,122.13703655612578,0.09571843292259867,122.13703655612578,0.09571843292259867,122.13703655612578,0.09571843292259867,122.13703655612578,0.09571843292259867,122.13703655612578,0.09571843292259867,122.13703655612578,0.09571843292259867,122.13703655612578,0.09571843292259867,122.13703655612578,0.09571843292259867,122.13703655612578,0.09571843292259867,122.13703655612578,0.09571843292259867,122.13703655612578,0.09571843292259867,122.13703655612578,0.09571843292259867,122.13703655612578,0.09571843292259867,122.13703655612578,0.09571843292259867,122.13703655612578,0.09571843292259867,122.13703655612578,0.09571843292259867,122.13703655612578,0.09571843292259867,122.13703655612578,0.09571843292259867,122.13703655612578,0.09571843292259867,122.13703655612578,0.09571843292259867,122.13703655612578,0.09571843292259867,122.13703655612578,0.09571843292259867,122.13703655612578,0.09571843292259867,122.13703655612578,0.09571843292259867,122.13703655612578,0.09571843292259867,122.13703655612578,0.09571843292259867,122.13703655612578,0.09571843292259867,122.13703655612578,0.09571843292259867,122.13703655612578,0.09571843292259867,122.13703655612578,0.09571843292259867,122.13703655612578,0.09571843292259867,122.13703655612578,0.09571843292259867,122.13703655612578,0.09571843292259867,122.13703655612578,0.09571843292259867,122.13703655612578,0.09571843292259867,122.13703655612578,0.09571843292259867,122.13703655612578,0.09571843292259867,122.13703655612578,0.09571843292259867,122.13703655612578,0.09571843292259867,122.13703655612578,0.09571843292259867,122.13703655612578,0.09571843292259867,122.13703655612578,0.09571843292259867,122.13703655612578,0.09571843292259867,122.13703655612578,0.09571843292259867,122.13703655612578,0.09571843292259867,122.13703655612578,0.09571843292259867,122.13703655612578,0.09571843292259867,122.13703655612578,0.09571843292259867,122.13703655612578,0.09571843292259867,122.13703655612578,0.09571843292259867,122.13703655612578,0.09571843292259867,122.13703655612578,0.09571843292259867,122.13703655612578,0.09571843292259867,122.13703655612578,0.09571843292259867,122.13703655612578,0.09571843292259867,122.13703655612578,0.09571843292259867,70.16382951096587,0.05498718487042902,70.16382951096587,0.05498718487042902,70.16382951096587,0.05498718487042902,70.16382951096587,0.05498718487042902,70.16382951096587,0.05498718487042902,70.16382951096587,0.05498718487042902,70.16382951096587,0.05498718487042902,70.16382951096587,0.05498718487042902,70.16382951096587,0.05498718487042902,70.16382951096587,0.05498718487042902,70.16382951096587,0.05498718487042902,70.16382951096587,0.05498718487042902,70.16382951096587,0.05498718487042902,70.16382951096587,0.05498718487042902,70.16382951096587,70.16382951096587,0.05498718487042902,0.05498718487042902,69.79175762839131,0.05469559324074156,70.05640358471304,0.05490299549097364,68.74308770283216,0.05387375373359539,67.16624722160334,0.052637988530116094,66.36607284657934,0.052010894248137825,66.24713933327175,0.0519176864068738,65.6488009815831,0.05144877041712969,65.0217107203422,0.050957321641234274,64.97849703413102,0.050923455203652566,64.41165378186436,0.05047922182981611,63.86000303362819,0.05004689477628161,63.02546934346091,0.04939287320103881,62.68409412936868,0.04912533845930214,62.2536986678885,0.0487880388139898,62.86516930551394,0.04926724653723265,62.2633747662295,0.04879562194353118,62.0682812214643,0.04864272771173394,61.11772481306007,0.04789777947668179,60.78984907402148,0.047640824233464545,60.08063984533061,0.04708501906659086,61.47208595379852,0.048175491250575714,61.15783406935421,0.04792921298175461,59.88853716527793,0.04693446876658891,59.74920334023217,0.04682527326158447,59.29968986664675,0.04647299088694688,59.280479162668456,0.04645793551527592,58.6143917378852,0.04593592477809544,57.89658254627176,0.04537337984581273,56.83994224394361,0.04454529397805685,56.03737124123397,0.04391632146607696,53.88959619303457,0.04223311653757492,52.82276985258307,0.04139704790198425,52.731912181799586,0.04132584301514883,53.29026212955947,0.04176342021146005,53.188321183568924,0.04168352939475124,52.19393092198848,0.04090422869910817,51.98301448590124,0.04073893411436021,51.02328434008652,0.0399867964485364,50.23159770489926,0.039366353983067974,49.49085427043773,0.03878583555275729,49.637344366593624,0.03890063940618368,49.79004367108797,0.03902030939774969,49.07973143358282,0.038463639806143105,49.79538570644932,0.03902449593500181,49.16567314966013,0.038530992073870826,48.18418316812665,0.03776180128939945,47.82485141357148,0.03748019406021518,47.96781155319122,0.03759223149718467,47.7101572778029,0.03739030860654172,47.39377547428905,0.03714236112646957,47.05951161479625,0.03688039953221877,47.49410336273826,0.03722098779477242,45.55342678212764,0.03570008532044167,45.080152840598984,0.035329181937622106,45.34052365959347,0.035533233775423764,45.57945078986532,0.03572048025804008,46.2090915606578,0.036213927860698575,46.09751910871898,0.03612648886137417,46.02673627609677,0.03607101656560329,45.09759593918121,0.035342852042192216,45.01755108759219,0.035280121129656096,44.92510885000962,0.03520767442252483,45.589390898513855,0.03572827029167563,45.58939089851384,0.035728270291675614,44.14018481684958,0.03459253178818689,43.88142602606866,0.034389743292110066,43.826829936572054,0.03434695649886807,43.78216280143697,0.03431195099768,43.58024404926329,0.03415370787110088,43.7821374240164,0.03431193110947085,45.67161930954996,0.035792712453267414,45.92057837058894,0.035987820930241,46.15081523585467,0.03616825687797353,45.706230367596305,0.03581983703669765,45.19923383035151,0.03542250535573817,45.252890106374814,0.03546455561995145,44.905171094449635,0.03519204926268792,45.63659010480347,0.03576526016950975,45.43016906632492,0.03560348861452083,45.45052174250897,0.03561943894641891,44.7760808689036,0.035090881636198036,44.72141982081751,0.03504804393510233,44.73319929999754,0.035057275477962294,44.946923719214205,0.03522477067075184,45.79808572712642,0.035891823809241656,45.9418961086221,0.036004527578244946,45.76851003419915,0.03586864542650517,44.82320290931234,0.035127811039360426,44.76204745513525,0.035079883691493174,44.73142380410635,0.035055884027103835,45.35448941626348,0.03554417869746154,45.638016452224115,0.03576637799374846,46.110033230950215,0.0361362961418122,45.65018154150705,0.03577591173810119,45.65518110867711,0.03577982988404859,46.552336834902476,0.03648292816302448,46.552336834902455,0.03648292816302447,46.58021879423303,0.03650477917176995,47.33943360001695,0.03709977356094425,48.493260057188294,0.03800402392970379,48.35856441352749,0.037898463353679926,47.90470101058656,0.03754277195232141,46.25032170570447,0.036246239802958824,46.32652270001128,0.036305958295955336,47.81926401842858,0.03747581523523074,47.851422663334105,0.037501017869763766,47.92953433803003,0.0375622337573084,47.870282877670085,0.03751579856374265,48.070888240008394,0.03767301239060728,47.72029718832801,0.03739825522431472,47.64203217782046,0.037336919167949775,49.071602783621685,0.038457269407302624,49.70071229723173,0.03895030066528456,49.512536924250966,0.038802828184174645,49.73055037264405,0.038973684676395566,49.516142526272276,0.03880565388377367,49.41096191069463,0.03872322414762807,49.044931832036845,0.038436367461731985,48.960508828121284,0.03837020540421635,48.78739592718796,0.03823453733772934,48.393216746278526,0.03792562028397369,48.227629465790315,0.03779585002388585,47.67729871050912,0.03736455744491109,47.64099360794456,0.03733610524382156,47.60034580099728,0.03730424967820084,47.59077199855984,0.03729674671765536,48.974563143401376,0.03838121972937392,49.54093092426868,0.038825080477686374,46.12028736395778,0.036144332275405575,48.20258672891405,0.03777622410534813,48.64011447049902,0.038119113297402765
Kıvırcık,66.0,0.0035658213246869,0.0,100.0,0.35658213246869,100.37878787878786,0.35793282236440466,100.37878787878786,0.35793282236440466,100.37878787878786,0.35793282236440466,100.75473839518784,0.3592733947328108,100.38157269742788,0.35794275253009666,100.38157269742788,0.35794275253009666,99.62965080456333,0.35526153341002126,99.62965080456333,0.35526153341002126,100.39309640459852,0.3579838440108652,100.39309640459852,0.3579838440108652,101.52110872375128,0.3620061343930096,102.2567689318944,0.3646293672509299,102.61938158768127,0.36592237919153614,102.61938158768127,0.36592237919153614,102.61938158768127,0.36592237919153614,102.61938158768127,0.36592237919153614,102.61938158768127,0.36592237919153614,109.36988364145289,0.38999346336721763,109.36988364145289,0.38999346336721763,109.36988364145289,0.38999346336721763,111.19271503547697,0.39649335442333744,104.83884560487829,0.3738365913134325,104.83884560487829,0.3738365913134325,104.83884560487829,0.3738365913134325,104.83884560487829,0.3738365913134325,108.05229681115792,0.38529518415062525,108.05229681115792,0.38529518415062525,108.05229681115792,0.38529518415062525,107.96789306134984,0.38499421545967605,108.05229681115792,0.38529518415062525,108.05229681115792,0.38529518415062525,108.05229681115792,0.38529518415062525,109.18968940917011,0.38935092293115814,109.18968940917011,0.38935092293115814,109.18968940917011,0.38935092293115814,109.18968745661006,0.3893509159686779,109.18968745661006,0.3893509159686779,109.18968745661006,0.3893509159686779,109.18968745661006,0.3893509159686779,109.18968745661006,0.3893509159686779,109.18968745661006,0.3893509159686779,103.61878503535442,0.3694860733172146,105.28334383110318,0.3754215925672907,105.28334383110318,0.3754215925672907,105.28334383110318,0.3754215925672907,105.6867282902262,0.3768599894736789,106.48738532272792,0.379714989393934,107.44719249651513,0.38313749028181193,107.44719249651513,0.38313749028181193,107.44719249651513,0.38313749028181193,107.44719249651513,0.38313749028181193,107.44719249651513,0.38313749028181193,107.44719249651513,0.38313749028181193,107.84514506131701,0.3845565180235963,107.84514506131701,0.3845565180235963,107.84514506131701,0.3845565180235963,107.84514506131701,0.3845565180235963,107.84514506131701,0.3845565180235963,0.3845565180235963,107.84514506131701,107.84514506131701,0.3845565180235963,107.84514506131701,0.3845565180235963,113.97364968070069,0.4064096704838368,113.97364968070069,0.4064096704838368,113.97364968070069,0.4064096704838368,113.97364968070069,0.4064096704838368,113.97364968070069,0.4064096704838368,113.97364968070069,0.4064096704838368,113.97364968070069,0.4064096704838368,113.97364968070069,0.4064096704838368,113.97364968070069,0.4064096704838368,102.05706196203141,0.3639172478791039,102.05706196203141,0.3639172478791039,102.05706196203141,0.3639172478791039,102.05706196203141,0.3639172478791039,102.05706196203141,0.3639172478791039,102.05706196203141,0.3639172478791039,102.05706196203141,0.3639172478791039,102.05706196203141,0.3639172478791039,102.05706196203141,0.3639172478791039,102.05706196203141,0.3639172478791039,102.05706196203141,0.3639172478791039,102.05706196203141,0.3639172478791039,102.05706196203141,0.3639172478791039,102.05706196203141,0.3639172478791039,79.92625619878866,0.28500274875602916,79.92625619878866,0.28500274875602916,79.92625619878866,0.28500274875602916,79.92625619878866,0.28500274875602916,66.85316690581908,0.2383864481756222,66.85316690581908,0.2383864481756222,59.78191774984578,0.21317163714307838,59.78191774984578,0.21317163714307838,71.66785246002615,0.25555475659647575,71.66785246002615,0.25555475659647575,71.66785246002615,0.25555475659647575,58.49475043734169,0.2085818284917114,65.41374819164152,0.23325373822945447,65.41374819164152,0.23325373822945447,65.41374819164152,0.23325373822945447,63.94193443759474,0.228005513359307,63.94193443759474,0.228005513359307,63.94193443759474,0.228005513359307,63.94193443759474,0.228005513359307,63.94193443759474,0.228005513359307,63.94193443759474,0.228005513359307,63.94193443759474,0.228005513359307,63.94193443759474,0.228005513359307,63.94193443759474,0.228005513359307,63.94193443759474,0.228005513359307,61.80672374677465,0.22039173354528127,61.80672374677465,0.22039173354528127,61.80672374677465,0.22039173354528127,62.35468427992058,0.22234566289945984,62.35468427992058,0.22234566289945984,62.35468427992058,0.22234566289945984,62.35468427992058,0.22234566289945984,62.35468427992058,0.22234566289945984,62.35468427992058,0.22234566289945984,62.35468427992058,0.22234566289945984,55.23606759006072,0.19696194770448547,55.23606759006072,0.19696194770448547,57.876556295055856,0.206377458636352,57.876556295055856,0.206377458636352,52.94177646617968,0.18878091548991058,66.26815221204389,0.23630039030530345,66.26815221204389,0.23630039030530345,66.26815221204389,0.23630039030530345,66.26815221204389,0.23630039030530345,66.26815221204389,0.23630039030530345,66.26815221204389,0.23630039030530345,66.26815221204389,0.23630039030530345,66.26815221204389,0.23630039030530345,66.26815221204389,0.23630039030530345,66.26815221204389,0.23630039030530345,66.26815221204389,0.23630039030530345,66.26815221204389,0.23630039030530345,66.26815221204389,0.23630039030530345,61.86801731667997,0.22061029546391583,57.76004670311843,0.20596200624889097,57.76004670311843,0.20596200624889097,57.76004670311843,0.20596200624889097,57.76004670311843,0.20596200624889097,57.76004670311843,0.20596200624889097,57.76004670311843,0.20596200624889097,52.26910499402629,0.1863822892099975,41.84631920837064,0.14921649739286305,41.84631920837064,0.14921649739286305,41.84631920837064,0.14921649739286305,41.84631920837064,0.14921649739286305,41.84631920837064,41.84631920837064,0.14921649739286305,0.14921649739286305,43.56753161132042,0.15535403328361697,43.56753161132042,0.15535403328361697,49.18235126079435,0.17537547692398214,51.42399605179323,0.18336878172209925,47.13898210815757,0.1680891876253025,47.13898210815757,0.1680891876253025,47.13898210815757,0.1680891876253025,51.42399605179327,0.1833687817220994,47.1389821081576,0.16808918762530262,47.1389821081576,0.16808918762530262,47.1389821081576,0.16808918762530262,41.84631920837064,0.14921649739286305,41.84631920837064,0.14921649739286305,41.84631920837064,0.14921649739286305,49.182351260794334,0.1753754769239821,49.182351260794334,0.1753754769239821,50.103151209444064,0.1786588850166479,50.103151209444064,0.1786588850166479,47.13156905616513,0.16806275400642684,47.13156905616513,0.16806275400642684,47.818350666530044,0.17051169451806888,50.10315120944407,0.17865888501664792,56.40313812109766,0.20112351269147066,56.40313812109766,0.20112351269147066,57.40295822635151,0.20468869254363553,58.4205014632638,0.20831706991660828,58.4205014632638,0.20831706991660828,58.4205014632638,0.20831706991660828,58.4205014632638,0.20831706991660828,54.22491478820266,0.19335635748110308,54.22491478820266,0.19335635748110308,54.22491478820266,0.19335635748110308,54.22491478820266,0.19335635748110308,54.22491478820266,0.19335635748110308,54.22491478820266,0.19335635748110308,50.65989226762677,0.18064412415424455,54.22491478820272,0.1933563574811033,51.68007926034803,0.1842819286880582,52.73393801427226,0.1880398007060092,53.25440023288607,0.18989567598383617,50.75511203194404,0.1809836608203787,50.75511203194404,0.1809836608203787,50.75511203194404,0.1809836608203787,49.30835342624956,0.17582477813251907,49.30835342624956,0.17582477813251907,47.504260143299724,0.16939170383245214,47.504260143299724,0.16939170383245214,47.504260143299724,0.16939170383245214,47.504260143299724,0.16939170383245214,47.504260143299724,0.16939170383245214,48.654489666074674,0.1734932167930475,51.228031493159655,0.1826700071200408,46.76168013021013,0.166743796186491,46.76168013021013,0.166743796186491,46.76168013021013,0.166743796186491,46.085822791338025,0.16433380967509467,46.45473821660468,0.16564929616551646,47.04874058091121,0.16776740246307512,47.04874058091121,0.16776740246307512,46.45473821660469,0.1656492961655165,45.8655031343102,0.16354818914381716,45.8655031343102,0.16354818914381716,46.12226805078318,0.16446376695840795,46.12226805078318,0.16446376695840795,47.029905027900426,0.167700238246487,47.029905027900426,0.167700238246487,46.43401508127655,0.16557540116764904,46.43401508127655,0.16557540116764904,46.43401508127655,0.16557540116764904,46.43401508127655,0.16557540116764904,47.388671211520474,0.1689795343546159,45.566216383558114,0.16248098606578912,45.566216383558114,0.16248098606578912,46.15096982779773,0.16456611236694285,46.15096982779773,0.16456611236694285,46.15096982779773,0.16456611236694285,46.15096982779773,0.16456611236694285,46.748777218774606,0.16669778670974364,44.16928760527947,0.15749978763913433,42.80956872559694,0.15265127306238296,42.40023328852288,0.15119165603191423,41.97437941706611,0.14967313721587322,41.97437941706611,0.14967313721587322,41.97437941706611,0.14967313721587322,41.58077986576165,0.14826963154244457,41.58077986576165,0.14826963154244457,44.511182870596286,0.1587189250670105,44.511182870596286,0.1587189250670105,44.511182870596286,0.1587189250670105,44.511182870596286,0.1587189250670105,44.511182870596286,0.1587189250670105,44.511182870596286,0.1587189250670105,44.511182870596286,0.1587189250670105,44.511182870596286,0.1587189250670105,44.511182870596286,0.1587189250670105,44.511182870596286,0.1587189250670105,44.511182870596286,0.1587189250670105,44.511182870596286,0.1587189250670105,38.064803136442535,0.1357322867439356,44.01854499679061,0.1569622664312458,44.01854499679061,0.1569622664312458,44.01854499679061,0.1569622664312458,44.01854499679061,0.1569622664312458,44.01854499679061,0.1569622664312458,44.01854499679061,0.1569622664312458,38.064803136442556,0.13573228674393567,44.51118287059629,0.15871892506701052,43.25145281408203,0.15422695276814294,40.00195680379483,0.14263983060017585,40.00195680379483,0.14263983060017585,40.00195680379483,0.14263983060017585,40.00195680379483,0.14263983060017585,42.98800658974028,0.15328755060347687,42.98800658974028,0.15328755060347687,45.54153328181872,0.16239297053524737,45.03749176508277,0.16059564854634278,45.03749176508277,0.16059564854634278,45.03749176508277,0.16059564854634278,45.03749176508277,0.16059564854634278,45.78541086274717,0.1632625944139351,52.60507945778448,0.18758031411741669,52.60507945778448,0.18758031411741669,52.60507945778448,0.18758031411741669,52.60507945778448,0.18758031411741669,52.60507945778448,0.18758031411741669,52.60507945778448,0.18758031411741669,57.63495696492258,0.2055159585929327,57.63495696492258,0.2055159585929327,53.634376625597255,0.19125060390784332,57.634956964922566,0.20551595859293265,57.634956964922566,0.20551595859293265
Leblebi,67.0,0.0015067350510324,0.0,100.0,0.15067350510324,100.0,0.15067350510324,100.0,0.15067350510324,100.0,0.15067350510324,100.0,0.15067350510324,100.0,0.15067350510324,100.0,0.15067350510324,100.0,0.15067350510324,99.93579454253614,0.15057676449001164,99.23819078193074,0.14952566045217547,99.23819078193074,0.14952566045217547,99.23819078193074,0.14952566045217547,99.23819078193074,0.14952566045217547,99.25430087783691,0.1495499340983528,99.25430087783691,0.1495499340983528,101.20102075478911,0.15248312517149815,101.20102075478911,0.15248312517149815,101.20102075478911,0.15248312517149815,101.20102075478911,0.15248312517149815,101.20102075478911,0.15248312517149815,101.20102075478911,0.15248312517149815,100.81549305667576,0.15190223707560693,100.81549305667576,0.15190223707560693,100.81549305667576,0.15190223707560693,100.81549305667576,0.15190223707560693,100.81549305667576,0.15190223707560693,100.81549305667576,0.15190223707560693,100.81549305667576,0.15190223707560693,100.81549305667576,0.15190223707560693,100.88319365233882,0.15200424393606823,100.81549305667576,0.15190223707560693,100.81549305667576,0.15190223707560693,101.14671396653947,0.1524012992301334,101.16313388763798,0.15242603970078772,101.16313388763798,0.15242603970078772,101.16313388763798,0.15242603970078772,101.14680408394344,0.15240143501318468,101.14680408394344,0.15240143501318468,101.14680408394344,0.15240143501318468,101.16322401967143,0.15242617550588175,101.16322401967143,0.15242617550588175,102.24711570559649,0.15405931310058762,102.24711570559649,0.15405931310058762,102.24711570559649,0.15405931310058762,102.3715606965663,0.15424681873040727,102.3715606965663,0.15424681873040727,102.3715606965663,0.15424681873040727,102.3715606965663,0.15424681873040727,102.3715606965663,0.15424681873040727,102.3715606965663,0.15424681873040727,102.88802362785307,0.15502499153153598,102.88802362785307,0.15502499153153598,102.88802362785307,0.15502499153153598,102.92124010037207,0.155075039954952,102.88819957385516,0.15502525663554442,102.88819957385516,0.15502525663554442,102.88819957385516,0.15502525663554442,102.88819957385516,0.15502525663554442,102.88819957385516,0.15502525663554442,0.15502525663554442,102.88819957385516,102.88819957385516,0.15502525663554442,102.88819957385516,0.15502525663554442,102.87159130919426,0.15500023238104302,102.87159130919426,0.15500023238104302,102.88773562672553,0.1550245575901424,102.88773562672553,0.1550245575901424,102.92021281600157,0.1550734921095836,102.92021281600157,0.1550734921095836,102.92021281600157,0.1550734921095836,102.92021281600157,0.1550734921095836,102.92021281600157,0.1550734921095836,102.92021281600157,0.1550734921095836,102.92021281600157,0.1550734921095836,102.6989362408466,0.1547400869378252,106.01934575724697,0.15974306433996718,106.01934575724697,0.15974306433996718,106.01934575724697,0.15974306433996718,106.01934575724697,0.15974306433996718,106.01934575724697,0.15974306433996718,106.01934575724697,0.15974306433996718,106.01934575724697,0.15974306433996718,106.01934575724697,0.15974306433996718,106.01934575724697,0.15974306433996718,106.01934575724697,0.15974306433996718,106.01934575724697,0.15974306433996718,107.28381107048024,0.1616482785482304,107.28381107048024,0.1616482785482304,107.28381107048024,0.1616482785482304,107.28381107048024,0.1616482785482304,107.28381107048024,0.1616482785482304,107.28381107048024,0.1616482785482304,107.28381107048024,0.1616482785482304,107.28381107048024,0.1616482785482304,107.28381107048024,0.1616482785482304,107.28381107048024,0.1616482785482304,107.28381107048024,0.1616482785482304,107.28381107048024,0.1616482785482304,107.28381107048024,0.1616482785482304,107.28381107048024,0.1616482785482304,107.28381107048024,0.1616482785482304,107.28381107048024,0.1616482785482304,107.28381107048024,0.1616482785482304,107.28381107048024,0.1616482785482304,107.67752856621789,0.16224150649926303,107.67752856621789,0.16224150649926303,107.67752856621789,0.16224150649926303,107.67752856621789,0.16224150649926303,108.5363699102202,0.16353555285554708,108.55243449902072,0.16355975793457325,108.55917767344232,0.1635699181118295,109.33561450500451,0.16473980270085678,111.68483001993704,0.16827944805963477,111.68483001993704,0.16827944805963477,111.68483001993704,0.16827944805963477,111.68483001993704,0.16827944805963477,111.68483001993704,0.16827944805963477,111.68483001993704,0.16827944805963477,111.68483001993704,0.16827944805963477,111.68483001993704,0.16827944805963477,111.68483001993704,0.16827944805963477,111.69915639501068,0.16830103411111244,111.69915639501068,0.16830103411111244,111.69915639501068,0.16830103411111244,111.69915639501068,0.16830103411111244,111.69915639501068,0.16830103411111244,111.69915639501068,0.16830103411111244,111.69915639501068,0.16830103411111244,111.69915639501068,0.16830103411111244,111.69915639501068,0.16830103411111244,111.69915639501068,0.16830103411111244,111.69915639501068,0.16830103411111244,111.69915639501068,0.16830103411111244,111.69915639501068,0.16830103411111244,111.69915639501068,0.16830103411111244,111.69915639501068,0.16830103411111244,111.69915639501068,0.16830103411111244,111.69915639501068,0.16830103411111244,111.69915639501068,0.16830103411111244,111.69915639501068,0.16830103411111244,111.69915639501068,0.16830103411111244,111.69915639501068,0.16830103411111244,111.69915639501068,0.16830103411111244,111.69915639501068,0.16830103411111244,111.69915639501068,0.16830103411111244,111.69915639501068,0.16830103411111244,111.69915639501068,0.16830103411111244,111.69915639501068,0.16830103411111244,111.69915639501068,0.16830103411111244,111.69915639501068,0.16830103411111244,111.69915639501068,0.16830103411111244,111.69915639501068,111.69915639501068,0.16830103411111244,0.16830103411111244,111.69915639501068,0.16830103411111244,111.68483001993704,0.16827944805963477,111.68483001993704,0.16827944805963477,111.68483001993704,0.16827944805963477,111.68483001993704,0.16827944805963477,111.68483001993704,0.16827944805963477,111.68483001993704,0.16827944805963477,111.68483001993704,0.16827944805963477,111.68483001993704,0.16827944805963477,111.68483001993704,0.16827944805963477,111.68483001993704,0.16827944805963477,111.68483001993704,0.16827944805963477,111.68483001993704,0.16827944805963477,111.68483001993704,0.16827944805963477,111.68483001993704,0.16827944805963477,111.68483001993704,0.16827944805963477,111.70870833266547,0.16831542635038219,111.70870833266547,0.16831542635038219,111.70870833266547,0.16831542635038219,111.70870833266547,0.16831542635038219,112.04064794368702,0.16881557139713443,112.04064794368702,0.16881557139713443,112.04064794368702,0.16881557139713443,112.04064794368702,0.16881557139713443,112.04064794368702,0.16881557139713443,112.03321486478622,0.1688043717166175,112.03321486478622,0.1688043717166175,112.0257822790158,0.1687931727791174,112.0257822790158,0.1687931727791174,112.0257822790158,0.1687931727791174,112.0257822790158,0.1687931727791174,112.0257822790158,0.1687931727791174,112.0257822790158,0.1687931727791174,112.0257822790158,0.1687931727791174,112.0257822790158,0.1687931727791174,112.43267732521846,0.1694062558073224,112.43267732521846,0.1694062558073224,112.41506275964383,0.1693797153239624,112.41506275964383,0.1693797153239624,112.61668879782027,0.16968351234288365,112.61668879782027,0.16968351234288365,112.61668879782027,0.16968351234288365,113.54746498885176,0.1710859454545772,113.54746498885176,0.1710859454545772,112.0736550288297,0.16886530432925131,112.0736550288297,0.16886530432925131,112.04257286577155,0.16881847174470968,112.04257286577155,0.16881847174470968,112.07365502882966,0.16886530432925126,111.2185183258039,0.16757683988537805,113.51338532490026,0.17103459643037408,113.51338532490026,0.17103459643037408,113.51338532490026,0.17103459643037408,113.51625904533596,0.1710389263656814,113.51625904533596,0.1710389263656814,113.51625904533596,0.1710389263656814,112.69316026171306,0.16979873457793465,112.69316026171306,0.16979873457793465,113.43940343710126,0.17092312532688578,113.43940343710126,0.17092312532688578,113.43940343710126,0.17092312532688578,113.43940343710126,0.17092312532688578,113.8529299227769,0.1715462001773835,113.8529299227769,0.1715462001773835,113.8529299227769,0.1715462001773835,113.8529299227769,0.1715462001773835,113.8529299227769,0.1715462001773835,113.8529299227769,0.1715462001773835,113.8529299227769,0.1715462001773835,113.8529299227769,0.1715462001773835,112.8673936984881,0.17006125820418547,112.8673936984881,0.17006125820418547,112.36880420185562,0.1693100159335327,112.36880420185562,0.1693100159335327,112.36880420185562,0.1693100159335327,112.36880420185562,0.1693100159335327,112.40535465726236,0.16936508778582524,112.40535465726236,0.16936508778582524,112.40535465726236,0.16936508778582524,112.40535465726236,0.16936508778582524,112.40535465726236,0.16936508778582524,112.40535465726236,0.16936508778582524,112.45996373565879,0.1694473691983497,112.45996373565879,0.1694473691983497,112.27729073416948,0.16917212938412848,112.27729073416948,0.16917212938412848,113.12979748557035,0.17045663118770593,113.12979748557035,0.17045663118770593,113.12979748557035,0.17045663118770593,113.12979748557035,0.17045663118770593,113.12979748557035,0.17045663118770593,113.9982281944692,0.17176512617619674,113.9982281944692,0.17176512617619674,113.9982281944692,0.17176512617619674,113.9982281944692,0.17176512617619674,113.9982281944692,0.17176512617619674,113.9982281944692,0.17176512617619674,113.9982281944692,0.17176512617619674,113.9982281944692,0.17176512617619674,113.9982281944692,0.17176512617619674,113.9982281944692,0.17176512617619674,113.9982281944692,0.17176512617619674,111.20653834963117,0.16755878923536807,111.20653834963117,0.16755878923536807,113.9982281944692,0.17176512617619674,114.13137598805451,0.17196574462375935,114.13137598805451,0.17196574462375935,112.44609700194017,0.16942647570461253,112.44609700194017,0.16942647570461253,112.68697754303751,0.16978941885899554,112.68697754303751,0.16978941885899554,112.68697754303751,0.16978941885899554,112.57320278067806,0.16961799043662568,112.91535935583308,0.17013352974135293,111.23663938443148,0.16760414351957406,111.23663938443148,0.16760414351957406,111.27406830879976,0.16766053899184216,111.27406830879976,0.16766053899184216,111.27406830879976,0.16766053899184216,112.91576177141125,0.17013413607500966,112.91576177141125,0.17013413607500966,112.91576177141125,0.17013413607500966,113.12209792384668,0.1704450299881793,113.12209792384668,0.1704450299881793,113.12209792384668,0.1704450299881793,113.12209792384668,0.1704450299881793,114.59164305347986,0.17265924514407155,114.59164305347986,0.17265924514407155,114.59164305347986,0.17265924514407155,114.59164305347986,0.17265924514407155,114.59164305347986,0.17265924514407155
Limon,68.0,0.0052088675968213,0.0,100.0,0.5208867596821299,100.0,0.5208867596821299,100.0,0.5208867596821299,100.0,0.5208867596821299,100.0,0.5208867596821299,100.08634829285738,0.5213365365068356,100.08634829285738,0.5213365365068356,100.08634829285738,0.5213365365068356,104.27756890813622,0.543168049760891,104.27756890813622,0.543168049760891,104.27756890813622,0.543168049760891,104.27756890813622,0.543168049760891,104.27756109463853,0.543168009061416,104.27756109463853,0.543168009061416,104.27756109463853,0.543168009061416,104.27757672164317,0.5431680904604141,104.27753577898872,0.543167877195548,104.27753577898872,0.543167877195548,104.27753577898872,0.543167877195548,100.78765841021398,0.5249895680524573,100.78761159270206,0.5249893241862366,100.7031998576998,0.5245496346349918,100.7031998576998,0.5245496346349918,100.70324663610964,0.5245498782975351,100.70324663610964,0.5245498782975351,100.78801367873263,0.5249914185991323,100.80244495216894,0.5250665891917156,100.80244495216894,0.5250665891917156,100.80244495216894,0.5250665891917156,100.97072747380471,0.5259431505657756,104.50539190959547,0.5443547496110027,104.50539190959547,0.5443547496110027,104.46053981006358,0.5441211209631016,104.49050554150638,0.544277208490629,104.49050554150638,0.544277208490629,104.49050554150638,0.544277208490629,104.49050554150638,0.544277208490629,104.49050554150638,0.544277208490629,104.49050554150638,0.544277208490629,104.49050554150638,0.544277208490629,104.49050554150638,0.544277208490629,104.49050554150638,0.544277208490629,104.49050554150638,0.544277208490629,104.5054669540982,0.5443551405078813,105.44479547527166,0.5492479784045917,105.44479547527166,0.5492479784045917,105.44479547527166,0.5492479784045917,105.61073149104108,0.5501123171402788,107.52290350968114,0.5600725680077213,107.50766500294786,0.5599931926437743,107.50766500294786,0.5599931926437743,107.50766500294786,0.5599931926437743,107.50766500294786,0.5599931926437743,107.50766500294786,0.5599931926437743,107.50766500294786,0.5599931926437743,112.0546809850659,0.5836779968552576,113.38093204020316,0.5905862630016121,113.38093204020316,0.5905862630016121,109.5561243795282,0.5706633463138484,0.5706633463138484,109.5561243795282,109.5561243795282,0.5706633463138484,109.5561243795282,0.5706633463138484,109.5561243795282,0.5706633463138484,109.69598326171479,0.5713918527133978,109.69598326171479,0.5713918527133978,109.69598326171479,0.5713918527133978,109.69598326171479,0.5713918527133978,109.69598326171479,0.5713918527133978,109.6959832617147,0.5713918527133973,109.6959832617147,0.5713918527133973,109.6959832617147,0.5713918527133973,109.69598326171467,0.5713918527133972,109.69598326171467,0.5713918527133972,109.69598326171462,0.5713918527133969,109.69598326171462,0.5713918527133969,109.69598326171462,0.5713918527133969,109.69598326171462,0.5713918527133969,109.69598326171462,0.5713918527133969,109.69598326171462,0.5713918527133969,109.69598326171462,0.5713918527133969,109.69598326171462,0.5713918527133969,109.69598326171462,0.5713918527133969,109.69598326171462,0.5713918527133969,109.69598326171462,0.5713918527133969,109.69598326171462,0.5713918527133969,109.69598326171462,0.5713918527133969,109.69598326171462,0.5713918527133969,113.92730202202428,0.593432231895796,113.92730202202428,0.593432231895796,125.430596010678,0.6533513672100036,125.430596010678,0.6533513672100036,125.430596010678,0.6533513672100036,116.94929656232391,0.6091734013345336,116.94929656232391,0.6091734013345336,116.94929656232391,0.6091734013345336,125.43059601067803,0.6533513672100038,127.78223078608863,0.6656007213911982,127.78223078608863,0.6656007213911982,127.78223078608863,0.6656007213911982,116.42857681465632,0.606461041113883,116.42857681465632,0.606461041113883,116.42857681465632,0.606461041113883,116.42857681465632,0.606461041113883,116.42857681465632,0.606461041113883,127.78223078608868,0.6656007213911984,127.78223078608868,0.6656007213911984,127.78223078608868,0.6656007213911984,122.99405623295954,0.6406597541134798,122.99405623295954,0.6406597541134798,124.6530554740044,0.6493012615033095,125.0678052842656,0.6514616383507669,125.0678052842656,0.6514616383507669,132.24054190720526,0.6888234737265306,132.24054190720526,0.6888234737265306,132.24054190720526,0.6888234737265306,132.24054190720526,0.6888234737265306,132.24054190720526,0.6888234737265306,132.24054190720526,0.6888234737265306,139.917034621918,0.7288093078854325,139.917034621918,0.7288093078854325,137.34207750726205,0.7153966972076967,137.34207750726205,0.7153966972076967,137.34207750726205,0.7153966972076967,126.05071595187437,0.6565814898778441,131.1128227537044,0.6829493339695453,145.4836367168745,0.7578050011622491,145.4836367168745,0.7578050011622491,145.4836367168745,0.7578050011622491,147.76501313320537,0.7696883888534273,147.76501313320537,0.7696883888534273,145.48363671687449,0.757805001162249,154.59046418775145,0.805241259685142,154.59046418775145,0.805241259685142,154.59046418775145,0.805241259685142,154.59046418775145,0.805241259685142,150.89953531717288,0.7860156998890131,150.89953531717288,0.7860156998890131,150.89953531717288,0.7860156998890131,154.59046418775148,0.8052412596851423,156.95640787972295,0.8175651471181562,156.95640787972295,0.8175651471181562,160.3770084845876,0.835382602770503,149.56751595238896,0.7790773873814517,149.56751595238896,0.7790773873814517,149.56751595238896,0.7790773873814517,149.56751595238896,0.7790773873814517,179.34437619366258,0.9341811098272983,179.34437619366258,0.9341811098272983,179.34437619366258,0.9341811098272983,215.20430032671203,1.1209707066684098,215.20430032671203,215.20430032671203,1.1209707066684098,1.1209707066684098,215.20430032671203,1.1209707066684098,215.20430032671203,1.1209707066684098,215.20430032671203,1.1209707066684098,215.20430032671203,1.1209707066684098,215.20430032671203,1.1209707066684098,215.20430032671203,1.1209707066684098,215.20430032671203,1.1209707066684098,215.20430032671203,1.1209707066684098,215.20430032671203,1.1209707066684098,215.20430032671203,1.1209707066684098,199.20331932750003,1.0376237152242611,201.67453979303795,1.050495975431803,201.67453979303795,1.050495975431803,201.67453979303795,1.050495975431803,215.60585071925402,1.1230623294966127,220.53274362122602,1.1487258622867034,220.53274362122602,1.1487258622867034,220.53274362122602,1.1487258622867034,223.7570775914367,1.165520991025464,223.7570775914367,1.165520991025464,223.7570775914367,1.165520991025464,223.7570775914367,1.165520991025464,228.50828850830015,1.1902694196159775,228.50828850830015,1.1902694196159775,251.6353100898597,1.31073501294315,251.6353100898597,1.31073501294315,251.6353100898597,1.31073501294315,251.6353100898597,1.31073501294315,259.44461800450574,1.35141266389335,259.44461800450574,1.35141266389335,259.44461800450574,1.35141266389335,251.69282673416924,1.311034609527972,244.1424503163209,1.271705698461238,245.97918215207235,1.2812729914045338,245.97918215207235,1.2812729914045338,244.1424503163209,1.271705698461238,236.4722818663156,1.2317528065598444,251.69282673416924,1.311034609527972,243.7854498064458,1.2698461300733008,251.69282673416947,1.311034609527973,243.78544980644605,1.2698461300733022,243.78544980644605,1.2698461300733022,254.50798312242694,1.325698386418752,260.12548426817716,1.3549592061119569,252.8248722361298,1.3169312846612615,261.0254500928553,1.3596470089343693,261.0254500928553,1.3596470089343693,261.0254500928553,1.3596470089343693,252.82487223612992,1.3169312846612622,266.0691085337473,1.3859187579565657,269.5106652756793,1.4038453713522372,281.3978625282782,1.465764207938323,275.54100832313446,1.435256629849843,266.86987692519523,1.3900898544833378,257.4788364794952,1.3411731682052925,257.9759442940499,1.3437625369926531,289.54272414306786,1.5081897136841944,295.2119911693587,1.5377201749951683,300.83712083431016,1.567020730634852,295.5901789145257,1.5396901048864835,295.81399563199767,1.5408559365337502,295.81399563199767,1.5408559365337502,288.6007647784839,1.5032831720724906,288.6007647784839,1.5032831720724906,290.51809996209516,1.5132703171826487,290.51809996209516,1.5132703171826487,290.51809996209516,1.5132703171826487,290.51809996209516,1.5132703171826487,277.46438492115743,1.4452752438877694,281.20205076134795,1.4647442503704835,282.04806854310743,1.4691510449802252,287.69957272547066,1.498588981989037,305.18267517900307,1.589656147851149,306.730645076915,1.5977193180932372,309.6495569657853,1.61292354364915,309.6495569657853,1.61292354364915,311.10256327355904,1.6204920611236897,319.34430250925476,1.663422189569956,319.34430250925476,1.663422189569956,322.69109864904755,1.6808552075356893,331.5601645593898,1.7270529975701434,334.5089044951499,1.7424125934729773,337.5288710084579,1.7581431991876324,338.64633885832905,1.763963941261316,341.79535647659355,1.7803667570949133,342.04033815284726,1.7816428342101662,342.9465084772082,1.7863629554499312,345.9786644925981,1.8021570546670023,349.34272677175124,1.8196800096665717,320.3486929138406,1.6686539262029614,320.3486929138406,1.6686539262029614,323.5713314492168,1.6854402236461503,323.5713314492168,1.6854402236461503,352.857039014164,1.837985596831188,352.857039014164,1.837985596831188,352.857039014164,1.837985596831188,356.7191888316241,1.8581030238694252,356.7191888316241,1.8581030238694252,356.7191888316241,1.8581030238694252,356.7191888316241,1.8581030238694252,358.9031666160725,1.8694790749830161,358.9031666160725,1.8694790749830161,351.16753321243465,1.8291851848059184,351.16753321243465,1.8291851848059184,351.16753321243465,1.8291851848059184,362.3818782812946,1.8875992234546757,372.6320650712665,1.940991089286326,376.1012706459214,1.9590617217908577,390.0632585293379,2.0317878680639976,388.7123496186804,2.0247511624130166,388.7123496186804,2.0247511624130166,393.28963804700993,2.0485936517886474,398.1203465467157,2.073756172762454,407.3834148452028,2.122006269069586,407.3834148452028,2.122006269069586,410.9191606804248,2.14042350098127,417.3987077459871,2.1741746037331557,417.3987077459871,2.1741746037331557,417.3987077459871,2.1741746037331557,436.8703289994796,2.27559970073805,457.27515979269606,2.3818857626754566,460.98146529237704,2.4011914172966655,457.49436585529065,2.3830275780319323,457.49436585529065,2.3830275780319323,457.49436585529065,2.3830275780319323,457.49436585529065,2.3830275780319323,464.2838610653338,2.418393159630299,454.1775633618921,2.3657507929990125,457.4471488529498,2.3827816309184198,457.4471488529498,2.3827816309184198,457.4471488529498,2.3827816309184198
Lokum,69.0,0.0028968231482912,0.32140325730229957,100.0,0.28968231482912,100.0,0.28968231482912,100.0,0.28968231482912,100.0,0.28968231482912,100.0,0.28968231482912,100.0,0.28968231482912,100.0,0.28968231482912,100.0,0.28968231482912,100.7372570750819,0.2918180181904587,100.7372570750819,0.2918180181904587,100.7372570750819,0.2918180181904587,100.7372570750819,0.2918180181904587,100.7372570750819,0.2918180181904587,100.7372570750819,0.2918180181904587,100.7372570750819,0.2918180181904587,100.7372570750819,0.2918180181904587,100.7372570750819,0.2918180181904587,100.7372570750819,0.2918180181904587,100.7372570750819,0.2918180181904587,100.7372570750819,0.2918180181904587,100.7372570750819,0.2918180181904587,100.7372570750819,0.2918180181904587,100.7372570750819,0.2918180181904587,100.7372570750819,0.2918180181904587,100.7372570750819,0.2918180181904587,100.7372570750819,0.2918180181904587,100.7372570750819,0.2918180181904587,100.7372570750819,0.2918180181904587,100.7372570750819,0.2918180181904587,100.81833278359542,0.29205288017964476,100.7372570750819,0.2918180181904587,100.7372570750819,0.2918180181904587,100.7372570750819,0.2918180181904587,100.7372570750819,0.2918180181904587,100.7372570750819,0.2918180181904587,100.7372570750819,0.2918180181904587,100.7372570750819,0.2918180181904587,100.7372570750819,0.2918180181904587,100.7372570750819,0.2918180181904587,100.7372570750819,0.2918180181904587,100.7372570750819,0.2918180181904587,100.7372570750819,0.2918180181904587,100.7372570750819,0.2918180181904587,100.7372570750819,0.2918180181904587,100.7372570750819,0.2918180181904587,100.7372570750819,0.2918180181904587,100.7372570750819,0.2918180181904587,100.7372570750819,0.2918180181904587,100.7372570750819,0.2918180181904587,100.7372570750819,0.2918180181904587,100.7372570750819,0.2918180181904587,100.7372570750819,0.2918180181904587,100.7372570750819,0.2918180181904587,100.7372570750819,0.2918180181904587,100.7372570750819,0.2918180181904587,100.7372570750819,0.2918180181904587,100.7372570750819,0.2918180181904587,100.7372570750819,0.2918180181904587,100.7372570750819,0.2918180181904587,0.2918180181904587,100.7372570750819,100.7372570750819,0.2918180181904587,100.7372570750819,0.2918180181904587,100.7372570750819,0.2918180181904587,100.7372570750819,0.2918180181904587,100.7372570750819,0.2918180181904587,100.7372570750819,0.2918180181904587,100.7372570750819,0.2918180181904587,100.7372570750819,0.2918180181904587,100.7372570750819,0.2918180181904587,100.7372570750819,0.2918180181904587,100.7372570750819,0.2918180181904587,100.7372570750819,0.2918180181904587,100.7372570750819,0.2918180181904587,100.7372570750819,0.2918180181904587,100.7372570750819,0.2918180181904587,100.7372570750819,0.2918180181904587,100.7372570750819,0.2918180181904587,100.7372570750819,0.2918180181904587,100.7372570750819,0.2918180181904587,100.7372570750819,0.2918180181904587,100.7372570750819,0.2918180181904587,100.7372570750819,0.2918180181904587,100.7372570750819,0.2918180181904587,100.7372570750819,0.2918180181904587,100.7372570750819,0.2918180181904587,100.7372570750819,0.2918180181904587,100.7372570750819,0.2918180181904587,100.7372570750819,0.2918180181904587,100.7372570750819,0.2918180181904587,101.37541081707116,0.2936666367224218,101.37541081707116,0.2936666367224218,107.35009920823737,0.3109742523577788,107.35009920823737,0.3109742523577788,107.77294036640332,0.3121991484128042,107.77294036640332,0.3121991484128042,107.77294036640332,0.3121991484128042,107.77294036640332,0.3121991484128042,107.77294036640332,0.3121991484128042,109.09638884633448,0.31603294460503956,109.420152988846,0.3169708320676536,109.420152988846,0.3169708320676536,109.420152988846,0.3169708320676536,109.420152988846,0.3169708320676536,112.78655062039834,0.3267226906530871,112.78655062039834,0.3267226906530871,112.78655062039834,0.3267226906530871,112.78655062039834,0.3267226906530871,112.78655062039834,0.3267226906530871,112.78655062039834,0.3267226906530871,112.79544595762889,0.3267484588718884,112.82724205739424,0.32684056654971405,112.82724205739424,0.32684056654971405,112.82724205739424,0.32684056654971405,112.82724205739424,0.32684056654971405,112.82724205739424,0.32684056654971405,112.82724205739424,0.32684056654971405,112.82724205739424,0.32684056654971405,112.82724205739424,0.32684056654971405,112.82724205739424,0.32684056654971405,112.82724205739424,0.32684056654971405,112.82724205739424,0.32684056654971405,112.82724205739424,0.32684056654971405,112.82724205739424,0.32684056654971405,112.82724205739424,0.32684056654971405,112.82724205739424,0.32684056654971405,112.82724205739424,0.32684056654971405,112.82724205739424,0.32684056654971405,112.82724205739424,0.32684056654971405,112.82724205739424,0.32684056654971405,112.82724205739424,0.32684056654971405,113.4615120366357,0.3286779345078469,113.4615120366357,0.3286779345078469,113.4615120366357,0.3286779345078469,113.4615120366357,0.3286779345078469,113.4615120366357,0.3286779345078469,112.57539543985477,0.32611101143820687,112.07327752812861,0.3246564646483469,112.07327752812861,0.3246564646483469,112.07327752812861,0.3246564646483469,112.07327752812861,0.3246564646483469,112.07327752812861,0.3246564646483469,112.07327752812861,0.3246564646483469,112.07327752812861,0.3246564646483469,112.07327752812861,0.3246564646483469,112.07327752812861,0.3246564646483469,112.07327752812861,0.3246564646483469,113.79419942586384,0.32964167103810754,114.32950112826722,0.33119234540094933,114.59208821370841,0.33195301374849767,114.32950112826722,0.33119234540094933,114.32950112826722,114.32950112826722,0.33119234540094933,0.33119234540094933,114.32950112826722,0.33119234540094933,114.32950112826722,0.33119234540094933,114.59208821370841,0.33195301374849767,114.32950112826722,0.33119234540094933,114.59559344604054,0.3319631677866575,114.3295011282673,0.33119234540094955,114.3295011282673,0.33119234540094955,114.59559344604055,0.3319631677866576,114.59559344604055,0.3319631677866576,116.41650013458491,0.3372380124329111,116.41650013458491,0.3372380124329111,116.41650013458491,0.3372380124329111,116.41650013458491,0.3372380124329111,116.41650013458491,0.3372380124329111,116.41650013458491,0.3372380124329111,116.41650013458491,0.3372380124329111,116.41650013458491,0.3372380124329111,116.41650013458491,0.3372380124329111,116.41650013458491,0.3372380124329111,116.41650013458491,0.3372380124329111,116.41650013458491,0.3372380124329111,116.41650013458491,0.3372380124329111,116.41650013458491,0.3372380124329111,116.41650013458491,0.3372380124329111,116.41650013458491,0.3372380124329111,116.41650013458491,0.3372380124329111,116.41650013458491,0.3372380124329111,116.41650013458491,0.3372380124329111,115.59451981976304,0.33485688082949544,115.59451981976304,0.33485688082949544,115.1464695963005,0.33355895857057216,115.1464695963005,0.33355895857057216,115.1464695963005,0.33355895857057216,115.1464695963005,0.33355895857057216,115.1464695963005,0.33355895857057216,115.1464695963005,0.33355895857057216,115.1464695963005,0.33355895857057216,115.1464695963005,0.33355895857057216,115.1464695963005,0.33355895857057216,115.1464695963005,0.33355895857057216,114.85453757316803,0.3327132831282345,114.85453757316803,0.3327132831282345,114.85453757316803,0.3327132831282345,114.85453757316803,0.3327132831282345,114.85453757316803,0.3327132831282345,115.75640586547607,0.33532583607410227,115.75640586547607,0.33532583607410227,115.75640586547607,0.33532583607410227,115.75640586547607,0.33532583607410227,115.78286739857559,0.3354024904557243,115.95026327849179,0.3358874067155941,111.75781820013515,0.3237426347646711,111.75781820013515,0.3237426347646711,112.51096043162488,0.3259243546148062,112.51096043162488,0.3259243546148062,112.51096043162488,0.3259243546148062,112.51096043162488,0.3259243546148062,112.38177589925466,0.325550129871035,112.07478984273192,0.32466084555629726,112.07478984273192,0.32466084555629726,112.07478984273192,0.32466084555629726,114.64601544896873,0.3321092314119231,114.4245849461383,0.33146778640558616,114.4245849461383,0.33146778640558616,113.94821672904658,0.3300878319272047,113.72652472600493,0.3294456294010026,113.72652472600493,0.3294456294010026,112.68271993016685,0.3264219115061215,112.68271993016685,0.3264219115061215,112.68271993016685,0.3264219115061215,112.82300179660034,0.32682828326409147,112.82300179660034,0.32682828326409147,113.59914880818194,0.3290766438937181,113.59914880818194,0.3290766438937181,114.46952586911812,0.33159797231157967,114.46952586911812,0.33159797231157967,115.20298918000351,0.3337226858089748,116.102205701725,0.3363275570444235,116.102205701725,0.3363275570444235,116.102205701725,0.3363275570444235,115.84004893127802,0.3355681352433114,115.84004893127802,0.3355681352433114,115.21065901451443,0.3337449039631296,115.21065901451443,0.3337449039631296,115.21065901451443,0.3337449039631296,115.21065901451443,0.3337449039631296,115.21065901451443,0.3337449039631296,115.21065901451443,0.3337449039631296,115.26087101445634,0.3338903592468833,115.0112216568083,0.33316716920869244,115.34308081082558,0.33412850648802206,115.5901939877544,0.33484434965919724,115.5901939877544,0.33484434965919724,116.25332084655693,0.33676531089403,115.67538736493456,0.33509113980629385,115.67538736493456,0.33509113980629385,115.67538736493456,0.33509113980629385,115.67538736493456,0.33509113980629385,115.67538736493456,0.33509113980629385,115.67538736493456,0.33509113980629385,115.67538736493456,0.33509113980629385,116.0369972460932,0.33613865968068496,115.1625828498579,0.3336056358164715,115.1625828498579,0.3336056358164715,116.24739938305184,0.33674815746147674,116.24739938305184,0.33674815746147674,116.24739938305184,0.33674815746147674,116.24739938305184,0.33674815746147674,116.24739938305184,0.33674815746147674,116.52145254648767,0.33754204100918006,116.52145254648767,0.33754204100918006,116.52145254648767,0.33754204100918006,116.52145254648767,0.33754204100918006,116.32331513537476,0.3369680719701257,116.32331513537476,0.3369680719701257,116.32331513537476,0.3369680719701257,116.32331513537476,0.3369680719701257,116.32331513537476,0.3369680719701257,116.32331513537476,0.3369680719701257,116.15848913875556,0.336490600207679,116.15848913875556,0.336490600207679,116.15848913875556,0.336490600207679,116.0568835841135,0.33619626688499693,116.45015234118723,0.33733549692398784,116.45015234118723,0.33733549692398784,116.45015234118723,0.33733549692398784,116.72669699927152,0.3381365978910627,116.72669699927152,0.3381365978910627,116.72669699927152,0.3381365978910627,123.05625572435936,0.35647221012436564,123.45176253857173,0.35761792341908294
Maden Suyu ve Sodası,70.0,0.0027890815395328,-0.10474072019183156,100.0,0.27890815395328,100.0,0.27890815395328,100.0,0.27890815395328,100.0,0.27890815395328,100.0,0.27890815395328,100.0,0.27890815395328,100.0,0.27890815395328,100.0,0.27890815395328,99.85097610430736,0.2784925141568544,100.16497288450961,0.2793682767799892,100.04044425067629,0.2790209562662215,100.12452187362098,0.27925545561226434,100.28195036713288,0.2796945365173148,100.1746327440018,0.2793952189157734,100.04862691665085,0.27904377838883526,100.04862691665085,0.27904377838883526,100.25919114470048,0.2796310591901745,100.37096852565865,0.27994281541994226,100.37096852565865,0.27994281541994226,101.20816702707837,0.2822778303051765,101.36501953224777,0.282715304731774,101.04831963943101,0.2818320029071467,100.98423707601685,0.28165327141252233,100.91510826100729,0.2814604655107294,100.64097326653496,0.2806958806583067,100.64097326653496,0.2806958806583067,101.02250912432493,0.2817600152759385,101.32429957215297,0.28260173344278305,101.39510621056824,0.28279921893086346,101.46369729140632,0.28299052504820554,101.39510621056831,0.2827992189308636,101.39510621056831,0.2827992189308636,101.76825684410183,0.2838399664743169,102.25422845325379,0.28519538091813973,102.79370085743183,0.2867000134417201,102.79370085743183,0.2867000134417201,102.86553433112667,0.28690036285712284,102.86553433112667,0.28690036285712284,102.86553433112667,0.28690036285712284,102.86553433112667,0.28690036285712284,102.79802110618623,0.28671206296776713,102.79802110618623,0.28671206296776713,102.79802110618623,0.28671206296776713,102.79802110618623,0.28671206296776713,102.79802110618613,0.28671206296776686,102.912142099024,0.2870303557221641,103.0265302304037,0.2873493935477369,103.02653026866496,0.28734939365445067,103.02653110644162,0.2873493959910781,103.52302351170025,0.2887341537931032,103.52302351170025,0.2887341537931032,103.72457483276247,0.2892962968619463,103.72457483276247,0.2892962968619463,103.72457483276247,0.2892962968619463,103.72457483276247,0.2892962968619463,103.72457483276247,0.2892962968619463,103.72457483276247,0.2892962968619463,103.72457483276247,0.2892962968619463,103.72457483276247,0.2892962968619463,0.2892962968619463,103.72457483276247,103.72457483276247,0.2892962968619463,103.72457483276247,0.2892962968619463,103.72457483276247,0.2892962968619463,103.72457483276247,0.2892962968619463,103.60178161319318,0.2889538165600658,103.60178161319318,0.2889538165600658,103.60178161319318,0.2889538165600658,103.60178161319318,0.2889538165600658,103.60178161319318,0.2889538165600658,103.60178161319318,0.2889538165600658,103.60178161319318,0.2889538165600658,103.60178161319318,0.2889538165600658,103.60178161319318,0.2889538165600658,103.60178161319318,0.2889538165600658,103.60178161319318,0.2889538165600658,103.60178161319318,0.2889538165600658,103.60178161319318,0.2889538165600658,103.60178161319318,0.2889538165600658,103.60178161319318,0.2889538165600658,103.60178161319318,0.2889538165600658,103.60178161319318,0.2889538165600658,103.60178161319318,0.2889538165600658,103.60178161319318,0.2889538165600658,103.60178161319318,0.2889538165600658,103.60178161319318,0.2889538165600658,103.87983306594579,0.28972932473397833,103.87983306594579,0.28972932473397833,103.87983306594579,0.28972932473397833,103.87983306594579,0.28972932473397833,103.96736151277896,0.28997344870922476,103.96736151277896,0.28997344870922476,104.56535985549785,0.29164131484757316,104.75657017154987,0.2921746160102421,104.87671962960168,0.2925097226456793,104.87671962960168,0.2925097226456793,104.87671962960168,0.2925097226456793,104.87671962960168,0.2925097226456793,105.37906870232472,0.2939108151708125,105.78002471044223,0.29502911417121785,105.91131135957093,0.2953952833406898,106.84595565208426,0.29800208248296844,106.84595565208426,0.29800208248296844,106.84595565208426,0.29800208248296844,106.84595565208426,0.29800208248296844,106.84595565208426,0.29800208248296844,106.84595565208426,0.29800208248296844,106.84595565208426,0.29800208248296844,106.84595565208426,0.29800208248296844,106.84595565208426,0.29800208248296844,106.86184538146829,0.2980464002338616,107.67585299654118,0.3003167338461005,110.42855325789394,0.3079942393289066,110.35819895812944,0.3077980154502067,110.69386363134693,0.3087342115937509,110.52561851871106,0.3082649622559816,110.71997954206292,0.308807050998217,110.71997954206292,0.308807050998217,110.71997954206292,0.308807050998217,110.71997954206292,0.308807050998217,110.71997954206292,0.308807050998217,110.71997954206292,0.308807050998217,110.71997954206292,0.308807050998217,110.71997954206292,0.308807050998217,110.71997954206292,0.308807050998217,110.71997954206292,0.308807050998217,110.71997954206292,0.308807050998217,111.48240656352104,0.31093352212900677,111.32651411824916,0.31049872538774637,111.74188849377948,0.31165723839053294,111.90190654519805,0.3121035417837365,111.90190654519805,0.3121035417837365,112.21552754499378,0.3129782563246766,112.21552754499378,0.3129782563246766,112.33047898269393,0.31329886525750883,112.33047898269393,0.31329886525750883,112.33047898269393,0.31329886525750883,112.33047898269393,0.31329886525750883,112.33047898269393,0.31329886525750883,112.33047898269393,0.31329886525750883,112.33047898269393,0.31329886525750883,112.372524043508,0.31341613236045385,112.372524043508,0.31341613236045385,112.70452894434212,0.3143421211004047,112.89902261116671,0.31488457979610124,112.89902261116671,0.31488457979610124,112.89902261116671,0.31488457979610124,112.89902261116671,0.31488457979610124,112.89902261116671,0.31488457979610124,112.89902261116671,0.31488457979610124,112.89902261116671,0.31488457979610124,112.89902261116671,112.89902261116671,0.31488457979610124,0.31488457979610124,112.89902261116671,0.31488457979610124,112.89902261116671,0.31488457979610124,113.20035067370806,0.3157250083326785,113.20035067370806,0.3157250083326785,113.20035067370806,0.3157250083326785,113.20035067370806,0.3157250083326785,113.20035067370806,0.3157250083326785,113.20035067370806,0.3157250083326785,113.3532752495365,0.3161515274440625,113.0490687892833,0.31530307082156367,113.0490687892833,0.31530307082156367,113.0490687892833,0.31530307082156367,113.0490687892833,0.31530307082156367,113.0490687892833,0.31530307082156367,113.0490687892833,0.31530307082156367,113.0490687892833,0.31530307082156367,113.15088431754565,0.315587042631878,113.15088431754565,0.315587042631878,113.15088431754565,0.315587042631878,113.15088431754565,0.315587042631878,113.15088431754565,0.315587042631878,113.15088431754565,0.315587042631878,113.15088431754565,0.315587042631878,113.41725993872733,0.3163299859594974,113.41065070693976,0.3163115522731282,113.41065070693976,0.3163115522731282,113.41065070693976,0.3163115522731282,113.41065070693976,0.3163115522731282,113.41065070693976,0.3163115522731282,113.41065070693976,0.3163115522731282,113.24820056850342,0.31585846559092084,113.72448078297217,0.31718684994474033,115.1443701826366,0.32114703725752275,115.29219298530282,0.3215593271075611,115.51720172956476,0.3221868948424155,115.84314722316174,0.32309598340150075,116.9384263240231,0.32615080612234926,117.18727024169193,0.32684485209934444,117.68559059714434,0.32823470820351014,117.82038645495601,0.3286106648421382,117.90622012005589,0.3288500619329387,117.90622012005589,0.3288500619329387,118.24443178854665,0.32979336185398084,117.98717581204825,0.3290758539589947,118.07798711482329,0.3293291340871455,117.7984387146858,0.3285494508049161,118.06461291760222,0.32929183236057014,118.19333791910312,0.3296508568859326,118.30410334257311,0.3299597906837513,117.90526772185575,0.3288474056167004,118.02748773273835,0.32918828719281457,117.27567821570291,0.3270914291476059,117.27567821570291,0.3270914291476059,117.27567821570291,0.3270914291476059,117.27567821570291,0.3270914291476059,117.27567821570291,0.3270914291476059,117.43849774952695,0.32754554610366987,117.43849774952695,0.32754554610366987,117.31982595334986,0.3272145607876892,117.22166987387676,0.32694079547843785,116.91815306039702,0.32609426233702365,117.3732986939286,0.3273637006213056,117.09997355349861,0.3266013745178421,117.09997355349861,0.3266013745178421,117.06344974657429,0.326499506642196,116.91337688200241,0.32608094118603376,116.91337688200241,0.32608094118603376,116.91337688200241,0.32608094118603376,116.91337688200241,0.32608094118603376,116.91337688200241,0.32608094118603376,117.74092788281231,0.32838904840541455,117.81724984536038,0.32860191658221827,118.9353159108595,0.3317202940054799,118.97125696663662,0.33182053654065924,119.28312826399545,0.33269037101883286,119.28312826399545,0.33269037101883286,119.78986047843773,0.33410368848362043,119.93127877646337,0.3344981156479959,120.01995201310183,0.3347454325353548,120.10136250595001,0.33497249303808196,120.37247169927186,0.3357286386843735,120.24392183296453,0.3353701026253464,120.24392183296453,0.3353701026253464,120.34770877926985,0.335659572881331,120.30832439782841,0.3355497266301068,120.1093594656585,0.3349947972107773,111.93622142270002,0.3121992487751086,111.089080358452,0.30983650327143425,118.92549970532139,0.33169291580782534,118.86156592343767,0.3315145992770209,118.96732526693575,0.33180957070960454,119.80474409798003,0.3341452001121273,120.40038001081386,0.3358064772408949,120.41883534021072,0.33585795065942164,121.24844433563835,0.33817179779359924,121.35234393544658,0.3384615822493892,121.35234393544658,0.3384615822493892,121.35234393544658,0.3384615822493892,121.00534326925224,0.337493769097101,121.00534326925224,0.337493769097101,121.00297274797143,0.3374871575199576,121.61068003365551,0.3391821026918987,121.79940538833837,0.3397084730946864,121.94102006563507,0.34010344797686154,122.06254244188679,0.3404423837931054,122.05843933840184,0.34043093990292067,122.7195777590323,0.342274908866977,123.88478188962114,0.34552475819738965,124.19141087835833,0.34637997144936217,124.3078284863326,0.3467046696506398,124.3078284863326,0.3467046696506398,124.3078284863326,0.3467046696506398,124.39917397566307,0.346959439668651,125.28893107831284,0.34944104477831966,125.16820561689327,0.34910433162252275,125.32492720163914,0.3495414409013838,125.26209822475533,0.34936620576180943,125.26209822475533,0.34936620576180943,125.26209822475533,0.34936620576180943,125.14819139403612,0.34904851032302375,125.16580459481949,0.3490976349761808,125.2764464385111,0.3494062240999209,128.18315514710682,0.35751327169986447,128.18315514710682,0.35751327169986447,128.18315514710682,0.35751327169986447,128.18315514710682,0.35751327169986447,128.16806128445114,0.35747117368617126,127.94592226966589,0.3568516098608237,128.01291235190206,0.3570384506625204,128.50119169181485,0.3584003015556064,128.36659861818177,0.3580249104985874
Makarna,71.0,0.0099943257580671,0.17209554996429066,100.0,0.9994325758067101,100.35994919595439,1.0030300253274325,100.35994919595439,1.0030300253274325,100.35994919595439,1.0030300253274325,100.35994919595439,1.0030300253274325,101.85409731851294,1.0179630283950871,101.85409731851294,1.0179630283950871,102.1569728761683,1.0209900653824509,104.20687421540877,1.0414774471387183,104.36877601594861,1.043095546474131,104.36877601594861,1.043095546474131,104.36877601594861,1.043095546474131,104.5382031239352,1.0447888561835963,104.5382031239352,1.0447888561835963,104.50956880252642,1.0445026754475757,104.50956880252642,1.0445026754475757,104.50956880252642,1.0445026754475757,104.50956880252642,1.0445026754475757,104.50956880252642,1.0445026754475757,104.50956880252642,1.0445026754475757,104.50956880252642,1.0445026754475757,105.01181675842204,1.04952230513012,105.15224746609447,1.050925815369034,105.15224746609447,1.050925815369034,105.43528377885923,1.0537545724801671,105.43528377885923,1.0537545724801671,105.53687601504012,1.0547699183830495,105.5777424371702,1.055178350718384,105.5777424371702,1.055178350718384,105.66356577305956,1.0560360970949063,105.97919353988526,1.0591905838148536,106.10625192808682,1.060460446736835,106.10625192808682,1.060460446736835,106.25280993079474,1.0619251951583497,106.25280993079474,1.0619251951583497,106.25280993079474,1.0619251951583497,106.25280993079474,1.0619251951583497,106.25280993079474,1.0619251951583497,106.25280993079474,1.0619251951583497,106.25280993079474,1.0619251951583497,106.25280993079474,1.0619251951583497,106.25280993079474,1.0619251951583497,106.44237326400447,1.0638197528622328,106.44237326400447,1.0638197528622328,106.44237326400447,1.0638197528622328,106.52480736898433,1.0646436261609762,106.52480736898433,1.0646436261609762,106.63577310843743,1.0657526539090554,106.63577310843743,1.0657526539090554,106.63577310843743,1.0657526539090554,106.63577310843743,1.0657526539090554,106.6965088865381,1.066359667060563,106.6965088865381,1.066359667060563,106.6965088865381,1.066359667060563,107.29458348792005,1.0723370194544004,107.29458348792005,1.0723370194544004,107.29458348792005,1.0723370194544004,107.29458348792005,1.0723370194544004,107.29458348792005,1.0723370194544004,1.0723370194544004,107.29458348792005,107.29458348792005,1.0723370194544004,107.29458348792005,1.0723370194544004,107.29458348792005,1.0723370194544004,107.29458348792005,1.0723370194544004,107.29458348792005,1.0723370194544004,107.29458348792005,1.0723370194544004,107.19361001936124,1.0713278577167018,107.19361001936124,1.0713278577167018,107.19361001936124,1.0713278577167018,107.19361001936124,1.0713278577167018,107.19361001936124,1.0713278577167018,107.19361001936124,1.0713278577167018,107.19361001936124,1.0713278577167018,107.19361001936124,1.0713278577167018,107.19361001936124,1.0713278577167018,107.19361001936124,1.0713278577167018,107.5430867274989,1.0748206417826864,107.61831878746962,1.075572535497484,107.69360347623318,1.076324955201582,107.69360347623318,1.076324955201582,107.69360347623318,1.076324955201582,107.69360347623318,1.076324955201582,107.69360347623318,1.076324955201582,108.44935305990116,1.0838781627322833,108.52521910095902,1.0846363926605904,109.67840178997807,1.0961616761132107,110.16956897926815,1.1010705610046498,110.16956897926815,1.1010705610046498,110.34110024885726,1.1027849003906183,110.10619714619467,1.1004372022610276,110.10619714619467,1.1004372022610276,110.10619714619467,1.1004372022610276,110.10619714619467,1.1004372022610276,110.10619714619467,1.1004372022610276,110.10619714619467,1.1004372022610276,110.10619714619467,1.1004372022610276,110.10619714619467,1.1004372022610276,108.78971800334682,1.0872798808537052,109.02086562919753,1.0895900455246612,109.17620980979343,1.0911426058701565,109.23129425590317,1.09169313776878,109.23129425590317,1.09169313776878,108.74695545555073,1.0868524980207863,108.74695545555073,1.0868524980207863,108.74695545555073,1.0868524980207863,108.74695545555073,1.0868524980207863,108.74695545555073,1.0868524980207863,109.20575532675225,1.0914378933913336,109.00124436718492,1.0893939442403227,108.86444199215033,1.0880266967397498,108.88036743413194,1.0881858607947552,108.48134345222896,1.0841978851343357,107.91338124404686,1.0785214858074927,108.232645721777,1.0817123190009068,108.232645721777,1.0817123190009068,108.232645721777,1.0817123190009068,108.232645721777,1.0817123190009068,108.232645721777,1.0817123190009068,108.24839407697031,1.0818697131928625,108.24839407697031,1.0818697131928625,108.24839407697031,1.0818697131928625,108.66400079360974,1.0860234221061977,108.66400079360974,1.0860234221061977,108.66400079360974,1.0860234221061977,109.91590094494354,1.0985353200352013,109.91590094494354,1.0985353200352013,110.84630756570544,1.107834106890558,111.14578326170354,1.1108271645529868,111.14578326170354,1.1108271645529868,111.14578326170354,1.1108271645529868,111.14578326170354,1.1108271645529868,111.14578326170354,1.1108271645529868,111.14578326170354,1.1108271645529868,111.66577001742424,1.11602408157954,111.66577001742424,1.11602408157954,111.66577001742424,1.11602408157954,111.66577001742424,1.11602408157954,111.66577001742424,1.11602408157954,111.89441964868796,1.1183092804788515,111.89441964868796,1.1183092804788515,109.5509966105017,1.0948883472462587,109.5509966105017,1.0948883472462587,108.72008970495904,1.086583992957638,108.72008970495904,1.086583992957638,108.72008970495904,1.086583992957638,108.72008970495904,1.086583992957638,108.72008970495904,1.086583992957638,108.72008970495904,1.086583992957638,108.09698008061224,1.0803564323889292,108.09698008061224,1.0803564323889292,108.09698008061224,108.09698008061224,1.0803564323889292,1.0803564323889292,108.09698008061224,1.0803564323889292,108.09698008061224,1.0803564323889292,108.09698008061224,1.0803564323889292,108.09698008061224,1.0803564323889292,108.09698008061224,1.0803564323889292,108.09698008061224,1.0803564323889292,108.09698008061224,1.0803564323889292,108.09698008061224,1.0803564323889292,108.09698008061224,1.0803564323889292,110.74507152996658,1.1068223209709285,110.88057606029042,1.1081765973886788,110.88057606029042,1.1081765973886788,110.88057606029042,1.1081765973886788,110.74894078893314,1.1068609916054826,110.74894078893314,1.1068609916054826,111.60275688028376,1.1153943077599204,111.8945705586071,1.1183107887217436,111.8945705586071,1.1183107887217436,112.01899794206189,1.1195543565252146,112.01899794206189,1.1195543565252146,112.01899794206189,1.1195543565252146,112.40143466291556,1.1233765536952733,112.40143466291556,1.1233765536952733,112.40143466291556,1.1233765536952733,112.52086623654102,1.1245701917478848,112.64814191971648,1.1258422263866208,112.64673762022106,1.1258281913600017,113.10837372337052,1.130441932956562,113.10837372337052,1.130441932956562,113.10837372337052,1.130441932956562,112.27096890666826,1.122072636427065,112.27096890666826,1.122072636427065,112.27096890666826,1.122072636427065,112.27096890666826,1.122072636427065,112.1684705832034,1.1210482347927015,113.24010263357518,1.1317584745969025,113.4328487718322,1.1336848422912527,114.01114786983267,1.1394645518622657,114.01114786983267,1.1394645518622657,114.65204888071543,1.1458699253437024,114.69252739736599,1.1462744808253116,115.70887601798047,1.1564322000234948,115.95841536131294,1.1589261775102138,116.28329715067458,1.1621731519459577,116.2924374345371,1.1622645029204008,116.33126294514496,1.162652537721139,116.44163798986185,1.163755661873601,116.2460030441564,1.1618004224965588,115.37390770258742,1.1530844175608257,116.08397326349808,1.1601810440861515,116.84427772359702,1.1677797745356915,116.9322668002977,1.1686591660313896,116.8184864610988,1.1675220082565725,116.8046901568459,1.1673841234976117,116.8046901568459,1.1673841234976117,116.8046901568459,1.1673841234976117,116.43649375896277,1.1637042487542208,116.49701376576954,1.1643091054171282,115.97068462559976,1.159048800534308,115.99573335967064,1.1592991457424395,116.23576902818114,1.161698140407089,117.71745701248557,1.1765066127940411,117.91282091813797,1.1784591433084994,117.91282091813797,1.1784591433084994,117.66770666739028,1.1760093916385825,117.66770666739028,1.1760093916385825,117.90911347888502,1.1784220899528772,118.15386441858652,1.180868210573847,118.15386441858652,1.180868210573847,118.23594731777496,1.181688573807503,118.21735688071489,1.1815027749235398,117.60467150751933,1.1753793977166205,117.13176927819136,1.1706530587850006,117.07519667371128,1.1700876537468443,117.37908389221454,1.1731248016022788,117.37908389221454,1.1731248016022788,116.45077503089854,1.1638469804381864,116.30146199373954,1.162354697304893,115.04968050048012,1.1498439852833386,114.62945350337392,1.145644099781925,114.55895099606866,1.1449394747571557,115.53894803716264,1.1547338844277908,115.5250145864872,1.1545946289828066,115.08621812202978,1.1502091541755308,114.90694853452754,1.1484174755195193,115.01729787183204,1.1495203427437273,119.94891731747434,1.1988085539982947,119.54266412665876,1.1947483272690296,119.44914859901006,1.193813702622271,119.58340477582566,1.1951555025883986,118.99157596287415,1.1892405726387512,120.56916103756335,1.2050074717862596,121.08895476597246,1.2102024596349805,120.97524932612671,1.2090660504286979,121.18591187961138,1.2111714806132499,121.2492373134469,1.211804375627773,120.31142281114052,1.2024315519910833,120.31142281114052,1.2024315519910833,120.31142281114052,1.2024315519910833,120.57496966632009,1.2050655251142621,121.3821226650002,1.213132475119672,121.16602502426682,1.2109727249026327,121.40248026294285,1.2133359355851625,121.40248026294285,1.2133359355851625,121.2433480020098,1.2117455159307797,121.14723823635197,1.210784963624264,120.80941684995956,1.2074086666406165,118.79080094209431,1.1872339616769947,119.12340519072866,1.1905581168863637,117.37224401246675,1.1730564416159335,117.37224401246675,1.1730564416159335,116.78166184570706,1.167153971054432,116.78166184570706,1.167153971054432,116.77735622055437,1.167110939234064,114.84780626587012,1.1478263884204858,116.10662101177248,1.1604073930600924,115.93155180084742,1.1586576943358997,116.03774095914518,1.1597189833759025,115.83719167883078,1.1577146285378945,115.55629204347402,1.1549072260768167,115.74436858234213,1.1567869242737143,115.98261055718781,1.1591679921795675,118.24953030371273,1.1818243265937323,118.66293074533401,1.1859559852758241,119.02018626868976,1.1895265133551103,119.09939990723264,1.1903182002631896,119.54501937987834,1.1947718664369489,119.55194123546586,1.1948410457165408,120.83585204297506,1.2076728685710907,121.44240915383673,1.2137349979279144,121.65140613575991,1.2158237818477073
Mandalina,72.0,0.0071973144680447,0.0,100.0,0.71973144680447,101.36138613861388,0.7295297709565112,101.36138613861388,0.7295297709565112,101.36138613861388,0.7295297709565112,98.6251045879236,0.7098358921630843,97.32740584334564,0.7004959462135699,97.32740584334564,0.7004959462135699,97.32740584334564,0.7004959462135699,97.32740584334564,0.7004959462135699,96.65152108054464,0.6956313910315313,96.65152108054464,0.6956313910315313,102.45303468926406,0.7373867088641257,96.9590754360044,0.697844956443792,96.9590754360044,0.697844956443792,96.9590754360044,0.697844956443792,96.9590754360044,0.697844956443792,104.85674448780928,0.7546869641741761,104.85674448780928,0.7546869641741761,106.4454830406549,0.7661216151465123,106.4454830406549,0.7661216151465123,106.4454830406549,0.7661216151465123,103.48866406730346,0.7448404591702209,102.74945932396558,0.7395201701761479,102.74945932396558,0.7395201701761479,102.74945932396558,0.7395201701761479,99.7274164026724,0.7177695769356724,102.55302653408162,0.7381063816155177,102.55302653408162,0.7381063816155177,99.34824445489153,0.7150405571900325,99.45886285950729,0.7158367126340055,99.34824445489177,0.7150405571900342,99.34824445489177,0.7150405571900342,99.04161407077177,0.7128336418900653,99.50587163672877,0.7161750495864267,99.50587163672877,0.7161750495864267,99.50587163672877,0.7161750495864267,99.50587163672877,0.7161750495864267,99.50587163672877,0.7161750495864267,99.50587163672877,0.7161750495864267,99.50587163672877,0.7161750495864267,99.50587163672877,0.7161750495864267,99.50587163672877,0.7161750495864267,99.50587163672877,0.7161750495864267,99.50587163672877,0.7161750495864267,99.50587163672877,0.7161750495864267,99.50587163672877,0.7161750495864267,99.50587163672877,0.7161750495864267,99.50587163672877,0.7161750495864267,99.04802253410575,0.7128797656159368,99.04802253410575,0.7128797656159368,99.04802253410575,0.7128797656159368,99.04802253410575,0.7128797656159368,99.04802253410575,0.7128797656159368,99.04802253410575,0.7128797656159368,96.72658450596248,0.696171646109312,96.72658450596248,0.696171646109312,97.5604343723932,0.7021731258171511,98.37343799216309,0.7080245685322936,98.37343799216309,0.7080245685322936,0.7080245685322936,98.37343799216309,103.6434435988862,0.7459544561322384,103.6434435988862,0.7459544561322384,103.6434435988862,0.7459544561322384,100.59510702244827,0.724014619187172,100.59510702244827,0.724014619187172,100.59510702244827,0.724014619187172,100.59510702244827,0.724014619187172,100.59510702244827,0.724014619187172,100.59510702244827,0.724014619187172,100.59510702244827,0.724014619187172,100.59510702244827,0.724014619187172,100.59510702244827,0.724014619187172,100.59510702244827,0.724014619187172,100.59510702244827,0.724014619187172,100.59510702244827,0.724014619187172,100.59510702244827,0.724014619187172,100.59510702244827,0.724014619187172,100.59510702244827,0.724014619187172,100.59510702244827,0.724014619187172,100.59510702244827,0.724014619187172,100.59510702244827,0.724014619187172,100.59510702244827,0.724014619187172,100.59510702244827,0.724014619187172,100.59510702244827,0.724014619187172,100.59510702244827,0.724014619187172,100.59510702244827,0.724014619187172,96.3948937856029,0.693784363688752,100.59510702244825,0.7240146191871718,100.59510702244825,0.7240146191871718,100.59510702244825,0.7240146191871718,100.59510702244825,0.7240146191871718,100.59510702244825,0.7240146191871718,100.59510702244825,0.7240146191871718,100.59510702244825,0.7240146191871718,100.59510702244825,0.7240146191871718,100.59510702244825,0.7240146191871718,100.59510702244825,0.7240146191871718,100.59510702244825,0.7240146191871718,100.59510702244825,0.7240146191871718,100.59510702244825,0.7240146191871718,100.59510702244825,0.7240146191871718,100.59510702244825,0.7240146191871718,100.59510702244825,0.7240146191871718,100.59510702244825,0.7240146191871718,100.59510702244825,0.7240146191871718,100.59510702244825,0.7240146191871718,100.59510702244825,0.7240146191871718,100.59510702244825,0.7240146191871718,100.59510702244825,0.7240146191871718,100.59510702244825,0.7240146191871718,100.59510702244825,0.7240146191871718,100.59510702244825,0.7240146191871718,100.59510702244825,0.7240146191871718,100.59510702244825,0.7240146191871718,100.59510702244825,0.7240146191871718,100.59510702244825,0.7240146191871718,100.59510702244825,0.7240146191871718,100.59510702244825,0.7240146191871718,100.59510702244825,0.7240146191871718,100.59510702244825,0.7240146191871718,104.79532025929382,0.7542448746855932,104.79540193046304,0.7542454624986812,105.33423331882561,0.7581236014459797,104.24950313431506,0.7503164571950771,107.03249150637504,0.7703464996697045,111.74056785322277,0.8042320056775307,112.15938222423432,0.8072463444094372,109.65888049764052,0.7892494471552529,110.38071909364734,0.7944447465258859,110.38071909364734,0.7944447465258859,110.17011987744516,0.792928997740155,111.65347415710316,0.8036051649583736,114.19437610717355,0.8218928353254982,114.19437610717355,0.8218928353254982,112.34120860144104,0.8085550060247793,111.465593622151,0.8022529296658985,111.465593622151,0.8022529296658985,111.465593622151,0.8022529296658985,111.20073370838755,0.8003466495765637,110.99485400075646,0.7988648685781536,112.06939418691182,0.8065986722064651,110.0583628695852,0.7921246474105791,108.82845288547811,0.7832725984875726,108.82845288547811,0.7832725984875726,108.82845288547811,0.7832725984875726,109.13341798961369,0.7854675282438164,112.80444915947616,0.8118890939953106,112.80444915947616,0.8118890939953106,112.1952103826115,0.8075042109320887,117.74223750240797,0.8474279094760362,117.74223750240797,117.74223750240797,0.8474279094760362,0.8474279094760362,116.89469971450154,0.8413279134929226,117.53563231578016,0.8459409069771467,117.21423893970271,0.8436277377815707,116.02608655125108,0.835076231405926,114.67118837971763,0.825324603193221,114.27422087069483,0.8224675031971875,114.27422087069483,0.8224675031971875,117.02684136767579,0.842278978525145,117.35458374107928,0.8446378434510332,117.98461924777463,0.8491724071187535,116.0295550772159,0.8351011954780354,117.79488326705514,0.8478068175996125,117.79488326705514,0.8478068175996125,117.79488326705514,0.8478068175996125,124.13891406259974,0.8934668022301068,127.38214517230304,0.916809356419187,130.48551210175006,0.9391452641201475,129.9171815328876,0.9350548102942418,126.0769210068598,0.9074152476492009,126.0769210068598,0.9074152476492009,124.82534422322517,0.8984072559564784,127.09012224123306,0.9147075755523962,126.7121298900566,0.9119870457344637,126.32412787381419,0.9091944732093317,133.8221928345729,0.9631604046337392,132.37807112756937,0.9527666065783054,132.71227224668831,0.9551719571281769,132.99713682902166,0.9572222171080382,132.23005862171883,0.9517013140284958,133.12255574291393,0.9581248964715615,132.34063750590542,0.9524971850315122,133.36389921231213,0.9598619213156293,134.60083704423403,0.9687645518693926,135.02124237903195,0.9717903412679768,135.35060932971675,0.9741608987874363,136.59167528067348,0.9830932407120548,137.77642796610942,0.9916202783559978,139.99405237548953,1.0075812186023183,138.16077543111837,0.9943865479266629,138.69080847137195,0.9982013623958218,138.14546146928416,0.9942763285275905,138.73965134187293,0.9985528998943393,138.90548964304145,0.9997464902986954,141.64105050437522,1.0194351820641898,141.71410002103272,1.0199609424073126,141.22950537725717,1.0164731623665297,140.59849990737848,1.0119316175687565,140.59849990737848,1.0119316175687565,140.2749505926887,1.009602931405014,141.67447500566425,1.0196757487109045,141.90414872367302,1.0213287826844586,144.50352962275,1.0400373444373445,143.0381625262488,1.0294906366327,142.01579660443107,1.0221323475919653,141.54025232984773,1.0187097059043106,142.0664321623932,1.0224967876258835,144.58845193132444,1.040648556997507,146.13048753572767,1.0517470721633184,146.36396022066003,1.0534274484964754,144.57859997216994,1.0405776493493457,144.58319540643566,1.0406107241348734,144.01671770779615,1.0365336059986305,144.53324185030417,1.040251192682598,144.53324185030417,1.040251192682598,143.2753216745601,1.0311975456020699,139.95421593209187,1.007294503191897,138.06349819821415,0.99368641309087,137.93113456244927,0.9927337503801366,137.24930276417635,0.9878263925136539,138.05123931244142,0.9935981820349359,139.1989886511716,1.0018588949562672,138.16819602106958,0.9944399562460802,138.67975937654637,0.9981218385857749,137.30335269830312,0.9882154068865413,134.40164904576457,0.9673309332061475,134.24594235108722,0.9662102631597748,133.03060114896977,0.9574630703421639,133.59902252176283,0.9615541777125134,131.7620516197469,0.948332920462057,130.27924039513334,0.9376606617817668,127.91617074947028,0.9206529064320387,127.54629241052969,0.9179907757117652,126.86379909352985,0.9130786566869785,127.42592068056801,0.9171244225181685,125.79890410634358,0.9054142725887545,123.4325205639158,0.8883826660818962,123.06892535526302,0.8857657570261478,122.7814927379429,0.8836970140909217,121.80895480897635,0.8766973527840486,119.97780984858943,0.8635180266675686,122.44637463745427,0.8812850637377713,123.27222575873648,0.8872289739614266,122.93594062013618,0.8848086240679902,124.41438874665958,0.8954494801592707,122.43531905397549,0.8812054932268467,123.55383334148667,0.8892557922910657,122.6451060633736,0.8827153963047956,122.87455923462556,0.884366842933986,122.83366718182864,0.8840725299707628,122.56649160940974,0.8821495833578841,124.5557949574015,0.896467225125715,124.26417811710553,0.8943683670219272,122.06741890514945,0.8785576001629053,122.22421378169874,0.8796861021964087,122.77120772568175,0.8836229896233705,123.92156296692829,0.8919024580445853,121.10114926912092,0.8716030537314848,121.35441865133791,0.8734259131204279,121.10956998225413,0.8716636602519497,120.64923757430834,0.8683505031521317,120.982031198169,0.870745723516017,121.72837202719012,0.8761173731628232,123.61619753399052,0.8897046469960616,122.83924812364366,0.8841126977640332,122.42831385076896,0.8811550745764568,121.55141811860433,0.8748437802363817,121.75594687726976,0.8763158380302556,121.75594687726976,0.8763158380302556,122.62549563826313,0.8825742539084235,123.52745733114479,0.8890659558502227,124.09608636420708,0.8931585578168323,124.09823075580324,0.8931739916774925,128.9355652434225,0.9279898091720061,126.49088613276432,0.9103946848391393,126.49088613276429,0.9103946848391391,127.49696569510036,0.9176357558291446,131.0755231426209,0.9433917591209133,126.05788760810019,0.9072782582929322,130.24295074937163,0.9373994737892858,129.05704473742446,0.9288641352917572,126.72338810994847,0.9120680746833758
Mantar,73.0,0.0026777903543077,-2.1147705840358855,100.0,0.26777903543077003,100.0,0.26777903543077003,100.0,0.26777903543077003,100.0,0.26777903543077003,99.24242424242424,0.2657504063744763,99.24242424242424,0.2657504063744763,99.24242424242424,0.2657504063744763,99.24242424242424,0.2657504063744763,97.4366274544733,0.2609148611538614,97.4366274544733,0.2609148611538614,97.4366274544733,0.2609148611538614,97.4366274544733,0.2609148611538614,98.70297998806096,0.2643058877534556,99.69702461793833,0.26696773087509257,99.69702461793833,0.26696773087509257,99.69702461793833,0.26696773087509257,99.69702461793833,0.26696773087509257,99.69702461793833,0.26696773087509257,99.69702461793833,0.26696773087509257,99.69702461793833,0.26696773087509257,99.69702461793833,0.26696773087509257,99.69702461793833,0.26696773087509257,95.0124844312634,0.2544235143488477,95.0124844312634,0.2544235143488477,95.0124844312634,0.2544235143488477,95.0124844312634,0.2544235143488477,95.0124844312634,0.2544235143488477,99.77111446277708,0.26716612794695394,103.40278666089434,0.27689098472907975,103.53486809505807,0.27724467111946655,103.4027866608943,0.27689098472907964,103.4027866608943,0.27689098472907964,103.4027866608943,0.27689098472907964,103.41220575241015,0.2769162070814872,107.176413806006,0.2869959670990135,107.176413806006,0.2869959670990135,107.176413806006,0.2869959670990135,107.176413806006,0.2869959670990135,107.176413806006,0.2869959670990135,107.176413806006,0.2869959670990135,107.176413806006,0.2869959670990135,107.45479410160605,0.28774141116940066,107.45479410160605,0.28774141116940066,104.66176546812484,0.2802622660353594,104.66176546812484,0.2802622660353594,104.66176546812484,0.2802622660353594,104.39746808057907,0.27955453304032063,104.39746808057907,0.27955453304032063,108.19753971878376,0.2897303282187834,107.59693457519961,0.2881220335585462,105.35915645704227,0.28212973289866367,105.35915645704227,0.28212973289866367,105.35915645704227,0.28212973289866367,105.35915645704227,0.28212973289866367,105.35915645704227,0.28212973289866367,105.35915645704227,0.28212973289866367,109.19423358715565,0.2923992654457073,109.19423358715565,0.2923992654457073,109.65274391084729,0.2936270599678393,0.2936270599678393,109.65274391084729,109.65274391084729,0.2936270599678393,109.65274391084729,0.2936270599678393,109.65274391084729,0.2936270599678393,109.65274391084729,0.2936270599678393,109.65274391084729,0.2936270599678393,109.65274391084729,0.2936270599678393,109.65274391084729,0.2936270599678393,109.65274391084729,0.2936270599678393,109.65274391084729,0.2936270599678393,109.65274391084729,0.2936270599678393,109.65274391084729,0.2936270599678393,109.65274391084729,0.2936270599678393,109.65274391084729,0.2936270599678393,109.65274391084729,0.2936270599678393,109.65274391084729,0.2936270599678393,109.65274391084729,0.2936270599678393,109.65274391084729,0.2936270599678393,109.65274391084729,0.2936270599678393,109.65274391084729,0.2936270599678393,109.65274391084729,0.2936270599678393,109.65274391084729,0.2936270599678393,109.65274391084729,0.2936270599678393,109.65274391084729,0.2936270599678393,111.95936076688288,0.29980369633601495,111.95936076688288,0.29980369633601495,115.01020773834105,0.3079732249286545,115.01020773834105,0.3079732249286545,115.01020773834105,0.3079732249286545,115.01020773834105,0.3079732249286545,118.00540104723873,0.3159937246805077,118.00540104723873,0.3159937246805077,118.00540104723873,0.3159937246805077,118.00540104723873,0.3159937246805077,118.00540104723873,0.3159937246805077,118.00540104723873,0.3159937246805077,118.00540104723873,0.3159937246805077,118.00540104723873,0.3159937246805077,118.00540104723873,0.3159937246805077,118.00540104723873,0.3159937246805077,118.00540104723873,0.3159937246805077,118.00540104723873,0.3159937246805077,118.00540104723873,0.3159937246805077,118.00540104723873,0.3159937246805077,118.00540104723873,0.3159937246805077,118.00540104723873,0.3159937246805077,118.00540104723873,0.3159937246805077,115.99989708805849,0.31062340552308887,115.99989708805849,0.31062340552308887,115.99989708805849,0.31062340552308887,116.01496376861469,0.31066375093495374,116.04803312338862,0.31075230373419055,118.05436929890578,0.31612485139248897,118.40182704014764,0.31705527038051595,118.40182704014764,0.31705527038051595,118.40182704014764,0.31705527038051595,118.40182704014764,0.31705527038051595,118.40182704014764,0.31705527038051595,118.40182704014764,0.31705527038051595,118.40182704014764,0.31705527038051595,118.40182704014764,0.31705527038051595,118.40182704014764,0.31705527038051595,118.40182704014764,0.31705527038051595,118.40182704014764,0.31705527038051595,118.40182704014764,0.31705527038051595,118.40182704014764,0.31705527038051595,118.40182704014764,0.31705527038051595,118.40182704014764,0.31705527038051595,118.40182704014764,0.31705527038051595,118.40182704014764,0.31705527038051595,118.40182704014764,0.31705527038051595,118.40182704014764,0.31705527038051595,118.40182704014764,0.31705527038051595,118.40182704014764,0.31705527038051595,118.40182704014764,0.31705527038051595,118.40182704014764,0.31705527038051595,117.54090038515766,0.3147498892880174,117.54090038515766,0.3147498892880174,117.54090038515766,0.3147498892880174,117.54090038515766,0.3147498892880174,117.54090038515766,0.3147498892880174,117.54090038515766,0.3147498892880174,118.40182704014764,0.31705527038051595,110.91216605941032,0.29699952844926286,110.91216605941032,0.29699952844926286,110.91216605941032,0.29699952844926286,110.91216605941032,0.29699952844926286,118.9564660804381,0.3185404774527283,118.9564660804381,0.3185404774527283,118.9564660804381,0.3185404774527283,118.9564660804381,0.3185404774527283,118.9564660804381,118.9564660804381,0.3185404774527283,0.3185404774527283,118.9564660804381,0.3185404774527283,118.9564660804381,0.3185404774527283,118.9564660804381,0.3185404774527283,118.9564660804381,0.3185404774527283,118.9564660804381,0.3185404774527283,118.9564660804381,0.3185404774527283,118.9564660804381,0.3185404774527283,118.9564660804381,0.3185404774527283,118.9564660804381,0.3185404774527283,118.9564660804381,0.3185404774527283,114.58764831058484,0.3068416993688871,114.58764831058484,0.3068416993688871,114.58764831058484,0.3068416993688871,114.58764831058484,0.3068416993688871,114.58764831058484,0.3068416993688871,118.9564660804381,0.3185404774527283,121.73404599344653,0.325978254152101,123.28632693300472,0.33013493707922564,121.11069428170549,0.3243090489510597,121.11069428170549,0.3243090489510597,121.59112062227015,0.3255955299717791,121.59112062227015,0.3255955299717791,122.8480960047172,0.32896144652649806,122.8480960047172,0.32896144652649806,122.8480960047172,0.32896144652649806,122.24220983705851,0.32733901039093316,122.24220983705851,0.32733901039093316,122.24220983705851,0.32733901039093316,122.24220983705851,0.32733901039093316,119.27915715148191,0.3194045764901906,119.27915715148191,0.3194045764901906,116.8251429774165,0.3128332410055439,121.19810627440306,0.32454311994195606,121.19810627440306,0.32454311994195606,123.44170979370442,0.33055101980483204,123.44170979370442,0.33055101980483204,123.44170979370442,0.33055101980483204,123.44170979370442,0.33055101980483204,123.44170979370442,0.33055101980483204,123.44170979370442,0.33055101980483204,123.44170979370442,0.33055101980483204,123.44170979370442,0.33055101980483204,123.44170979370442,0.33055101980483204,122.72285458666659,0.3286260762652823,122.72285458666659,0.3286260762652823,121.61421994704695,0.3256573851208574,121.61421994704695,0.3256573851208574,121.61421994704695,0.3256573851208574,121.61421994704695,0.3256573851208574,122.10739750999198,0.3269780112418726,122.55591735402376,0.3281790533539365,122.55591735402376,0.3281790533539365,122.09694222662073,0.3269500141849095,122.09694222662073,0.3269500141849095,122.09694222662073,0.3269500141849095,122.33950101786057,0.3275995357764441,121.23526462417433,0.3246426222125556,122.00786150369156,0.326711474684295,121.382067541782,0.3250357296493096,120.44330924812184,0.3225219317455201,120.44330924812184,0.3225219317455201,120.21669168507154,0.3219150974210673,120.29613280177584,0.3221278240771135,120.29613280177584,0.3221278240771135,120.04439086744958,0.32145371195359984,120.04439086744958,0.32145371195359984,120.81851062642156,0.32352664237725404,120.81851062642156,0.32352664237725404,120.81851062642156,0.32352664237725404,120.81851062642156,0.32352664237725404,122.5242081249927,0.3280941426862946,122.40192615139915,0.3277666971969001,122.40192615139915,0.3277666971969001,122.40192615139915,0.3277666971969001,122.05056224510659,0.32682581831777796,122.05056224510659,0.32682581831777796,122.05056224510659,0.32682581831777796,121.59887405936225,0.32561629205083703,121.85370577139425,0.32629867795128803,121.45402757901738,0.32522842354291415,120.56507340876219,0.32284799064038316,120.07817701467916,0.3215441841727604,120.61125508479596,0.3229716554870122,120.33431119463938,0.32223005780926645,121.79293580773776,0.3261359487287771,122.50998971556062,0.32805606876666377,122.2361587681366,0.3273228068969408,121.62599584530977,0.3256889185076389,121.62599584530977,0.3256889185076389,121.62599584530977,0.3256889185076389,122.44022587750796,0.32786925583404686,122.44022587750796,0.32786925583404686,122.44022587750796,0.32786925583404686,122.44022587750796,0.32786925583404686,122.44022587750796,0.32786925583404686,122.44022587750796,0.32786925583404686,122.44022587750796,0.32786925583404686,122.44022587750796,0.32786925583404686,122.44022587750796,0.32786925583404686,122.44022587750796,0.32786925583404686,122.44022587750796,0.32786925583404686,128.2380620137129,0.3433946455154331,124.4788625151652,0.3333282973583037,124.4788625151652,0.3333282973583037,126.4788053626656,0.33868372502450694,126.4788053626656,0.33868372502450694,124.71335297508186,0.33395621365004574,124.71335297508186,0.33395621365004574,128.38191265029673,0.3437798473625383,128.38191265029673,0.3437798473625383,128.38191265029673,0.3437798473625383,128.38191265029673,0.3437798473625383,128.38191265029673,0.3437798473625383,126.59233295634336,0.33898772811980504,126.59233295634336,0.33898772811980504,124.08863475802234,0.3322833492342434,124.08863475802234,0.3322833492342434,124.08863475802234,0.3322833492342434,124.08863475802234,0.3322833492342434,124.08863475802234,0.3322833492342434,125.56995528421066,0.3362500150509085,124.26371262600372,0.33275217106037674,122.79780155072588,0.3288267685227249,122.79780155072588,0.3288267685227249,122.79780155072588,0.3288267685227249,122.79780155072588,0.3288267685227249,122.79780155072588,0.3288267685227249,126.9137873522357,0.33984851560047535,112.5755501664671,0.3014537223666482,124.99210374633284,0.33470264977655745,122.34880750393779,0.3276244565950942
Margarin,74.0,0.0027768710643521,0.39462446361373527,100.0,0.27768710643521,100.0,0.27768710643521,100.0,0.27768710643521,100.0,0.27768710643521,100.0,0.27768710643521,100.0,0.27768710643521,100.0,0.27768710643521,100.0,0.27768710643521,100.0,0.27768710643521,100.0,0.27768710643521,100.0,0.27768710643521,100.0,0.27768710643521,100.0,0.27768710643521,100.0,0.27768710643521,100.0,0.27768710643521,100.0,0.27768710643521,100.0,0.27768710643521,100.0,0.27768710643521,100.44870940512682,0.2789331145986093,100.44870940512682,0.2789331145986093,100.44870940512682,0.2789331145986093,100.97787921717433,0.2804025509378127,100.97787921717433,0.2804025509378127,106.52220992721149,0.2957984424577136,106.52220992721149,0.2957984424577136,108.60324990780295,0.30157722216357785,109.01076679301043,0.3027088440103454,109.01076679301043,0.3027088440103454,109.73171468871897,0.304710823360844,109.85588374321102,0.3050556248153509,109.73171468871908,0.3047108233608443,109.73171468871908,0.3047108233608443,110.2752627289581,0.3062201861858693,110.2752627289581,0.3062201861858693,110.2752627289581,0.3062201861858693,111.89567188139024,0.3107198534736694,112.03142742442189,0.31109682911293945,111.91114909748376,0.31076283170719626,111.90913819254173,0.3107572476834496,111.88555329688896,0.3106917554691556,111.88555329688896,0.3106917554691556,112.05973942034026,0.3111754478751792,112.24556954216874,0.31169147416336973,112.24556954216874,0.31169147416336973,112.24556954216874,0.31169147416336973,112.24556954216874,0.31169147416336973,112.24556954216874,0.31169147416336973,112.10537678220831,0.31130217694480394,112.10537678220831,0.31130217694480394,112.49825694586815,0.3123931545030289,112.49825694586815,0.3123931545030289,112.49825694586815,0.3123931545030289,112.49825694586815,0.3123931545030289,112.49825694586815,0.3123931545030289,112.49825694586815,0.3123931545030289,112.49825694586815,0.3123931545030289,112.49825694586835,0.31239315450302946,112.49825692039795,0.3123931544323014,112.49825978898895,0.31239316239800874,0.31239316239800874,112.49825978898895,112.49806581436535,0.31239262375548926,112.58945514724923,0.31264640014956496,112.1053629506233,0.3113021385362758,112.1053629506233,0.3113021385362758,111.57635153818954,0.30983314205237644,111.57635153818954,0.30983314205237644,111.57635153818954,0.30983314205237644,111.57635153818954,0.30983314205237644,113.09764039108296,0.3140575650484976,112.56394654351413,0.312575566045961,111.04983646551241,0.3083710775821141,111.04983646551241,0.3083710775821141,111.04983646551241,0.3083710775821141,112.56394654351394,0.31257556604596043,112.56394654351394,0.31257556604596043,112.56394654351394,0.31257556604596043,112.56394654351394,0.31257556604596043,112.56394654351394,0.31257556604596043,112.56394654351394,0.31257556604596043,112.56394654351394,0.31257556604596043,112.56394654351394,0.31257556604596043,112.56394654351394,0.31257556604596043,112.56394654351394,0.31257556604596043,112.56394654351394,0.31257556604596043,112.56394654351394,0.31257556604596043,111.94306112290452,0.31085144728719205,111.94306112290452,0.31085144728719205,111.94306112290452,0.31085144728719205,111.94306112290452,0.31085144728719205,111.94306112290452,0.31085144728719205,111.94306112290452,0.31085144728719205,111.94306112290452,0.31085144728719205,111.94306112290452,0.31085144728719205,111.94306112290452,0.31085144728719205,111.94306112290452,0.31085144728719205,111.30962154411472,0.30909246724983525,111.30962154411472,0.30909246724983525,111.30962154411472,0.30909246724983525,111.30962154411472,0.30909246724983525,111.30962154411472,0.30909246724983525,111.30962154411472,0.30909246724983525,111.30962154411472,0.30909246724983525,111.30962154411472,0.30909246724983525,111.30962154411472,0.30909246724983525,111.30962154411472,0.30909246724983525,111.30962154411472,0.30909246724983525,111.30962154411472,0.30909246724983525,111.30962154411472,0.30909246724983525,111.30962154411472,0.30909246724983525,111.31416532440612,0.3091050847418492,111.09346591156013,0.30849223092839767,111.09346591156013,0.30849223092839767,111.09346591156013,0.30849223092839767,112.03778923704976,0.3111144950463426,111.32895866048665,0.3091461639287565,111.32895866048665,0.3091461639287565,111.32895866048665,0.3091461639287565,111.32895866048665,0.3091461639287565,111.32895866048665,0.3091461639287565,111.93295649076573,0.31082338802658993,111.93295649076573,0.31082338802658993,111.93295649076573,0.31082338802658993,111.93295649076573,0.31082338802658993,111.93295649076573,0.31082338802658993,111.93295649076573,0.31082338802658993,111.67848854474221,0.31011676335047206,111.67848854474221,0.31011676335047206,111.67848854474221,0.31011676335047206,111.67848854474221,0.31011676335047206,111.67848854474221,0.31011676335047206,111.67848854474221,0.31011676335047206,112.23679528086905,0.31166710917105556,111.36290375717846,0.3092404250855366,111.36290375717846,0.3092404250855366,111.36290375717846,0.3092404250855366,111.36290375717846,0.3092404250855366,111.36290375717846,0.3092404250855366,111.36290375717846,0.3092404250855366,111.36290375717846,0.3092404250855366,111.36290375717846,0.3092404250855366,111.36290375717846,0.3092404250855366,111.36290375717846,0.3092404250855366,110.84989646921024,0.3078158699917759,110.84989646921024,0.3078158699917759,110.84989646921024,0.3078158699917759,110.84989646921024,0.3078158699917759,110.84989646921024,0.3078158699917759,110.84989646921024,0.3078158699917759,110.84989646921024,0.3078158699917759,110.84989646921024,0.3078158699917759,110.84989646921024,110.84989646921024,0.3078158699917759,0.3078158699917759,110.84989646921024,0.3078158699917759,110.84989646921024,0.3078158699917759,110.84989646921024,0.3078158699917759,110.84989646921024,0.3078158699917759,113.23721067145405,0.31444513372150357,113.23721067145405,0.31444513372150357,113.23721067145405,0.31444513372150357,113.23721067145405,0.31444513372150357,113.23721067145405,0.31444513372150357,113.23721067145405,0.31444513372150357,116.10115973282578,0.32239795099980506,116.10115973282578,0.32239795099980506,116.10115973282578,0.32239795099980506,114.54413331828877,0.3180742894028454,116.10115973282574,0.32239795099980495,116.10115973282574,0.32239795099980495,116.10115973282574,0.32239795099980495,116.10115973282574,0.32239795099980495,116.10115973282574,0.32239795099980495,116.10115973282574,0.32239795099980495,116.10115973282574,0.32239795099980495,115.17957880063894,0.3198388395757568,115.17957880063894,0.3198388395757568,115.17957880063894,0.3198388395757568,115.17957880063894,0.3198388395757568,115.17957880063894,0.3198388395757568,115.17957880063894,0.3198388395757568,115.77785157291511,0.3215001659256802,115.77785157291511,0.3215001659256802,117.45489058878971,0.3261570870426519,117.62564881612157,0.3266312606231298,120.69869183150135,0.33516470485204725,119.95704048821463,0.3331052346970365,119.95704048821463,0.3331052346970365,119.95704048821463,0.3331052346970365,120.53022541060139,0.33469689532253516,121.09550060452882,0.3362665916519483,123.3204961580706,0.3424451174228905,119.2503050090234,0.33114272139471934,118.86635990854649,0.33007655535490527,118.86635990854649,0.33007655535490527,119.64142719913336,0.3322288172870617,119.40129096311362,0.33156198992175606,120.3655962794614,0.33423974145192314,122.10677634833466,0.3390747740030039,123.05163577722875,0.3416985268109801,122.22165780944134,0.3393937850081815,122.22165780944134,0.3393937850081815,122.4989527160612,0.3401637972106664,122.14931831662676,0.3391929075637748,119.74743932810266,0.3325231993004669,116.76735866288696,0.3242478995317943,115.92966695704744,0.3219217376730008,115.92966695704744,0.3219217376730008,115.92966695704744,0.3219217376730008,115.92966695704744,0.3219217376730008,119.08182933826102,0.33067488617953195,119.08182933826102,0.33067488617953195,119.93239907902964,0.3330368086808858,119.45017901529025,0.3316977457392379,119.45017901529025,0.3316977457392379,121.06160967988752,0.33617248092396773,118.50478401589149,0.3290725057210243,118.50478401589149,0.3290725057210243,118.11655332223592,0.3279944391415188,118.11655332223592,0.3279944391415188,120.64211902557886,0.3350076094642519,121.3790151178058,0.337053874900191,121.17198064403784,0.3364789668606614,120.821925795635,0.3355069096811954,120.821925795635,0.3355069096811954,120.64374099846049,0.33501211347381404,121.53966680059185,0.33749998390955904,120.68698516909961,0.3351321969599637,119.95454373458227,0.33309830153411996,120.07931190242051,0.33344476664914224,119.57543726347453,0.33204557174419225,121.1289333325543,0.3363594300270046,120.43007214094037,0.33441878260601327,120.750765538514,0.33530930682226423,120.80131610775813,0.3354496792352848,122.11128319002478,0.33908728892128476,122.66723607487002,0.3406310984003546,122.66723607487002,0.3406310984003546,120.83910590340336,0.3355546166253398,120.77514493755166,0.3353770052700182,123.15177277292617,0.34197659433680344,122.2337910981681,0.3394274775865623,122.2337910981681,0.3394274775865623,121.21763294013496,0.3366057374007147,121.21763294013496,0.3366057374007147,125.81490124564733,0.349371758733355,126.52959656017309,0.35135637547208964,127.56201073111133,0.3542232565097951,128.08319459009593,0.3556705168870168,128.08319459009593,0.3556705168870168,128.08319459009593,0.3556705168870168,128.08319459009593,0.3556705168870168,128.2690237383876,0.35618654047182113,126.94200543006195,0.3525015817295662,126.1920760878305,0.350419124638815,125.95363051391348,0.34975699202418203,125.95363051391348,0.34975699202418203,125.95363051391348,0.34975699202418203,125.95363051391348,0.34975699202418203,125.20681934748656,0.3476831937055961,124.95507875870948,0.34698414254889803,122.84136588189772,0.34111463442293105,123.02405998165338,0.3416219523821704,123.04350595984957,0.34167595135634143,123.00465241987952,0.34156806008545093,123.00465241987952,0.34156806008545093,123.24127101416009,0.34222511941319633,123.21176274377889,0.3421431787510157,122.71579125451193,0.3407659298737266,126.9210480990959,0.35244338592362046,126.9210480990959,0.35244338592362046,126.9210480990959,0.35244338592362046,126.9210480990959,0.35244338592362046,124.37373982063613,0.345369839273181,125.6776693921344,0.34899068357022756,125.98347516619216,0.34983986677552037,128.33391606479594,0.35636673809532293,128.62742720270407,0.35718178068124506,128.62742720270407,0.35718178068124506,128.62742720270407,0.35718178068124506,128.84434384407436,0.35778413022604266,128.95489382025232,0.3580911132560561,129.3265327024014,0.35912310651428403,129.3265327024014,0.35912310651428403,129.83688683838866,0.36054029414707944
Maydanoz,75.0,0.0027472193965414,0.0,100.0,0.27472193965414,100.0,0.27472193965414,100.0,0.27472193965414,100.0,0.27472193965414,100.0,0.27472193965414,100.0,0.27472193965414,100.0,0.27472193965414,100.0,0.27472193965414,100.0,0.27472193965414,100.0,0.27472193965414,100.0,0.27472193965414,100.0,0.27472193965414,89.11509543088492,0.24481871869236493,89.11509543088492,0.24481871869236493,89.11509543088492,0.24481871869236493,89.11509543088492,0.24481871869236493,89.11509543088492,0.24481871869236493,89.11509543088492,0.24481871869236493,89.11509543088492,0.24481871869236493,89.11509543088492,0.24481871869236493,89.11509543088492,0.24481871869236493,89.11509543088492,0.24481871869236493,89.11509543088492,0.24481871869236493,89.11509543088492,0.24481871869236493,89.11509543088492,0.24481871869236493,89.11509543088492,0.24481871869236493,89.11509543088492,0.24481871869236493,89.11509543088492,0.24481871869236493,89.11509543088492,0.24481871869236493,89.09079662096005,0.24475196453042647,96.62296061370674,0.2654444715492309,96.62296061370674,0.2654444715492309,96.62296061370674,0.2654444715492309,96.62296061370674,0.2654444715492309,95.81575125185454,0.2632268903332807,95.81575125185454,0.2632268903332807,95.81575125185454,0.2632268903332807,95.81575125185454,0.2632268903332807,95.81575125185454,0.2632268903332807,95.81575125185454,0.2632268903332807,90.02739609910752,0.24732500878358374,90.02739609910752,0.24732500878358374,90.02739609910752,0.24732500878358374,90.02739609910752,0.24732500878358374,90.02739609910752,0.24732500878358374,90.02739609910752,0.24732500878358374,90.02739609910752,0.24732500878358374,90.02739609910752,0.24732500878358374,90.02739609910752,0.24732500878358374,90.02739609910752,0.24732500878358374,90.02739609910752,0.24732500878358374,90.02739609910752,0.24732500878358374,90.02739609910752,0.24732500878358374,90.02739609910752,0.24732500878358374,100.72923988796887,0.27672532161909974,100.72923988796887,0.27672532161909974,100.72923988796887,0.27672532161909974,100.72923988796887,0.27672532161909974,100.72923988796887,0.27672532161909974,0.27672532161909974,100.72923988796887,116.8752034296165,0.3210818258365644,114.09246049081614,0.31343702045950345,114.09246049081614,0.31343702045950345,115.09591221017239,0.31619372248641175,115.09591221017239,0.31619372248641175,115.09591221017239,0.31619372248641175,115.09591221017239,0.31619372248641175,115.09591221017239,0.31619372248641175,115.09591221017239,0.31619372248641175,114.36548903594182,0.3141870897744822,114.36548903594182,0.3141870897744822,114.36548903594182,0.3141870897744822,114.36548903594182,0.3141870897744822,111.42550217126468,0.3061103008342642,111.42550217126468,0.3061103008342642,87.90560725384731,0.2414959893125197,87.90560725384731,0.2414959893125197,87.90560725384731,0.2414959893125197,87.90560725384731,0.2414959893125197,87.90560725384731,0.2414959893125197,87.90560725384731,0.2414959893125197,87.90560725384731,0.2414959893125197,87.90560725384731,0.2414959893125197,87.90560725384731,0.2414959893125197,87.90560725384731,0.2414959893125197,87.90560725384731,0.2414959893125197,87.90560725384731,0.2414959893125197,87.90560725384731,0.2414959893125197,87.90560725384731,0.2414959893125197,87.90560725384731,0.2414959893125197,87.90560725384731,0.2414959893125197,87.90560725384731,0.2414959893125197,82.7223435665358,0.22725642677334884,82.7223435665358,0.22725642677334884,82.7223435665358,0.22725642677334884,82.7223435665358,0.22725642677334884,82.7223435665358,0.22725642677334884,82.7223435665358,0.22725642677334884,82.7223435665358,0.22725642677334884,82.7223435665358,0.22725642677334884,82.7223435665358,0.22725642677334884,82.7223435665358,0.22725642677334884,82.7223435665358,0.22725642677334884,82.7223435665358,0.22725642677334884,82.7223435665358,0.22725642677334884,82.7223435665358,0.22725642677334884,82.7223435665358,0.22725642677334884,82.7223435665358,0.22725642677334884,82.7223435665358,0.22725642677334884,82.7223435665358,0.22725642677334884,82.7223435665358,0.22725642677334884,82.7223435665358,0.22725642677334884,82.7223435665358,0.22725642677334884,82.7223435665358,0.22725642677334884,84.94473488623375,0.23336182331352828,84.94473488623375,0.23336182331352828,84.94473488623375,0.23336182331352828,84.94473488623375,0.23336182331352828,84.94473488623375,0.23336182331352828,84.94473488623375,0.23336182331352828,84.94473488623375,0.23336182331352828,84.94473488623375,0.23336182331352828,84.94473488623375,0.23336182331352828,84.94473488623375,0.23336182331352828,84.94473488623375,0.23336182331352828,84.94473488623375,0.23336182331352828,84.94473488623375,0.23336182331352828,84.94473488623375,0.23336182331352828,84.94473488623375,0.23336182331352828,84.94473488623375,0.23336182331352828,84.94473488623375,0.23336182331352828,84.94473488623375,0.23336182331352828,84.94473488623375,0.23336182331352828,84.94473488623375,0.23336182331352828,84.94473488623375,0.23336182331352828,84.94473488623375,0.23336182331352828,84.94473488623375,0.23336182331352828,84.94473488623375,0.23336182331352828,84.94473488623375,0.23336182331352828,84.94473488623375,0.23336182331352828,84.94473488623375,0.23336182331352828,84.94473488623375,0.23336182331352828,84.94473488623375,0.23336182331352828,84.94473488623375,0.23336182331352828,84.94473488623375,0.23336182331352828,84.94473488623375,0.23336182331352828,84.94473488623375,0.23336182331352828,84.94473488623375,0.23336182331352828,84.94473488623375,0.23336182331352828,84.94473488623375,0.23336182331352828,84.94473488623375,84.94473488623375,0.23336182331352828,0.23336182331352828,84.94473488623375,0.23336182331352828,84.94473488623375,0.23336182331352828,84.94473488623375,0.23336182331352828,84.94473488623375,0.23336182331352828,84.94473488623375,0.23336182331352828,84.94473488623375,0.23336182331352828,84.94473488623375,0.23336182331352828,84.94473488623375,0.23336182331352828,87.65336489148729,0.24080302420201483,87.65336489148729,0.24080302420201483,87.65336489148729,0.24080302420201483,87.65336489148729,0.24080302420201483,87.65336489148729,0.24080302420201483,87.65336489148729,0.24080302420201483,87.65336489148729,0.24080302420201483,87.65336489148729,0.24080302420201483,87.65336489148729,0.24080302420201483,82.31980590619982,0.22615056750503543,82.31980590619982,0.22615056750503543,87.6533648914873,0.24080302420201488,87.6533648914873,0.24080302420201488,87.6533648914873,0.24080302420201488,87.6533648914873,0.24080302420201488,87.6533648914873,0.24080302420201488,87.6533648914873,0.24080302420201488,87.6533648914873,0.24080302420201488,87.6533648914873,0.24080302420201488,87.6533648914873,0.24080302420201488,87.6533648914873,0.24080302420201488,87.6533648914873,0.24080302420201488,87.6533648914873,0.24080302420201488,87.6533648914873,0.24080302420201488,87.6533648914873,0.24080302420201488,87.6533648914873,0.24080302420201488,87.6533648914873,0.24080302420201488,87.6533648914873,0.24080302420201488,87.6533648914873,0.24080302420201488,87.6533648914873,0.24080302420201488,87.6533648914873,0.24080302420201488,87.6533648914873,0.24080302420201488,87.6533648914873,0.24080302420201488,87.6533648914873,0.24080302420201488,87.6533648914873,0.24080302420201488,87.6533648914873,0.24080302420201488,87.6533648914873,0.24080302420201488,87.6533648914873,0.24080302420201488,87.6533648914873,0.24080302420201488,87.6533648914873,0.24080302420201488,87.6533648914873,0.24080302420201488,87.6533648914873,0.24080302420201488,87.6533648914873,0.24080302420201488,88.85654545415835,0.2441084251813264,88.85654545415835,0.2441084251813264,91.11936484214289,0.25032488649486745,91.67315215980189,0.2518462617554989,91.67315215980189,0.2518462617554989,90.01179676550576,0.2472821539917399,91.61992469303016,0.25170003422635484,91.61992469303016,0.25170003422635484,91.61992469303016,0.25170003422635484,91.61992469303016,0.25170003422635484,90.01179676550571,0.24728215399173972,91.61992469303011,0.2517000342263547,91.61992469303011,0.2517000342263547,92.36616493872903,0.25375011990381857,92.36616493872903,0.25375011990381857,92.36616493872903,0.25375011990381857,92.36616493872903,0.25375011990381857,92.36616493872903,0.25375011990381857,92.36616493872903,0.25375011990381857,94.514448755774,0.2596519268752805,95.70710228678551,0.26292840778902893,95.70710228678551,0.26292840778902893,90.7419061266676,0.24928792459032012,91.21737366544157,0.2505941382352658,91.21737366544157,0.2505941382352658,88.978176132775,0.24444257134083655,94.7192110803614,0.2602144539050679,94.7192110803614,0.2602144539050679,94.7192110803614,0.2602144539050679,94.7192110803614,0.2602144539050679,94.3714789407208,0.25925915742624644,94.3714789407208,0.25925915742624644,94.3714789407208,0.25925915742624644,90.8337101438844,0.24954013036709854,94.54098004297704,0.2597248141420999,94.54098004297704,0.2597248141420999,94.54098004297704,0.2597248141420999,94.54098004297704,0.2597248141420999,94.54098004297704,0.2597248141420999,94.54098004297704,0.2597248141420999,85.6147429278251,0.23520248240122676,94.54098004297705,0.25972481414209997,94.54098004297705,0.25972481414209997,94.54098004297705,0.25972481414209997,94.54098004297705,0.25972481414209997,94.54098004297705,0.25972481414209997,94.54098004297705,0.25972481414209997,94.54098004297705,0.25972481414209997,94.54098004297705,0.25972481414209997,94.54098004297705,0.25972481414209997,94.54098004297705,0.25972481414209997,91.0895237013075,0.2502429063339495,91.0895237013075,0.2502429063339495,94.54098004297707,0.25972481414209997,85.68665802151905,0.23540004894152688,94.54098004297708,0.2597248141421,94.54098004297708,0.2597248141421,91.01048000028301,0.2500257559453206,91.01048000028301,0.2500257559453206,91.01048000028301,0.2500257559453206,92.62109190600893,0.2544504602130314,92.62109190600893,0.2544504602130314,92.62109190600893,0.2544504602130314,94.86480840870833,0.2606144417095872,94.86480840870833,0.2606144417095872,94.86480840870833,0.2606144417095872,94.86480840870833,0.2606144417095872,94.86480840870833,0.2606144417095872,94.86480840870833,0.2606144417095872,94.86480840870833,0.2606144417095872,94.86480840870833,0.2606144417095872,94.86480840870833,0.2606144417095872,94.86480840870833,0.2606144417095872,94.86480840870833,0.2606144417095872,94.86480840870833,0.2606144417095872,95.84834186955928,0.26331642391038446,95.84834186955928,0.26331642391038446,90.48586149949726,0.24858451382417757,95.84834186955928,0.26331642391038446,95.84834186955928,0.26331642391038446
Mayonez,76.0,0.0007550145477426,0.03411701198732242,100.0,0.07550145477426,100.0,0.07550145477426,100.0,0.07550145477426,100.0,0.07550145477426,100.0,0.07550145477426,100.0,0.07550145477426,100.0,0.07550145477426,100.0,0.07550145477426,100.10895153135056,0.07558371476542851,100.10895153135056,0.07558371476542851,100.41688396733144,0.0758162082343159,100.41688396733144,0.0758162082343159,100.41688396733144,0.0758162082343159,100.41688396733144,0.0758162082343159,100.41688396733144,0.0758162082343159,100.41688396733144,0.0758162082343159,100.41688396733144,0.0758162082343159,100.41688396733144,0.0758162082343159,100.41688396733144,0.0758162082343159,100.85740931431693,0.07614881127993929,100.85740931431693,0.07614881127993929,100.0586331713049,0.07554572367157548,99.4061493984465,0.07505308893090142,99.4061493984465,0.07505308893090142,99.4061493984465,0.07505308893090142,99.4061493984465,0.07505308893090142,99.4061493984465,0.07505308893090142,99.4061493984465,0.07505308893090142,99.4061493984465,0.07505308893090142,99.46421139412544,0.07509692658230999,99.4061493984465,0.07505308893090142,99.4061493984465,0.07505308893090142,99.4061493984465,0.07505308893090142,99.4061493984465,0.07505308893090142,99.4061493984465,0.07505308893090142,99.4061493984465,0.07505308893090142,98.31698395855113,0.07423075317888195,98.31698395855113,0.07423075317888195,98.31698395855113,0.07423075317888195,98.31698395855113,0.07423075317888195,98.31698395855113,0.07423075317888195,98.31698395855113,0.07423075317888195,98.36185433794054,0.07426463096808368,98.31788652749648,0.07423143463156602,98.31788652749648,0.07423143463156602,98.31788652749648,0.07423143463156602,98.31788652750456,0.07423143463157211,98.62344058561138,0.07446213239056455,98.64958714699068,0.07448187342477938,99.38607341704704,0.07503793127288462,99.38607341704704,0.07503793127288462,99.38607341704704,0.07503793127288462,99.38607341815148,0.07503793127371848,99.38603409387356,0.07503790158331657,99.40812233036614,0.07505457852320245,99.40812233036614,0.07505457852320245,99.4081223303657,0.07505457852320212,99.40812232610024,0.07505457851998164,99.4081213247752,0.07505457776396665,0.07505457776396665,99.4081213247752,99.40807951877171,0.07505454619982585,99.40807951877171,0.07505454619982585,99.40807951877171,0.07505454619982585,99.40807951877171,0.07505454619982585,99.62349536986407,0.07521718830121493,99.62349536986407,0.07521718830121493,99.62349536986407,0.07521718830121493,99.62349536986407,0.07521718830121493,99.62349536986407,0.07521718830121493,99.71588684302458,0.07528694520753848,99.71588684302458,0.07528694520753848,99.71588684302458,0.07528694520753848,99.71588684302458,0.07528694520753848,99.60529072943997,0.07520344353285831,99.60529072943997,0.07520344353285831,99.60529072943997,0.07520344353285831,99.60529072943997,0.07520344353285831,99.60529072943997,0.07520344353285831,99.60529072943997,0.07520344353285831,99.60529072943997,0.07520344353285831,99.60529072943997,0.07520344353285831,99.60529072943997,0.07520344353285831,99.60529072943997,0.07520344353285831,99.60529072943997,0.07520344353285831,99.60529072943997,0.07520344353285831,101.20534758661593,0.07641150973724146,101.20534758661593,0.07641150973724146,101.20534758661593,0.07641150973724146,101.20534758661593,0.07641150973724146,101.20534758661593,0.07641150973724146,101.20534758661593,0.07641150973724146,101.20534758661593,0.07641150973724146,101.20534758661593,0.07641150973724146,101.20534758661593,0.07641150973724146,101.20534758661593,0.07641150973724146,101.20534758661593,0.07641150973724146,101.20534758661593,0.07641150973724146,101.29663098496162,0.07648043003095985,102.4610642696482,0.0773595941007739,103.34029327852198,0.07802342479327093,103.34029327852198,0.07802342479327093,103.34029327852198,0.07802342479327093,103.34029327852198,0.07802342479327093,103.34029327852198,0.07802342479327093,103.71978668445885,0.07830994783552565,103.71978668445885,0.07830994783552565,104.0965239676797,0.07859438996503441,104.0965239676797,0.07859438996503441,104.0965239676797,0.07859438996503441,104.24454458100672,0.0787061476814621,104.27581627456584,0.07872975826503177,104.5429461637405,0.07893144521749551,104.70568312649094,0.07905431399182754,105.31765289582829,0.07951636007045593,105.31765289582829,0.07951636007045593,105.31765289582829,0.07951636007045593,105.31765289582829,0.07951636007045593,105.31765289582829,0.07951636007045593,105.31765289582829,0.07951636007045593,105.31765289582829,0.07951636007045593,105.37823067703076,0.07956209717653376,105.37823067703076,0.07956209717653376,105.37823067703076,0.07956209717653376,105.37823067703076,0.07956209717653376,105.43183502998829,0.07960256924283902,105.43183502998829,0.07960256924283902,105.43183502998829,0.07960256924283902,105.43183502998829,0.07960256924283902,105.43183502998829,0.07960256924283902,105.43183502998829,0.07960256924283902,105.43183502998829,0.07960256924283902,105.43183502998829,0.07960256924283902,105.43183502998829,0.07960256924283902,105.43183502998829,0.07960256924283902,105.43183502998829,0.07960256924283902,105.43183502998829,0.07960256924283902,105.43183502998829,0.07960256924283902,105.43183502998829,0.07960256924283902,105.43183502998829,0.07960256924283902,105.43183502998829,0.07960256924283902,105.43183502998829,0.07960256924283902,105.43183502998829,0.07960256924283902,105.63936916618289,0.07975926053481913,105.63936916618289,0.07975926053481913,105.63936916618289,0.07975926053481913,107.72286489625631,0.08133233012118415,107.72286489625631,0.08133233012118415,107.72286489625631,0.08133233012118415,108.18072324031695,0.08167801983175528,108.18072324031695,0.08167801983175528,108.18072324031695,108.18072324031695,0.08167801983175528,0.08167801983175528,108.18072324031695,0.08167801983175528,109.49448589868149,0.0826699297511015,109.49448589868149,0.0826699297511015,109.49448589868149,0.0826699297511015,109.49448589868149,0.0826699297511015,109.49448589868149,0.0826699297511015,109.49448589868149,0.0826699297511015,109.49448589868149,0.0826699297511015,109.49448589868149,0.0826699297511015,110.22279176144461,0.08321981127269389,110.22279176144461,0.08321981127269389,110.22279176144461,0.08321981127269389,110.22279176144461,0.08321981127269389,110.62562971961738,0.08352395979149725,110.62562971961738,0.08352395979149725,110.62562971961738,0.08352395979149725,110.62562971961738,0.08352395979149725,110.62562971961738,0.08352395979149725,110.73080719790005,0.08360337031769555,110.73080719790005,0.08360337031769555,110.73080719790005,0.08360337031769555,110.73080719790005,0.08360337031769555,110.73080719790005,0.08360337031769555,111.0250503524724,0.08382552817997134,111.0250503524724,0.08382552817997134,111.0250503524724,0.08382552817997134,111.0250503524724,0.08382552817997134,110.15153961386153,0.08316601486471076,110.46629646906585,0.08340366086939173,110.46629646906585,0.08340366086939173,110.15736028621697,0.08317040955701675,110.15736028621697,0.08317040955701675,110.93249053485286,0.08375564417113218,112.44686786775992,0.08489902108824866,112.44686786775992,0.08489902108824866,113.44249942866462,0.08565073740092338,113.94388433063646,0.08602929029593062,114.02766709226793,0.08609254749981243,114.3061535908651,0.08630280885760318,112.89857624824388,0.0852400674868513,112.49979012763629,0.08493897816435472,112.49979012763629,0.08493897816435472,112.49104593615806,0.08493237617258043,112.09711871217993,0.08463495538772507,113.44585511850845,0.08565327099557318,113.59253587430504,0.08576401710007349,113.99519552957977,0.08606803099759493,114.12195881199727,0.08616373911993974,113.22300099562366,0.08548501289077075,113.29420046574378,0.08553876952650301,112.09899272542512,0.08463637029498786,112.98619485940596,0.08530622081293167,113.4387191953512,0.08564788326977789,112.74609886710041,0.08512494484588629,112.74609886710041,0.08512494484588629,112.82482705188572,0.08518438577071656,113.41034753736947,0.0856264622552581,112.42220416864448,0.08488039963661535,114.5311535385182,0.0864726870913226,114.69624014089754,0.08659732987775641,114.69624014089754,0.08659732987775641,113.64590164905638,0.08580430903636231,112.99650379348942,0.08531400420813641,112.99650379348942,0.08531400420813641,112.82505105902601,0.08518455489936627,112.5788104380837,0.08499863964830967,112.5788104380837,0.08499863964830967,112.82366883304688,0.08518351129864377,112.68484853778797,0.08507869995620136,112.68484853778797,0.08507869995620136,112.48214420583069,0.08492565523668318,112.57174240279046,0.08499330317883931,113.56151754665184,0.08574059781144867,113.4477877427774,0.08565473015501156,114.25571108752723,0.08626472403375854,112.09985974319288,0.08463702490601567,112.19279120469687,0.08470718951139417,112.18056948992712,0.08469796193894465,111.86851499841354,0.08446235625816347,110.15616836564564,0.08316950963964564,111.7706992095155,0.08438850391454653,111.92352202039253,0.0845038873599856,111.92352202039253,0.0845038873599856,110.83632232642609,0.08368303577473964,111.23843982319497,0.08398664033470198,111.77880461896407,0.08439462361659561,112.2866262143398,0.08477803630876214,112.05276776040462,0.08460146977392849,112.17715159451198,0.08469538137818354,112.37086457063103,0.08484163749323995,111.49266646804199,0.08417858514998526,112.56914857424023,0.08499134480054954,112.74647261758899,0.08512522703294238,112.84262839355932,0.08519782604264947,113.0249719668366,0.08533549809316118,113.29336584165128,0.08553813937317127,113.29336584165128,0.08553813937317127,113.29336584165128,0.08553813937317127,113.33605978975116,0.08557037392508725,112.92731643707967,0.08526176674752718,115.61367432262868,0.08729000603155974,115.31961803117264,0.08706798925365519,114.59025949048782,0.08651731294491784,114.59025949048782,0.08651731294491784,116.31722673861806,0.08782119834073118,117.072215191625,0.0883912256061291,117.91361719961937,0.08902649636266467,119.43513337335212,0.09017526320845856,120.86592085042231,0.09125552856837449,120.8037020253939,0.09120855245033459,120.8037020253939,0.09120855245033459,120.8037020253939,0.09120855245033459,121.54023127526112,0.09176464274882229,121.93810186979721,0.09206504083581603,122.76267204660351,0.09268760331493947,122.76267204660351,0.09268760331493947,122.85572062130106,0.09275785634248283,122.85572062130106,0.09275785634248283,122.85572062130106,0.09275785634248283,123.8794481681415,0.09353078553327221,124.1188476926585,0.09371153565700521,125.3406981274504,0.09463405051043872,124.05819500315796,0.09366574199407258,124.43014100024858,0.09394656663285063,124.43014100024858,0.09394656663285063,124.8782762500745,0.09428491526582547,124.71290247580436,0.0941600556604364,124.8008283148782,0.09422644094805964,121.74237967601664,0.0919172677321956,121.74237967601664,0.0919172677321956,121.78391453828436,0.09194862715744621
Mercimek,77.0,0.0043231748331472,0.3177926197087677,100.0,0.43231748331472,99.818416226326,0.4315324649142646,99.818416226326,0.4315324649142646,99.818416226326,0.4315324649142646,99.818416226326,0.4315324649142646,99.818416226326,0.4315324649142646,99.818416226326,0.4315324649142646,99.818416226326,0.4315324649142646,99.818416226326,0.4315324649142646,99.818416226326,0.4315324649142646,99.818416226326,0.4315324649142646,99.818416226326,0.4315324649142646,99.818416226326,0.4315324649142646,99.818416226326,0.4315324649142646,99.818416226326,0.4315324649142646,99.818416226326,0.4315324649142646,99.818416226326,0.4315324649142646,99.818416226326,0.4315324649142646,99.818416226326,0.4315324649142646,99.818416226326,0.4315324649142646,99.818416226326,0.4315324649142646,99.818416226326,0.4315324649142646,99.818416226326,0.4315324649142646,99.818416226326,0.4315324649142646,99.818416226326,0.4315324649142646,99.818416226326,0.4315324649142646,99.818416226326,0.4315324649142646,99.818416226326,0.4315324649142646,99.818416226326,0.4315324649142646,99.89016115382914,0.43184263077925217,99.818416226326,0.4315324649142646,99.818416226326,0.4315324649142646,99.818416226326,0.4315324649142646,99.818416226326,0.4315324649142646,99.818416226326,0.4315324649142646,99.818416226326,0.4315324649142646,99.818416226326,0.4315324649142646,99.818416226326,0.4315324649142646,99.818416226326,0.4315324649142646,99.818416226326,0.4315324649142646,99.818416226326,0.4315324649142646,99.818416226326,0.4315324649142646,99.818416226326,0.4315324649142646,99.818416226326,0.4315324649142646,99.818416226326,0.4315324649142646,99.818416226326,0.4315324649142646,99.818416226326,0.4315324649142646,99.818416226326,0.4315324649142646,99.818416226326,0.4315324649142646,99.818416226326,0.4315324649142646,99.818416226326,0.4315324649142646,99.818416226326,0.4315324649142646,99.818416226326,0.4315324649142646,99.818416226326,0.4315324649142646,99.818416226326,0.4315324649142646,99.818416226326,0.4315324649142646,99.818416226326,0.4315324649142646,99.818416226326,0.4315324649142646,99.818416226326,0.4315324649142646,0.4315324649142646,99.818416226326,99.818416226326,0.4315324649142646,99.818416226326,0.4315324649142646,99.818416226326,0.4315324649142646,103.57553611102497,0.4477751510449121,103.57553611102497,0.4477751510449121,104.13418050522807,0.4501902684306097,104.44294579166944,0.4515251147463026,104.44294579166944,0.4515251147463026,104.44294579166944,0.4515251147463026,104.44294579166944,0.4515251147463026,104.44294579166944,0.4515251147463026,104.44294579166944,0.4515251147463026,104.44294579166944,0.4515251147463026,104.44294579166944,0.4515251147463026,104.44294579166944,0.4515251147463026,104.44294579166944,0.4515251147463026,104.44294579166944,0.4515251147463026,104.44294579166944,0.4515251147463026,104.44294579166944,0.4515251147463026,104.44294579166944,0.4515251147463026,104.44294579166944,0.4515251147463026,104.44294579166944,0.4515251147463026,104.44294579166944,0.4515251147463026,104.44294579166944,0.4515251147463026,104.44294579166944,0.4515251147463026,104.44294579166944,0.4515251147463026,104.44294579166944,0.4515251147463026,104.44294579166944,0.4515251147463026,104.44294579166944,0.4515251147463026,104.44294579166944,0.4515251147463026,104.44294579166944,0.4515251147463026,104.44294579166944,0.4515251147463026,104.44294579166944,0.4515251147463026,104.44294579166944,0.4515251147463026,104.44294579166944,0.4515251147463026,104.44294579166944,0.4515251147463026,104.44294579166944,0.4515251147463026,104.44294579166944,0.4515251147463026,107.95674929097288,0.4667159016031157,107.95674929097288,0.4667159016031157,107.95674929097288,0.4667159016031157,107.95674929097288,0.4667159016031157,107.95674929097288,0.4667159016031157,108.48379233814146,0.46899440084062016,109.06631977922896,0.4715127688135473,109.06631977922896,0.4715127688135473,109.06631977922896,0.4715127688135473,109.06631977922896,0.4715127688135473,109.06631977922896,0.4715127688135473,109.06631977922896,0.4715127688135473,109.06631977922896,0.4715127688135473,109.06631977922896,0.4715127688135473,109.19204587868396,0.47205630472258087,109.56936808198417,0.473687534575876,108.90513557734968,0.47081594132848187,108.90513557734968,0.47081594132848187,108.90513557734968,0.47081594132848187,108.90513557734968,0.47081594132848187,110.01495075506398,0.4756138663742211,110.01495075506398,0.4756138663742211,110.01495075506398,0.4756138663742211,110.01495075506398,0.4756138663742211,110.01495075506398,0.4756138663742211,110.01495075506398,0.4756138663742211,110.01495075506398,0.4756138663742211,110.54855799968652,0.4779207437849583,110.54855799968652,0.4779207437849583,110.54855799968652,0.4779207437849583,110.54855799968652,0.4779207437849583,110.54855799968652,0.4779207437849583,110.54855799968652,0.4779207437849583,111.5077907278106,0.48206767457431543,111.5077907278106,0.48206767457431543,111.5077907278106,0.48206767457431543,111.5077907278106,0.48206767457431543,111.5077907278106,0.48206767457431543,111.5077907278106,0.48206767457431543,111.5077907278106,0.48206767457431543,111.5077907278106,0.48206767457431543,111.5077907278106,0.48206767457431543,111.5077907278106,0.48206767457431543,111.5077907278106,0.48206767457431543,111.5077907278106,0.48206767457431543,111.5077907278106,0.48206767457431543,112.0942817012657,0.48460317759062455,112.0942817012657,0.48460317759062455,112.0942817012657,0.48460317759062455,112.0942817012657,0.48460317759062455,112.0942817012657,0.48460317759062455,112.0942817012657,0.48460317759062455,112.0942817012657,112.0942817012657,0.48460317759062455,0.48460317759062455,112.0942817012657,0.48460317759062455,112.0942817012657,0.48460317759062455,112.0942817012657,0.48460317759062455,112.0942817012657,0.48460317759062455,112.0942817012657,0.48460317759062455,112.0942817012657,0.48460317759062455,112.0942817012657,0.48460317759062455,112.0942817012657,0.48460317759062455,112.0942817012657,0.48460317759062455,112.0942817012657,0.48460317759062455,112.4780605154333,0.48626232050152896,113.49824616898181,0.4906727614440877,113.49824616898181,0.4906727614440877,113.49824616898181,0.4906727614440877,113.93950598885641,0.4925804047922487,113.93950598885641,0.4925804047922487,113.93950598885641,0.4925804047922487,114.46505454119553,0.49485244306731807,114.94362716440305,0.49692139618780207,114.94362716440305,0.49692139618780207,114.94362716440305,0.49692139618780207,114.94362716440305,0.49692139618780207,115.31482239127489,0.49852613805079876,116.22658328196648,0.5024678397872846,116.22658328196648,0.5024678397872846,116.22658328196648,0.5024678397872846,116.22658328196648,0.5024678397872846,116.87307728098088,0.5052627463736042,116.87307728098088,0.5052627463736042,116.87307728098088,0.5052627463736042,116.87307728098088,0.5052627463736042,116.87307728098088,0.5052627463736042,117.53732511978782,0.5081344059133068,117.53732511978782,0.5081344059133068,117.53732511978782,0.5081344059133068,117.6849469721666,0.5087726009903334,117.64461944132974,0.5085982580239364,117.64461944132974,0.5085982580239364,117.64461944132974,0.5085982580239364,117.6226682219073,0.5085033590645726,117.6226682219073,0.5085033590645726,117.6226682219073,0.5085033590645726,117.95031161859359,0.5099198187513735,119.27705099241884,0.5156555450224404,119.59029369841114,0.5170097480056532,119.69153529325692,0.5174474331205582,118.7623362964443,0.5134303434025522,118.7623362964443,0.5134303434025522,119.11749922448655,0.5149657748347313,118.00950481177155,0.5101757212744141,118.70473947610083,0.513181342278374,119.44505724737506,0.5163818654356784,119.44505724737506,0.5163818654356784,120.50254581887387,0.5209535734143228,120.50254581887387,0.5209535734143228,120.7696336583177,0.522108240840046,120.978289009619,0.5230102944035934,121.11580339577255,0.523604793137008,121.11580339577255,0.523604793137008,121.11580339577255,0.523604793137008,121.28471647009873,0.5243350338889244,120.28512646260387,0.5200136315250573,120.40314331756414,0.5205238390223087,120.40314331756414,0.5205238390223087,120.40314331756414,0.5205238390223087,120.89984878632656,0.5226711836043489,120.89984878632656,0.5226711836043489,120.89984878632656,0.5226711836043489,120.89984878632656,0.5226711836043489,120.89984878632656,0.5226711836043489,120.96406070928025,0.5229487829736503,120.66875400051518,0.5216721204422576,120.8447660796547,0.5224330514331236,121.0667565497548,0.5233927550466588,121.0667565497548,0.5233927550466588,121.0667565497548,0.5233927550466588,121.0667565497548,0.5233927550466588,121.16132619897182,0.5238015961741335,121.38603506859349,0.5247730519040668,121.61116068898605,0.5257463093204445,119.09752134229434,0.5148794069572183,116.91119191553877,0.5054275226024996,116.68559961455954,0.5044522476443544,116.61104402749316,0.5041299308066786,116.82054932961228,0.5050356588562107,116.82054932961228,0.5050356588562107,117.9340560947472,0.5098495432797813,119.98050517131722,0.518696700424926,119.98050517131722,0.518696700424926,119.98050517131722,0.518696700424926,119.98050517131722,0.518696700424926,120.27335104741992,0.5199627243464842,120.55956892415239,0.5212000942679708,120.68856685189351,0.5217577748627094,121.11817830782563,0.5236150602970269,121.11817830782563,0.5236150602970269,121.11817830782563,0.5236150602970269,121.11817830782563,0.5236150602970269,121.11817830782563,0.5236150602970269,120.88075628578106,0.5225886433864888,118.65781371884812,0.5129784740255927,118.65781371884812,0.5129784740255927,118.65781371884812,0.5129784740255927,117.13569931264651,0.5063981073315311,118.65781371884808,0.5129784740255925,118.65781371884808,0.5129784740255925,118.65781371884808,0.5129784740255925,118.65781371884808,0.5129784740255925,118.65781371884808,0.5129784740255925,117.86249681352992,0.5095401799961445,117.86249681352992,0.5095401799961445,117.86249681352992,0.5095401799961445,117.86249681352992,0.5095401799961445,117.86249681352992,0.5095401799961445,120.30637054118492,0.5201054733909323,119.5215905175034,0.5167127321429956,119.5215905175034,0.5167127321429956,119.5215905175034,0.5167127321429956,119.5215905175034,0.5167127321429956,119.5215905175034,0.5167127321429956,119.5215905175034,0.5167127321429956,119.5215905175034,0.5167127321429956,121.3517811527937,0.5246249662373444,119.8058359023585,0.5179415746372394,119.8058359023585,0.5179415746372394,119.8058359023585,0.5179415746372394,120.1696228268052,0.5195142891136355,120.1696228268052,0.5195142891136355,119.53380795864877,0.5167655502770808,119.53380795864877,0.5167655502770808,119.9136775783982,0.5184077930570588
Meyve Suyu,78.0,0.0041597695733925,-0.012269471136316934,100.0,0.41597695733925,100.0,0.41597695733925,100.0,0.41597695733925,100.0,0.41597695733925,100.0,0.41597695733925,100.0,0.41597695733925,100.0,0.41597695733925,100.0,0.41597695733925,100.274606155037,0.41711925566763924,100.33562296072714,0.41737307151941466,100.43327645549192,0.4177792875556726,100.49341614199226,0.4180294547937301,100.49341614199226,0.4180294547937301,100.49341614199226,0.4180294547937301,100.4435847003099,0.41782216747882156,100.35129983252746,0.4174382836937356,100.2010733357722,0.4168133760834157,100.19547425910072,0.4167900852146386,100.54157408786442,0.4182297807516862,100.54157408786442,0.4182297807516862,100.54157408786442,0.4182297807516862,100.93625767740645,0.41987157353858046,100.79350424462208,0.4192777521523867,100.07856093153431,0.4163037527119038,99.80513516237515,0.4151663645167741,99.52002418989395,0.4139803685684064,99.41408138303875,0.41353967090393035,99.87715002938484,0.4154659297693929,99.8145616468289,0.41520557651998885,99.9045120595429,0.4155797495099106,99.96494866263859,0.4158311518525873,100.35293611107919,0.41744509023546866,100.54037783924147,0.4182248046330623,100.81483642615683,0.4193664891120691,101.83917951404507,0.42362752032178147,102.29116111949004,0.42550765965184456,102.51678178512913,0.4264461896318986,102.51678178512913,0.4264461896318986,102.63780115303373,0.42694960231629936,102.70496413990404,0.4272289848655406,102.80465588591822,0.4276436795573288,102.86621556010142,0.42789975361694405,102.89087883788469,0.42800234716944696,103.07549679845263,0.4287703153445193,103.25903942041619,0.42953381035878396,103.32022709971315,0.42978833700539,103.32022709971315,0.42978833700539,103.32022773036714,0.4297883396287652,103.37481686425834,0.4300154178469637,103.45175655987444,0.43033546925177363,103.45175655987444,0.43033546925177363,103.45175655987444,0.43033546925177363,103.49047353463486,0.43049652294535584,103.49047353463486,0.43049652294535584,103.53168061867062,0.43066793491973604,103.69650794457334,0.4313535786148898,103.69650794457337,0.43135357861488993,103.69650794476341,0.43135357861568047,103.88278884032405,0.43212846421713796,0.43212846421713796,103.88278884032405,104.00914479317713,0.4326540758652332,104.00338543074356,0.4326301182446199,104.00417512226186,0.43263340317937005,104.06451399388274,0.43288439898163145,104.21761353301926,0.43352125778623196,105.71466168802594,0.4397486331513321,105.71466168802594,0.4397486331513321,105.71466168802594,0.4397486331513321,105.71466168802594,0.4397486331513321,105.71466168802594,0.4397486331513321,105.71466168802594,0.4397486331513321,105.71466168802594,0.4397486331513321,105.71466168802594,0.4397486331513321,105.71466168802594,0.4397486331513321,105.71466168802594,0.4397486331513321,105.71466168802594,0.4397486331513321,105.71466168802594,0.4397486331513321,105.82906219950637,0.44022451291816894,106.5037672878451,0.44303113061565347,106.5037672878451,0.44303113061565347,106.5037672878451,0.44303113061565347,106.5037672878451,0.44303113061565347,106.5037672878451,0.44303113061565347,107.08492926331621,0.4454486305184309,107.1424611397523,0.4456879498675299,107.66053449300281,0.44784301563916684,107.66053449300281,0.44784301563916684,107.66053449300281,0.44784301563916684,107.66053449300281,0.44784301563916684,107.7671307024479,0.4482864313078555,109.4775308198597,0.45540130167459203,109.73464336348222,0.45647083061049054,109.81283515749747,0.4567960904561242,110.01767983835632,0.4576481971268321,110.01767983835632,0.4576481971268321,110.01767983835632,0.4576481971268321,110.08673768328323,0.4579354618489631,110.48805226858347,0.4596048380502537,110.57813918567147,0.4599795788669171,110.7158511583367,0.4605524289407018,111.36349035449646,0.4632464587634235,111.36349035449646,0.4632464587634235,111.50143014816452,0.46382025652008396,111.58551318131266,0.46417002256301215,111.50143014816469,0.46382025652008463,111.50143014816469,0.46382025652008463,111.68077806110594,0.46456630251138914,112.32577859705002,0.4672493561156312,112.4483560783728,0.4677592501928207,112.42877074141416,0.46767777970405555,112.48124496011076,0.4678960603623772,112.43680660047477,0.46771120702607194,112.58540120862645,0.4683293263558315,112.97421210002997,0.4699466900716955,112.24137575326041,0.46689825973412735,112.24137575326041,0.46689825973412735,112.24137575326041,0.46689825973412735,112.31526390490598,0.46720561741917677,112.32577042374177,0.4672493221165522,112.78190997766157,0.4691467575541686,112.82492560127892,0.46932569263647256,113.87538221946893,0.47369535011498815,113.83869709315209,0.4735427484427393,113.9295079139893,0.4739205005321927,114.22628261026478,0.47515501488391226,114.7419263001773,0.4772999738159222,114.85940238994013,0.47778864727971876,115.00617972783441,0.4783992071839549,115.00617972783441,0.4783992071839549,115.00617972783441,0.4783992071839549,115.00617972783441,0.4783992071839549,115.64817157401698,0.48106974533207125,115.64817157401698,0.48106974533207125,115.56627005682792,0.48072905389285353,116.099147032251,0.4829456993215799,116.01716300040854,0.48260466464041757,116.09938406426248,0.48294668532012913,116.01668514126078,0.48260267685647434,116.0419445799015,0.48270775030077295,116.12538948481404,0.4830548618772828,116.41444743877514,0.48425727635911725,116.48294264250625,0.48454220062352127,116.39705439982544,0.4841849253249055,116.48941537241038,0.48456912568843324,116.40546278046409,0.48421990225084766,116.40546278046409,0.48421990225084766,116.50098102244321,0.4846172361275363,116.52277668718037,0.4847079010705418,116.63934489720373,0.4851927979638218,116.57141954162313,0.48491024413641576,116.57141954162313,116.57141954162313,0.48491024413641576,0.48491024413641576,116.65451388996748,0.48525589747837944,116.57141954162331,0.48491024413641654,116.80095607364613,0.4858650632183071,116.84844665460372,0.4860626130919972,116.9014607324866,0.48628313944013585,116.98430849585995,0.48662776704544,116.98430849585995,0.48662776704544,116.9973490194304,0.48668201261860944,116.9973490194304,0.48668201261860944,116.9973490194304,0.48668201261860944,116.9973490194304,0.48668201261860944,117.48104941530626,0.48869409480801174,117.54980565103511,0.48898010490537763,117.82688636450528,0.49013269682664473,117.89319885590517,0.4904085415107058,117.97099134018055,0.49073214031983314,117.8548435154378,0.49024899213245254,117.91776155384603,0.4905107166742407,117.87593229431621,0.49033671659317096,117.87593229431621,0.49033671659317096,117.87593229431621,0.49033671659317096,117.76731400492363,0.48988488953784176,117.813788498174,0.4900782127208035,117.813788498174,0.4900782127208035,117.813788498174,0.4900782127208035,117.813788498174,0.4900782127208035,117.65244976073707,0.48940708074980377,118.20826976936436,0.49171916390997433,118.25547174556199,0.4919155132543652,118.44727010828207,0.4927133502478347,119.72593876079496,0.4980323172030086,119.9131077680667,0.4988108971445397,119.48430027015434,0.49702715676188125,119.37364312136995,0.4965668485212896,119.94011512641798,0.498923241532067,120.02477695206066,0.49927541521840335,119.9655425386118,0.499029013707641,120.05892182533661,0.499417450023344,120.01233721626696,0.49922366878394764,119.96679297127133,0.4990342152193717,120.01360113682706,0.49922892640223676,120.00990938368948,0.49921356955986257,120.13605498855486,0.4997383062087988,120.27064767325678,0.500298180763423,120.5494147557634,0.5014577875912974,120.24047332062857,0.5001726624094633,119.34296106433358,0.49643921823398063,119.34296106433358,0.49643921823398063,120.9276889301035,0.5030313209921176,120.92464316198605,0.503018651298575,120.8236090277333,0.5025983725810363,120.95245356967901,0.5031343361863198,121.01650706775031,0.5034007839786662,120.63835672024553,0.5018277656689479,120.63835672024553,0.5018277656689479,121.03470900954186,0.5034764998623072,121.43943768783902,0.5051600779037672,121.6236986046049,0.5059265608588953,121.5338725380249,0.5055529051202383,121.13956152941645,0.5039126621841752,121.36153987405677,0.504836040948162,121.09786242912656,0.5037392035355515,121.48436861924168,0.5053469802251201,121.48436861924168,0.5053469802251201,122.54213927268141,0.5097470624049263,122.82020965480342,0.5109037711197391,122.83828982992135,0.5109789804820762,122.83828982992135,0.5109789804820762,122.83828982992135,0.5109789804820762,122.85418997114934,0.5110451214057691,123.28153424086226,0.5128227750962845,123.30853329017563,0.5129350849201287,123.48787233701263,0.5136810940304826,122.68892739414301,0.5103576671663177,122.83185470863415,0.5109522118603447,123.01793741903523,0.5117262730572054,124.26928802860833,0.5169316032485538,124.0630664186697,0.5160737688701551,124.08693573454863,0.5161730597240859,124.23124965306849,0.5167733723713619,123.08771518488257,0.5120165324844765,122.18093898151771,0.508244552423843,122.77842864280339,0.5107299717372757,124.37470310588519,0.5173701056795869,124.2855107610672,0.5169990860774335,124.15803319567374,0.5164688087796195,123.36481924204318,0.5131692215101168,123.30392860546335,0.5129159304927676,122.39313817278972,0.5091272521631948,122.39313817278972,0.5091272521631948,123.5717774496616,0.5140301199651318,123.61845101870284,0.5142242712575111,124.11970457432551,0.5163093705467452,124.10907101226903,0.5162651373788458,123.04220535458879,0.5118272220771302,122.9653542536278,0.5115075392056709,122.84535072954061,0.5110083521974732,123.90805180416884,0.5154289437933232,124.2253271093541,0.5167487359542217,124.2253271093541,0.5167487359542217,123.84425914895023,0.5151635810471389,124.07990137865235,0.5161437984244601,124.39971061698137,0.5174741311633511,124.39971061698137,0.5174741311633511,124.03851116247091,0.5159716246625524,124.07184679488384,0.5161102932119735,124.07184679488384,0.5161102932119735,126.70500969645364,0.5270636441317096,127.31218847980095,0.5295893679602871,127.23278071119843,0.5292590499405634,127.32137255368339,0.5296275715913831,127.32137255368339,0.5296275715913831,127.60398325967131,0.5308031670072666,128.12327479559298,0.5329633001381139,129.48921994024096,0.5386453171897437,129.01942787050808,0.5366910904322478,129.51592756594567,0.5387564147585278,128.53890652576732,0.5346922323630295,129.1466586223605,0.5372203410426033,129.86700462422175,0.5402168144234607,130.10889640875806,0.5412230285088284,130.27425608217914,0.5419108866469916,130.23316114987077,0.5417399411979547,130.52192351695916,0.5429411261065097,130.52192351695916,0.5429411261065097,132.10762665383186,0.5495372857677058,132.20040409493527,0.5499232185443049,133.14893324604978,0.553868881246587,131.91455489708548,0.5487341517485108,131.93449062778396,0.5488170797944937,131.9183029635375,0.548749742841297
Muz,79.0,0.0142444734193944,-1.2632284080004608,100.0,1.42444734193944,100.0,1.42444734193944,100.0,1.42444734193944,100.0,1.42444734193944,100.0,1.42444734193944,96.6814545195997,1.3771764090528265,96.44214398861055,1.3737675565551704,96.44214398861055,1.3737675565551704,96.44214398861055,1.3737675565551704,97.04490738853939,1.3823536037836406,97.04490738853939,1.3823536037836406,97.04490738853939,1.3823536037836406,97.04490738853939,1.3823536037836406,96.4531701483654,1.3739246183947165,96.4531701483654,1.3739246183947165,96.4531701483654,1.3739246183947165,96.4531701483654,1.3739246183947165,96.4531701483654,1.3739246183947165,96.81486953642174,1.379076835713696,96.81486953642174,1.379076835713696,96.81486953642174,1.379076835713696,96.81486953642174,1.379076835713696,96.81486953642174,1.379076835713696,96.81486953642174,1.379076835713696,96.81486953642174,1.379076835713696,96.81486953642174,1.379076835713696,96.81486953642174,1.379076835713696,96.81486953642174,1.379076835713696,97.0533298062159,1.3824735766883607,97.25147867010112,1.3852961029130568,97.05332980621591,1.382473576688361,97.05332980621591,1.382473576688361,97.05332980621591,1.382473576688361,97.40840296404347,1.387531406846976,97.64255777886092,1.3908668188826663,97.64255777886092,1.3908668188826663,97.64255777886092,1.3908668188826663,97.64255777886092,1.3908668188826663,97.64255777886092,1.3908668188826663,97.64255777886092,1.3908668188826663,97.64255777886092,1.3908668188826663,97.0613520777963,1.382587849722651,97.0613520777963,1.382587849722651,97.0613520777963,1.382587849722651,97.0613520777963,1.382587849722651,97.0613520777963,1.382587849722651,97.0613520777963,1.382587849722651,97.0613520777963,1.382587849722651,97.0613520777963,1.382587849722651,97.0613520777963,1.382587849722651,97.0613520777963,1.382587849722651,97.0613520777963,1.382587849722651,97.0613520777963,1.382587849722651,97.0613520777956,1.382587849722641,97.4164545959012,1.3876460981029561,98.00189078261242,1.3959853283033157,98.00172857977373,1.3959830178092913,98.00683974517618,1.3960558236690088,100.45907864444885,1.4309866754877032,1.4309866754877032,100.45907864444885,103.42407865933745,1.473221539388288,104.62228298880521,1.4902893291103947,102.50292280107296,1.46010015925012,102.50292280107296,1.46010015925012,102.50292280107296,1.46010015925012,98.73366312708033,1.4064090400131368,98.73366312708033,1.4064090400131368,98.73366312708033,1.4064090400131368,98.73366312708033,1.4064090400131368,100.70998332311845,1.434560680513814,103.96354061113493,1.4809058908214419,103.96354061113493,1.4809058908214419,110.85338289137721,1.5790480660461725,110.85338289137721,1.5790480660461725,110.85338289137721,1.5790480660461725,119.42314952640716,1.7011198790892696,119.42314952640716,1.7011198790892696,114.00046338521082,1.6238765704892801,114.00046338521082,1.6238765704892801,114.00046338521082,1.6238765704892801,114.00046338521082,1.6238765704892801,114.00046338521082,1.6238765704892801,114.00046338521082,1.6238765704892801,114.00046338521082,1.6238765704892801,119.42314952640731,1.7011198790892719,112.84414578792583,1.607405435210376,107.6385410128488,1.5332543363599187,111.71320472068606,1.5912957752391776,111.71320472068606,1.5912957752391776,114.73904086609473,1.6343972177838941,119.4405301545633,1.7013674569850523,119.4405301545633,1.7013674569850523,116.9486993769751,1.6658726397080683,112.46845681834871,1.6020539436692751,112.46845681834871,1.6020539436692751,112.46845681834871,1.6020539436692751,112.46845681834871,1.6020539436692751,114.86482688232402,1.636188973348604,114.86482688232402,1.636188973348604,112.46845681834883,1.6020539436692767,112.46845681834883,1.6020539436692767,112.46845681834883,1.6020539436692767,112.46845681834883,1.6020539436692767,115.15557016594767,1.6403304583240483,121.97470234152155,1.7374654053423475,119.42867324272429,1.7011985615195253,119.42867324272429,1.7011985615195253,119.42867324272429,1.7011985615195253,119.42867324272429,1.7011985615195253,119.42867324272429,1.7011985615195253,123.60127198551294,1.7606350334009768,131.61091529359746,1.874728184601817,131.61091529359746,1.874728184601817,133.00676630183943,1.8946113471861545,134.9457518979994,1.9222311759712438,137.8225803995859,1.9632100830942487,137.8225803995859,1.9632100830942487,140.1151969277599,1.995867198290688,138.10193348800803,1.9671893207369038,138.10193348800803,1.9671893207369038,140.02469516868743,1.9945780483891715,140.0250137490144,1.994582586398171,140.0250137490144,1.994582586398171,140.0250137490144,1.994582586398171,142.26815405373497,2.0265349388447356,142.99528326092647,2.03689251150904,142.99528326092647,2.03689251150904,142.99528326092647,2.03689251150904,142.99528326092647,2.03689251150904,142.99528326092647,2.03689251150904,143.00612403918788,2.03704693268683,145.53621939876285,2.0730868087848293,146.36133178314876,2.084840100212227,146.36133178314876,2.084840100212227,146.36133178314876,2.084840100212227,146.36133178314876,2.084840100212227,146.36133178314876,2.084840100212227,146.36133178314876,2.084840100212227,146.36133178314876,2.084840100212227,142.98743428036752,2.0367807069140986,142.98743428036752,2.0367807069140986,139.61607760632538,1.9887575063834075,141.6474300618378,2.017693052441376,141.6474300618378,2.017693052441376,141.6474300618378,2.017693052441376,141.6474300618378,2.017693052441376,141.6474300618378,2.017693052441376,141.6474300618378,2.017693052441376,139.41407670496656,1.985880109913308,146.13849256570794,2.081665872902593,146.13849256570794,146.13849256570794,2.081665872902593,2.081665872902593,146.13849256570794,2.081665872902593,148.47956816333513,2.115013262025786,148.47956816333513,2.115013262025786,145.59157554171384,2.0738753278916944,147.07917186578166,2.0950653541886677,145.5915755417139,2.0738753278916953,145.5915755417139,2.0738753278916953,142.24229636676412,2.026166609709992,146.54605606415902,2.0874714003229946,149.34140814671215,2.1272897187607716,149.99667283767596,2.1366236192338732,151.61968652336543,2.15974259453899,151.61968652336543,2.15974259453899,151.61968652336543,2.15974259453899,159.5953932891342,2.273352337564867,160.68548743679835,2.288880154675907,160.68548743679835,2.288880154675907,160.68548743679835,2.288880154675907,157.89847443602744,2.2491806220669193,157.89847443602744,2.2491806220669193,154.81603225015417,2.205272856283427,157.80126671643023,2.2477959492889568,160.59823089030613,2.28763723111873,157.80126671643032,2.247795949288958,160.59823089030627,2.2876372311187323,160.59823089030627,2.2876372311187323,160.59823089030627,2.2876372311187323,155.2988238269358,2.212149968066001,155.2988238269358,2.212149968066001,155.2988238269358,2.212149968066001,155.2988238269358,2.212149968066001,155.2988238269358,2.212149968066001,157.44545702855163,2.2427276276476067,157.44545702855163,2.2427276276476067,157.44545702855163,2.2427276276476067,156.47880878325054,2.2289582324115114,155.01513300819002,2.20810894173905,157.54824234456555,2.2441917503494713,156.36640300634144,2.227357071310143,156.26438872863338,2.225903931642932,156.26438872863338,2.225903931642932,156.26438872863338,2.225903931642932,155.0607724223614,2.208759051161091,155.5120750516889,2.2151876194686495,158.05330494059115,2.251386101073688,154.83096734753096,2.205485598881027,154.83096734753096,2.205485598881027,154.83096734753096,2.205485598881027,154.83096734753096,2.205485598881027,157.83641129895557,2.2482965653605747,153.39678765744605,2.185056464406977,157.04144084285716,2.2369726298294768,155.04081433210348,2.2084747586749103,151.84457148882524,2.162945962451904,151.84457148882524,2.162945962451904,153.81186821692742,2.190969068403417,154.88954159602974,2.206319958206829,154.80222466258218,2.205076174469272,154.39435957285457,2.1992663510399484,153.1594229522054,2.1816753291724744,152.0468517694376,2.1658273385323543,152.0468517694376,2.1658273385323543,153.44103781867338,2.185686784652384,153.44103781867338,2.185686784652384,154.06761755426632,2.194612083041169,145.9160570813922,2.0784973965587272,139.87062438092292,1.9923833911481548,139.66775213261326,1.989493582799575,139.66775213261326,1.989493582799575,141.69225032778095,2.0183314935282533,143.58617050687798,2.0453093891778553,144.42123379878723,2.057204426042969,143.83502486472472,2.048854188463504,144.68765456532313,2.060999449570264,142.63228713723615,2.03172182287379,142.63228713723615,2.03172182287379,142.93882620810507,2.036088310520788,147.51423740506286,2.101262633698653,143.98539856045713,2.05099618257534,142.1732095148092,2.025182503883691,140.7835589203876,2.0053876629292064,139.86496594644288,1.9923027897286085,139.34380808348283,1.9848791704023656,141.17065597234188,2.010901656596495,139.17745771982243,1.9825095970688984,132.70642513702177,1.8903331454471595,132.9336275024444,1.8935695235022458,134.75846100448433,1.919563315816874,133.2434719209602,1.8979830940859415,133.2434719209602,1.8979830940859415,140.58963795981668,2.0026253609608906,142.44083981793852,2.028994756622841,142.44083981793852,2.028994756622841,144.01802390161095,2.0514609133802044,144.84052473652167,2.06317700466052,147.36978609965732,2.099205000918407,145.13141805450826,2.0673206267964592,146.74075513820145,2.0902447861079727,147.75488798664284,2.104690574511331,144.45694095361034,2.057713055660729,150.5000366675735,2.1437937719291336,150.5000366675735,2.1437937719291336,151.87036254667527,2.1633133424899067,151.87036254667527,2.1633133424899067,151.87036254667527,2.1633133424899067,152.67962306075563,2.17484083237209,141.10376414592344,2.009948817753103,142.23789008348692,2.0261038445249717,145.5092764030136,2.07270301999804,145.5092764030136,2.07270301999804,147.11696774421222,2.095603736574334,147.2725012342991,2.0978192292397027,146.8989392563718,2.0924980355746206,146.5748133920652,2.087881033315967,146.62000171275383,2.0885247171488834,146.62000171275383,2.0885247171488834,146.62000171275383,2.0885247171488834,146.62000171275383,2.0885247171488834,146.62000171275383,2.0885247171488834,147.51252261496256,2.1012382074166496,147.51252261496256,2.1012382074166496,145.99658796091407,2.0796445165315167,143.79416116593805,2.048272106592319,136.09922477568145,1.9386617897173781,136.09922477568145,1.9386617897173781,137.51239157709887,1.9587916066573392,146.45933595003896,2.0862361179624846,140.90458425183618,2.007111605046099,143.2526205898155,2.040558146250218,143.2526205898155,2.040558146250218,141.44301279131983,2.0147812360650175
Nane,80.0,0.0004208254776409,-2.7467672013936517,100.0,0.04208254776409,100.0,0.04208254776409,100.0,0.04208254776409,100.0,0.04208254776409,100.0,0.04208254776409,100.0,0.04208254776409,100.0,0.04208254776409,100.0,0.04208254776409,100.0,0.04208254776409,100.0,0.04208254776409,100.0,0.04208254776409,100.0,0.04208254776409,100.0,0.04208254776409,100.0,0.04208254776409,100.0,0.04208254776409,100.0,0.04208254776409,100.0,0.04208254776409,100.0,0.04208254776409,102.77777777777777,0.043251507424203604,102.77777777777777,0.043251507424203604,102.77777777777777,0.043251507424203604,102.77777777777777,0.043251507424203604,102.77777777777777,0.043251507424203604,102.77777777777777,0.043251507424203604,102.77777777777777,0.043251507424203604,108.048433048433,0.04546953344595762,108.048433048433,0.04546953344595762,108.048433048433,0.04546953344595762,108.048433048433,0.04546953344595762,108.2159816012845,0.04554004214573939,108.04843304844556,0.045469533445962905,108.04843304844556,0.045469533445962905,108.04843304844556,0.045469533445962905,108.04843304844556,0.045469533445962905,108.04843304844556,0.045469533445962905,108.04843304844556,0.045469533445962905,108.04843304844556,0.045469533445962905,108.04843304844556,0.045469533445962905,108.04843304844556,0.045469533445962905,108.04843304844556,0.045469533445962905,108.04843304844556,0.045469533445962905,108.04843304844556,0.045469533445962905,104.04663923183644,0.04378547665166797,104.04663923183644,0.04378547665166797,104.04663923183644,0.04378547665166797,104.04663923183644,0.04378547665166797,108.3819158664964,0.04560987151215418,108.3819158664964,0.04560987151215418,122.06032732342338,0.05136609554688424,122.06032732342338,0.05136609554688424,120.65016661180525,0.050772663991867105,120.65016661180525,0.050772663991867105,120.65016661180525,0.050772663991867105,122.8844289564683,0.051712898510235014,124.40433531338189,0.052352513828852615,124.40433531338189,0.052352513828852615,128.11346874550432,0.05391341167705937,136.11479390438578,0.0572805731588058,136.0803693232264,0.05726608641799682,0.05726608641799682,136.0803693232264,146.70053616259955,0.06173532320080207,146.73766613884925,0.06175094844079215,151.89612228283005,0.0639217582114725,151.89612228283005,0.0639217582114725,151.89612228283005,0.0639217582114725,147.06574914228702,0.06188901412741971,147.06574914228702,0.06188901412741971,147.06574914228702,0.06188901412741971,178.08568712525798,0.07494299434549456,178.08568712525798,0.07494299434549456,147.0657491422869,0.061889014127419664,147.0657491422869,0.061889014127419664,147.0657491422869,0.061889014127419664,178.08568712525798,0.07494299434549456,178.08568712525798,0.07494299434549456,120.28594656706014,0.05061939091757085,120.28594656706014,0.05061939091757085,120.28594656706014,0.05061939091757085,120.28594656706014,0.05061939091757085,120.28594656706014,0.05061939091757085,120.28594656706014,0.05061939091757085,120.28594656706014,0.05061939091757085,111.35934570865116,0.04686284984762123,111.35934570865116,0.04686284984762123,111.35934570865116,0.04686284984762123,111.35934570865116,0.04686284984762123,111.35934570865116,0.04686284984762123,111.35934570865116,0.04686284984762123,106.89604527944662,0.0449845793126464,106.89604527944662,0.0449845793126464,106.89604527944662,0.0449845793126464,106.89604527944662,0.0449845793126464,106.89604527944662,0.0449845793126464,106.89604527944662,0.0449845793126464,106.89604527944662,0.0449845793126464,97.96944442103776,0.04122803824269682,97.96944442103776,0.04122803824269682,97.96944442103776,0.04122803824269682,97.96944442103776,0.04122803824269682,97.96944442103776,0.04122803824269682,97.96944442103776,0.04122803824269682,97.96944442103776,0.04122803824269682,97.96944442103776,0.04122803824269682,97.96944442103776,0.04122803824269682,97.96944442103776,0.04122803824269682,97.96944442103776,0.04122803824269682,97.96944442103776,0.04122803824269682,97.96944442103776,0.04122803824269682,97.96944442103776,0.04122803824269682,97.96944442103776,0.04122803824269682,97.96944442103776,0.04122803824269682,97.96944442103776,0.04122803824269682,97.96944442103776,0.04122803824269682,97.96944442103776,0.04122803824269682,97.96944442103776,0.04122803824269682,97.96944442103776,0.04122803824269682,97.96944442103776,0.04122803824269682,97.96944442103776,0.04122803824269682,97.96944442103776,0.04122803824269682,97.96944442103776,0.04122803824269682,97.96944442103776,0.04122803824269682,97.96944442103776,0.04122803824269682,97.96944442103776,0.04122803824269682,97.96944442103776,0.04122803824269682,97.96944442103776,0.04122803824269682,97.96944442103776,0.04122803824269682,97.96944442103776,0.04122803824269682,97.96944442103776,0.04122803824269682,97.96944442103776,0.04122803824269682,97.96944442103776,0.04122803824269682,97.96944442103776,0.04122803824269682,97.96944442103776,0.04122803824269682,97.96944442103776,0.04122803824269682,97.96944442103776,0.04122803824269682,97.96944442103776,0.04122803824269682,97.96944442103776,0.04122803824269682,97.96944442103776,0.04122803824269682,97.96944442103776,0.04122803824269682,97.96944442103776,0.04122803824269682,97.96944442103776,0.04122803824269682,97.96944442103776,0.04122803824269682,97.96944442103776,0.04122803824269682,97.96944442103776,0.04122803824269682,97.96944442103776,0.04122803824269682,97.96944442103776,0.04122803824269682,97.96944442103776,0.04122803824269682,97.96944442103776,0.04122803824269682,97.96944442103776,0.04122803824269682,97.96944442103776,0.04122803824269682,97.96944442103776,0.04122803824269682,97.96944442103776,97.96944442103776,0.04122803824269682,0.04122803824269682,97.96944442103776,0.04122803824269682,97.96944442103776,0.04122803824269682,97.96944442103776,0.04122803824269682,97.96944442103776,0.04122803824269682,97.96944442103776,0.04122803824269682,97.96944442103776,0.04122803824269682,97.96944442103776,0.04122803824269682,97.96944442103776,0.04122803824269682,97.96944442103776,0.04122803824269682,97.96944442103776,0.04122803824269682,97.96944442103776,0.04122803824269682,97.96944442103776,0.04122803824269682,97.96944442103776,0.04122803824269682,97.96944442103776,0.04122803824269682,97.96944442103776,0.04122803824269682,97.96944442103776,0.04122803824269682,97.96944442103776,0.04122803824269682,97.96944442103776,0.04122803824269682,97.96944442103776,0.04122803824269682,97.96944442103776,0.04122803824269682,97.96944442103776,0.04122803824269682,97.96944442103776,0.04122803824269682,97.96944442103776,0.04122803824269682,97.96944442103776,0.04122803824269682,97.96944442103776,0.04122803824269682,97.96944442103776,0.04122803824269682,97.96944442103776,0.04122803824269682,97.96944442103776,0.04122803824269682,97.96944442103776,0.04122803824269682,97.96944442103776,0.04122803824269682,97.96944442103776,0.04122803824269682,97.96944442103776,0.04122803824269682,97.96944442103776,0.04122803824269682,97.96944442103776,0.04122803824269682,97.96944442103776,0.04122803824269682,97.96944442103776,0.04122803824269682,97.96944442103776,0.04122803824269682,97.96944442103776,0.04122803824269682,97.96944442103776,0.04122803824269682,97.96944442103776,0.04122803824269682,97.96944442103776,0.04122803824269682,97.96944442103776,0.04122803824269682,97.96944442103776,0.04122803824269682,97.96944442103776,0.04122803824269682,97.96944442103776,0.04122803824269682,97.96944442103776,0.04122803824269682,97.96944442103776,0.04122803824269682,97.96944442103776,0.04122803824269682,97.96944442103776,0.04122803824269682,97.96944442103776,0.04122803824269682,97.96944442103776,0.04122803824269682,96.71483189433754,0.04070006532689394,96.71483189433754,0.04070006532689394,101.65482052690058,0.0427789384027329,101.65482052690058,0.0427789384027329,101.07711160859425,0.04253582377124923,98.10065000415929,0.04128325289488309,97.83938130059745,0.04117330436791406,97.83938130059745,0.04117330436791406,97.29719716481205,0.04094513947000285,97.29719716481205,0.04094513947000285,97.29719716481205,0.04094513947000285,98.60513328056729,0.04149555231063933,98.60513328056729,0.04149555231063933,95.07266954776091,0.04000900157303193,95.07266954776091,0.04000900157303193,95.07266954776091,0.04000900157303193,95.07266954776091,0.04000900157303193,95.07266954776091,0.04000900157303193,95.07266954776091,0.04000900157303193,98.60513328056734,0.04149555231063935,96.62242464689001,0.04066117800284935,96.62242464689001,0.04066117800284935,96.62242464689001,0.04066117800284935,97.99283623236252,0.041237882112870446,97.99283623236252,0.041237882112870446,96.96056566916285,0.0408034763600573,89.74071765162627,0.03776518036958277,89.74071765162627,0.03776518036958277,87.30800579151814,0.036741433239090085,91.40041617614774,0.03846362379390442,91.40041617614774,0.03846362379390442,91.40041617614774,0.03846362379390442,89.95008976668399,0.03785328948990662,95.70127667903361,0.04027353546929824,95.70127667903361,0.04027353546929824,96.02083216873045,0.04040801256088269,96.02083216873045,0.04040801256088269,96.02083216873045,0.04040801256088269,96.02083216873045,0.04040801256088269,96.02083216873045,0.04040801256088269,96.02083216873045,0.04040801256088269,96.02083216873045,0.04040801256088269,96.02083216873045,0.04040801256088269,96.02083216873045,0.04040801256088269,96.02083216873045,0.04040801256088269,96.02083216873045,0.04040801256088269,96.02083216873045,0.04040801256088269,76.14806273978219,0.03204504487389806,96.02083216873048,0.040408012560882695,96.02083216873048,0.040408012560882695,96.02083216873048,0.040408012560882695,96.02083216873048,0.040408012560882695,96.02083216873048,0.040408012560882695,96.02083216873048,0.040408012560882695,96.02083216873048,0.040408012560882695,96.02083216873048,0.040408012560882695,96.02083216873048,0.040408012560882695,96.02083216873048,0.040408012560882695,96.02083216873048,0.040408012560882695,96.02083216873048,0.040408012560882695,96.02083216873048,0.040408012560882695,96.02083216873048,0.040408012560882695,96.02083216873048,0.040408012560882695,96.02083216873048,0.040408012560882695,96.02083216873048,0.040408012560882695,96.02083216873048,0.040408012560882695,96.02083216873048,0.040408012560882695,96.02083216873048,0.040408012560882695,101.5423892521382,0.04273162445782924,101.5423892521382,0.04273162445782924,101.5423892521382,0.04273162445782924,101.5423892521382,0.04273162445782924,101.5423892521382,0.04273162445782924,101.5423892521382,0.04273162445782924,101.5423892521382,0.04273162445782924,116.20464119836478,0.048901873636391265,116.20464119836478,0.048901873636391265,105.57422124251674,0.04442832208094816,116.20464119836475,0.04890187363639125,113.01277022743088,0.04755865301047988
Nar,81.0,0.0012704014402116,,100.0,0.12704014402116,100.0,0.12704014402116,100.0,0.12704014402116,100.0,0.12704014402116,100.0,0.12704014402116,100.0,0.12704014402116,96.66666666666669,0.12280547255378803,96.66666666666669,0.12280547255378803,96.66666666666669,0.12280547255378803,96.66666666666669,0.12280547255378803,96.66666666666669,0.12280547255378803,96.66666666666669,0.12280547255378803,103.8271604938272,0.131902174224439,103.8271604938272,0.131902174224439,103.8271604938272,0.131902174224439,103.8271604938272,0.131902174224439,103.8271604938272,0.131902174224439,103.8271604938272,0.131902174224439,111.81386514719848,0.1420484953186266,111.81386514719848,0.1420484953186266,111.81386514719848,0.1420484953186266,111.81386514719848,0.1420484953186266,111.81386514719848,0.1420484953186266,111.81386514719848,0.1420484953186266,111.81386514719848,0.1420484953186266,111.81386514721234,0.1420484953186442,111.81386519919623,0.1420484953846846,111.29271912123247,0.1413864306566788,106.655522491181,0.13549532937931705,107.11365709654204,0.13607734424177848,106.65552249118106,0.1354953293793171,106.65552249118106,0.1354953293793171,109.19493969335208,0.1387214086502533,109.19493969335208,0.1387214086502533,109.19493969335208,0.1387214086502533,109.19493969335208,0.1387214086502533,109.19493969335208,0.1387214086502533,109.19493969335208,0.1387214086502533,109.19493969335208,0.1387214086502533,109.19493969335208,0.1387214086502533,109.19493969335208,0.1387214086502533,109.19493969335208,0.1387214086502533,109.19493969335208,0.1387214086502533,112.50387725981736,0.14292508770026105,112.50387725981736,0.14292508770026105,112.50387725981736,0.14292508770026105,112.50387725981736,0.14292508770026105,112.50387725981736,0.14292508770026105,112.50387725981736,0.14292508770026105,112.50387725981736,0.14292508770026105,112.50387725981736,0.14292508770026105,112.50387725981736,0.14292508770026105,112.50387725981736,0.14292508770026105,117.50404958247597,0.14927731382027273,117.50404958247597,0.14927731382027273,117.50404958247597,0.14927731382027273,117.50404958247597,0.14927731382027273,117.50404958247597,0.14927731382027273,113.14720680967373,0.14374237448692928,0.14374237448692928,113.14720680967373,113.14720680967373,0.14374237448692928,113.14720680967373,0.14374237448692928,113.14720680967373,0.14374237448692928,113.14720680967373,0.14374237448692928,113.14720680967373,0.14374237448692928,108.61224862090934,0.1379811570726236,108.61224862090934,0.1379811570726236,108.61224862090934,0.1379811570726236,108.61224862090934,0.1379811570726236,109.37645922699006,0.13895201132721352,109.37645922699006,0.13895201132721352,109.37645922699006,0.13895201132721352,109.37645922699006,0.13895201132721352,109.37645922699006,0.13895201132721352,109.37645922699006,0.13895201132721352,109.37645922699006,0.13895201132721352,109.37645922699006,0.13895201132721352,109.37645922699006,0.13895201132721352,109.37645922699006,0.13895201132721352,109.37645922699006,0.13895201132721352,109.37645922699006,0.13895201132721352,109.37645922699006,0.13895201132721352,109.37645922699006,0.13895201132721352,109.37645922699006,0.13895201132721352,109.37645922699006,0.13895201132721352,109.37645922699006,0.13895201132721352,109.37645922699006,0.13895201132721352,109.37645922699006,0.13895201132721352,109.37645922699006,0.13895201132721352,109.37645922699006,0.13895201132721352,109.37645922699006,0.13895201132721352,109.37645922699006,0.13895201132721352,109.37645922699006,0.13895201132721352,109.37645922699006,0.13895201132721352,109.37645922699006,0.13895201132721352,109.37645922699006,0.13895201132721352,109.37645922699006,0.13895201132721352,109.37645922699006,0.13895201132721352,109.37645922699006,0.13895201132721352,109.37645922699006,0.13895201132721352,109.37645922699006,0.13895201132721352,109.37645922699006,0.13895201132721352,109.37645922699006,0.13895201132721352,109.37645922699006,0.13895201132721352,109.37645922699006,0.13895201132721352,109.37645922699006,0.13895201132721352,109.37645922699006,0.13895201132721352,109.37645922699006,0.13895201132721352,109.37645922699006,0.13895201132721352,109.37645922699006,0.13895201132721352,109.37645922699006,0.13895201132721352,109.37645922699006,0.13895201132721352,109.37645922699006,0.13895201132721352,109.37645922699006,0.13895201132721352,109.37645922699006,0.13895201132721352,109.37645922699006,0.13895201132721352,109.37645922699006,0.13895201132721352,109.37645922699006,0.13895201132721352,109.37645922699006,0.13895201132721352,109.37645922699006,0.13895201132721352,109.37645922699006,0.13895201132721352,109.37654446842345,0.13895211961805326,109.93893093027731,0.1396665761891479,108.80678164627452,0.13822829210821624,111.71142866154817,0.1419183598597262,116.62531908446402,0.1481609733300405,117.06244197183418,0.14871629487570498,114.45263053684742,0.14540078667001713,115.20602438658479,0.14635789930177004,115.20602438658479,0.14635789930177004,114.9862188024501,0.14607865797111877,116.53441807782569,0.14804549256029048,119.18639583650814,0.15141456892432978,119.18639583650814,0.15141456892432978,117.25221690914749,0.1489573852293839,116.33832432459417,0.14779637477376864,116.33832432459417,0.14779637477376864,116.33832432459417,0.14779637477376864,116.06188603052787,0.1474451871668572,115.84700626880131,0.14717220360808744,116.96852009754846,0.14859697639134506,114.86957632468211,0.14593047519937247,113.58590069015276,0.14429969182450184,113.58590069015276,0.14429969182450184,113.58590069015276,0.14429969182450184,113.90419737740565,0.14470405639440248,117.73570807920018,0.14957161310814843,117.73570807920018,0.14957161310814843,117.09983636210097,0.14876380076295576,122.88935238341028,0.15611881025455523,122.88935238341028,122.88935238341028,0.15611881025455523,0.15611881025455523,122.00476438775448,0.15499502839088022,122.67371542829282,0.15584486475621118,122.33827230538061,0.15541871732975443,121.09817970440014,0.1538433019034731,119.6840520100644,0.15204679204394586,119.26973102266108,0.15152043806483878,119.26973102266108,0.15152043806483878,122.1426826278518,0.1551702399217313,122.48475229520746,0.15560480571979263,123.14232987347253,0.15644019322227146,121.10179985735951,0.15384790095100645,122.94429956345763,0.15618861523122296,122.94429956345763,0.15618861523122296,122.94429956345763,0.15618861523122296,129.56566036398547,0.16460040152837416,132.95066967887146,0.168900722237135,136.18970063545612,0.17301559182927012,135.59652543317776,0.17226202119799788,131.58838749527354,0.1671700769891176,131.58838749527354,0.1671700769891176,130.28209789468877,0.1655105647992013,132.6458809332052,0.1685135181756803,132.25136460476358,0.16801232406384106,131.84640103764508,0.1674978577649405,139.67224473402916,0.17743982086769772,138.16499308754285,0.1755250062052402,138.51380384539428,0.17596813589437596,138.81112131432033,0.17634584843509968,138.01051019869632,0.17532875092076153,138.94202292984755,0.1765121460359915,138.12592305098474,0.17547537157452767,139.19391675559268,0.17683215231499852,140.4849274610782,0.1784722541745759,140.92371086139195,0.17902968523827545,141.2674761246037,0.17946640512375434,142.56279541030236,0.1811119806098398,143.79933968987538,0.1826828882434948,146.1139077945694,0.1856233188971659,144.20048894665086,0.18319250883704216,144.753692439639,0.1838952993512644,144.18450553328833,0.1831722034856869,144.80467048160372,0.18396006192919553,144.97775842237394,0.18417995309843327,147.83290462806616,0.18780713495015935,147.9091475123902,0.18790399402021052,147.4033687603869,0.1872614519652371,146.74477881689108,0.18642477835251112,146.74477881689108,0.18642477835251112,146.40708550827264,0.18599577228689243,147.8677902851104,0.1878514537391111,148.107504214999,0.18815598666088038,150.82051733638505,0.19160260243760216,149.29109155585917,0.18965961772332532,148.22403279516186,0.18830402473694507,147.72770005023682,0.18767348290296812,148.27688189211742,0.18837116430583128,150.9091520330325,0.19171520408387582,152.51859789372796,0.1937598464232459,152.76227686279776,0.19406941653650145,150.89886939439842,0.19170214100494587,150.90366571857928,0.19170823426209296,150.3124243849497,0.19095712042033733,150.85152843723938,0.19164199898479004,150.85152843723938,0.19164199898479004,149.53861814246054,0.18997407585543435,146.07232989666085,0.1855704982757819,144.09895922879574,0.18306352533725473,143.96080930211434,0.18288801947143357,143.2491711516803,0.1819839533402126,144.0861644444812,0.18304727082483435,145.2840877719715,0.18456911434534112,144.20823392850915,0.18320234807314933,144.74216033241615,0.1838806489456398,143.30558388463075,0.18205562015739915,140.27703193731668,0.1782081434017757,140.11451850733135,0.17800168610626863,138.84604853070098,0.17639022002109225,139.43931850641385,0.1771439110526722,137.52204421908527,0.1747082030367693,135.97441173846516,0.17274208850447123,133.50804024296426,0.16960880660449004,133.12199263169703,0.1691183711631459,132.40966404417208,0.16821342789965033,132.9963588383019,0.16895876581107747,131.29821705532936,0.1668014440443057,128.82838679570173,0.16366376812539657,128.44889698245495,0.1631816637201022,128.14889921660978,0.16280054612631226,127.13384668495932,0.16151102192821307,125.22265302093973,0.1590830387449193,127.79913139144705,0.16235620057748584,128.66108468545855,0.16345122728359318,128.31009880498462,0.16300533431554515,129.85317745420116,0.1649656636538696,127.787592511919,0.16234154156831498,128.9550027747062,0.16382462124747763,128.00655038353963,0.16261970596376749,128.24603412544573,0.16292394645439226,128.20335447205684,0.16286972616125928,127.92449929006182,0.16251546813644233,130.00076525302057,0.16515315940604747,129.69640035043125,0.1647664937954481,127.40360956756496,0.16185372908279091,127.56725874941259,0.16206162923909959,128.1381645939049,0.16278690884616784,129.33880774122707,0.1643122076297061,126.39509934796884,0.1605725162473479,126.6594404291255,0.1609083355375564,126.40388817350411,0.16058368158396566,125.92343228364223,0.15997330972952697,126.27077401742513,0.16041457316837035,127.04974121799178,0.16140417422184783,129.0200932247543,0.16390731224896277,128.209179385358,0.1628771261395062,127.78028107548268,0.16233225310893626,126.86505174980178,0.16116954445546736,127.07852150567989,0.16144073674077652,127.07852150567989,0.16144073674077652,127.98608268653557,0.1625937037720157,128.92747373416705,0.16378964831472906,129.52096044804065,0.16454361469078052,129.52319858195168,0.16454645801932447,134.5719976795,0.17096045966418888,132.0204491522531,0.16771896874040465,132.02044915225306,0.1677189687404046,133.0705095934702,0.16905296703723607,136.8055040739652,0.17379790940443932,131.5685220493911,0.16714483989805812,135.9365356868423,0.17269397071394002,134.6987876629626,0.17112153384178416,132.2631149789785,0.16802725175616676
Nohut,82.0,0.0023324631690634,0.2900644488772697,100.0,0.23324631690633998,99.9295526593871,0.23308200107900193,99.9295526593871,0.23308200107900193,99.9295526593871,0.23308200107900193,99.9295526593871,0.23308200107900193,99.9295526593871,0.23308200107900193,99.9295526593871,0.23308200107900193,99.9295526593871,0.23308200107900193,97.43114254336734,0.22725455150217044,97.43114254336734,0.22725455150217044,97.43114254336734,0.22725455150217044,97.43114254336734,0.22725455150217044,97.43114254336734,0.22725455150217044,97.73084026771669,0.2279535854060674,98.14988627172308,0.22893099477655549,98.22001838052743,0.2290945753373104,98.22001838052743,0.2290945753373104,98.22001838052743,0.2290945753373104,98.22001838052743,0.2290945753373104,98.22001838052743,0.2290945753373104,98.22001838052743,0.2290945753373104,102.31327345104975,0.23864194203088573,102.31327345104975,0.23864194203088573,102.31327345104975,0.23864194203088573,102.31327345104975,0.23864194203088573,102.31327345104975,0.23864194203088573,102.31327345104975,0.23864194203088573,102.31327345104975,0.23864194203088573,102.31327345104975,0.23864194203088573,102.38627858430279,0.238812223815351,102.3132734510496,0.23864194203088535,102.3132734510496,0.23864194203088535,102.3132734510496,0.23864194203088535,102.3132734510496,0.23864194203088535,102.3132734510496,0.23864194203088535,102.3132734510496,0.23864194203088535,102.3132734510496,0.23864194203088535,102.3132734510496,0.23864194203088535,102.3132734510496,0.23864194203088535,103.4690446949829,0.2413377358892224,103.4690446949829,0.2413377358892224,103.4690446949829,0.2413377358892224,103.4690446949829,0.2413377358892224,103.4690446949829,0.2413377358892224,103.4690446949829,0.2413377358892224,103.4690446949829,0.2413377358892224,103.46904469498486,0.24133773588922694,103.46904457484666,0.24133773560900904,103.4696246713779,0.24133908866280265,103.4696246713779,0.24133908866280265,103.4696246713779,0.24133908866280265,103.4696246713779,0.24133908866280265,103.4696246713779,0.24133908866280265,103.4696246713779,0.24133908866280265,103.4696246713779,0.24133908866280265,103.7708366585994,0.2420416545290772,104.01814561155123,0.24261849355321696,104.01814561155123,0.24261849355321696,104.01814561155123,0.24261849355321696,0.24261849355321696,104.01814561155123,104.28410109748995,0.24323882492877938,104.28410109748995,0.24323882492877938,104.28410109748995,0.24323882492877938,104.28410109748995,0.24323882492877938,104.28410109748995,0.24323882492877938,104.28410109748995,0.24323882492877938,104.28410109748995,0.24323882492877938,104.28410109748995,0.24323882492877938,104.28410109748995,0.24323882492877938,104.28410109748995,0.24323882492877938,104.28410109748995,0.24323882492877938,104.77058794447076,0.2443735375815959,104.77058794447076,0.2443735375815959,104.77058794447076,0.2443735375815959,104.77058794447076,0.2443735375815959,104.77058794447076,0.2443735375815959,104.77058794447076,0.2443735375815959,104.77058794447076,0.2443735375815959,104.77058794447076,0.2443735375815959,104.77058794447076,0.2443735375815959,104.77058794447076,0.2443735375815959,104.77058794447076,0.2443735375815959,104.77058794447076,0.2443735375815959,104.77058794447076,0.2443735375815959,104.77058794447076,0.2443735375815959,105.72849112340228,0.24660781146598243,105.72849112340228,0.24660781146598243,105.72849112340228,0.24660781146598243,105.72849112340228,0.24660781146598243,105.72849112340228,0.24660781146598243,105.72849112340228,0.24660781146598243,105.72849112340228,0.24660781146598243,105.72849112340228,0.24660781146598243,105.72849112340228,0.24660781146598243,105.72849112340228,0.24660781146598243,105.72849112340228,0.24660781146598243,105.72849112340228,0.24660781146598243,105.72849112340228,0.24660781146598243,106.52798202653806,0.24847259455154785,106.90004334731837,0.24934041387890105,106.90004334731837,0.24934041387890105,106.90004334731837,0.24934041387890105,108.31750805291713,0.2526465980981574,108.31750805291713,0.2526465980981574,108.31750805291713,0.2526465980981574,108.31750805291713,0.2526465980981574,108.77383310718001,0.25371095948034644,108.77383310718001,0.25371095948034644,108.77383310718001,0.25371095948034644,108.77383310718001,0.25371095948034644,108.77383310718001,0.25371095948034644,108.77383310718001,0.25371095948034644,109.18549759531746,0.2546711517369384,109.59786429649301,0.25563298187957856,109.59786429649301,0.25563298187957856,109.59786429649301,0.25563298187957856,109.59786429649301,0.25563298187957856,109.59786429649301,0.25563298187957856,110.3216632007439,0.2573212161655522,110.3216632007439,0.2573212161655522,110.3216632007439,0.2573212161655522,110.3216632007439,0.2573212161655522,110.3216632007439,0.2573212161655522,110.3216632007439,0.2573212161655522,110.3216632007439,0.2573212161655522,110.3216632007439,0.2573212161655522,110.64302051069117,0.2580707702551135,111.24658876672949,0.2594785709823387,111.24658876672949,0.2594785709823387,111.24658876672949,0.2594785709823387,111.24658876672949,0.2594785709823387,111.24658876672949,0.2594785709823387,111.24658876672949,0.2594785709823387,111.24658876672949,0.2594785709823387,111.24658876672949,0.2594785709823387,111.24658876672949,0.2594785709823387,111.24658876672949,0.2594785709823387,111.24658876672949,0.2594785709823387,111.24658876672949,0.2594785709823387,111.24658876672949,0.2594785709823387,111.24658876672949,0.2594785709823387,111.24658876672949,0.2594785709823387,111.24658876672949,0.2594785709823387,111.24658876672949,0.2594785709823387,111.6645414125332,0.2604534301350884,111.6645414125332,0.2604534301350884,111.6645414125332,0.2604534301350884,111.6645414125332,0.2604534301350884,111.6645414125332,0.2604534301350884,112.0264750453843,0.26129762700335896,112.0264750453843,112.0264750453843,0.26129762700335896,0.26129762700335896,112.0264750453843,0.26129762700335896,112.0264750453843,0.26129762700335896,112.25661090900196,0.26183441042912775,112.25661090900196,0.26183441042912775,112.25661090900196,0.26183441042912775,112.25661090900196,0.26183441042912775,112.25661090900196,0.26183441042912775,112.25661090900196,0.26183441042912775,112.25661090900196,0.26183441042912775,112.25661090900196,0.26183441042912775,112.25661090900196,0.26183441042912775,112.25661090900196,0.26183441042912775,112.25661090900196,0.26183441042912775,112.25661090900196,0.26183441042912775,112.25661090900196,0.26183441042912775,112.25661090900196,0.26183441042912775,112.25661090900196,0.26183441042912775,112.25661090900196,0.26183441042912775,112.66083728031255,0.26277725355217385,112.66083728031255,0.26277725355217385,112.66083728031255,0.26277725355217385,112.66083728031255,0.26277725355217385,112.66083728031255,0.26277725355217385,112.91358582463987,0.2633667802228517,112.91358582463987,0.2633667802228517,112.91358582463987,0.2633667802228517,112.91358582463987,0.2633667802228517,114.40026542017547,0.2668344056236366,114.40026542017547,0.2668344056236366,115.20272010666208,0.2687061016247089,115.20272010666208,0.2687061016247089,115.20272010666208,0.2687061016247089,115.20272010666208,0.2687061016247089,115.20272010666208,0.2687061016247089,115.20272010666208,0.2687061016247089,115.24430225137883,0.26880309044575135,115.24430225137883,0.26880309044575135,116.59021970374015,0.2719423933319838,116.59021970374015,0.2719423933319838,116.7943294700232,0.27241847184428514,116.7943294700232,0.27241847184428514,116.7943294700232,0.27241847184428514,115.53351027455399,0.26947765750800506,114.88600037258352,0.2679673645100551,115.01108956388092,0.2682591304416042,114.04909708693847,0.26601531842021986,114.04909708693847,0.26601531842021986,114.04909708693847,0.26601531842021986,113.94418783286243,0.2657706214489936,114.54077474161795,0.2671621384408112,114.83333982977743,0.267844535733497,114.36492933375979,0.26675198550353313,113.99999575086979,0.26590079136228784,113.99999575086979,0.26590079136228784,114.30141479239944,0.2666038401751102,113.4170564396602,0.2645411068890923,113.86631540753342,0.265588986885028,113.32522550952946,0.26432691462678154,112.93529356564991,0.2634174127292412,112.472800572922,0.2623386648577534,112.69129539638946,0.2628482959861223,113.1045405608318,0.2638121751119776,112.7744349490039,0.2630422159304879,112.7744349490039,0.2630422159304879,113.31344785663799,0.26429944368519415,113.31344785663799,0.26429944368519415,113.5427576852014,0.2648343004146225,113.5427576852014,0.2648343004146225,113.38277225688765,0.2644611402954939,113.38277225688765,0.2644611402954939,113.38277225688765,0.2644611402954939,114.7015705992956,0.2675371888565823,114.62759850113942,0.26736465166209467,114.62759850113942,0.26736465166209467,114.48102147437775,0.2670227661457423,114.48102147437775,0.2670227661457423,114.48102147437775,0.2670227661457423,114.64174267423786,0.26739764242490366,114.64174267423786,0.26739764242490366,113.33428090541058,0.2643480360041555,113.23858026509048,0.2641248177853531,112.99379672060917,0.2635538691834577,112.78016665707298,0.2630555849284548,112.78016665707298,0.2630555849284548,113.27591552191323,0.2642119008967997,113.52964598720683,0.2648037178619663,112.0016641432701,0.26123975648798636,111.76000804632575,0.260676102542284,111.76000804632575,0.260676102542284,111.40573359172635,0.2598497704251909,111.40573359172635,0.2598497704251909,111.45428992516591,0.2599630262845634,111.8087187907457,0.2607897185595812,111.20320429081514,0.25937737829015933,110.61707156824822,0.25801024530258915,110.61707156824822,0.25801024530258915,110.9040441390868,0.2586795982546016,110.21403365576457,0.2570701742159848,111.18992135386266,0.2593463963289407,112.35130693210836,0.26205528541528017,114.096502326675,0.26612588939592596,114.096502326675,0.26612588939592596,115.24168915858873,0.26879699550306113,115.24168915858873,0.26879699550306113,115.24168915858873,0.26879699550306113,115.24168915858873,0.26879699550306113,115.24168915858873,0.26879699550306113,114.77949189967676,0.2677189374198069,114.77949189967676,0.2677189374198069,114.77949189967676,0.2677189374198069,114.77949189967676,0.2677189374198069,114.77949189967676,0.2677189374198069,114.77949189967676,0.2677189374198069,114.77949189967676,0.2677189374198069,115.6297010019171,0.26970201883678496,115.77719354902716,0.2700460397706305,117.4154746486693,0.2738672700961185,117.4154746486693,0.2738672700961185,115.16177362401908,0.2686105954620414,114.91253101604624,0.26802924625878344,114.6254498333886,0.2673596399737033,114.6254498333886,0.2673596399737033,116.44113496825742,0.27159465867740074,116.73531074289735,0.27228081283697914,116.73531074289735,0.27228081283697914,116.80382760958383,0.27244062590498497,116.96442111480745,0.27281520434110984,116.96442111480745,0.27281520434110984,115.34608344068012,0.2690404913211001,115.34608344068012,0.2690404913211001,115.68066142191384,0.26982088213950733
Pasta,83.0,0.0113562501395982,0.0,100.0,1.1356250139598199,100.13071895424837,1.137109491102251,100.13071895424837,1.137109491102251,100.13071895424837,1.137109491102251,100.13071895424837,1.137109491102251,100.13071895424837,1.137109491102251,100.13071895424837,1.137109491102251,100.13071895424837,1.137109491102251,100.07709668941702,1.1365005432497746,100.07709668941702,1.1365005432497746,100.07709668941702,1.1365005432497746,100.07709668941702,1.1365005432497746,100.07709668941702,1.1365005432497746,100.07709668941702,1.1365005432497746,100.07709668941702,1.1365005432497746,100.07709668941702,1.1365005432497746,100.07709668941702,1.1365005432497746,100.07709668941702,1.1365005432497746,100.32348911565543,1.1392986372746405,100.32348911565543,1.1392986372746405,100.32348911565543,1.1392986372746405,100.33660329723917,1.1394475652010814,100.33660329723917,1.1394475652010814,100.33660329723917,1.1394475652010814,100.33660329723917,1.1394475652010814,100.33660329723917,1.1394475652010814,100.33660329723917,1.1394475652010814,100.33660329723917,1.1394475652010814,100.33660329723917,1.1394475652010814,100.41846342927244,1.1403771893369117,100.33660329723915,1.1394475652010811,100.33660329723915,1.1394475652010811,100.33660329723915,1.1394475652010811,100.33660329723915,1.1394475652010811,100.33660329723915,1.1394475652010811,100.33660329723915,1.1394475652010811,100.33660329723915,1.1394475652010811,100.33660329723915,1.1394475652010811,100.33660329723915,1.1394475652010811,100.33660329723915,1.1394475652010811,100.33660329723915,1.1394475652010811,100.33660329723915,1.1394475652010811,100.33660329723915,1.1394475652010811,101.42063786657812,1.1517581329304662,101.42063786657812,1.1517581329304662,101.42063786657812,1.1517581329304662,101.42063786657812,1.1517581329304662,101.42063786657812,1.1517581329304662,101.42063786657812,1.1517581329304662,101.42063786657812,1.1517581329304662,101.42063786657812,1.1517581329304662,101.42063786657812,1.1517581329304662,101.42063786657812,1.1517581329304662,101.42063786657812,1.1517581329304662,101.42063786657812,1.1517581329304662,101.42063786657812,1.1517581329304662,101.42063786657812,1.1517581329304662,101.42063786657812,1.1517581329304662,101.42063786657812,1.1517581329304662,1.1517581329304662,101.42063786657812,101.42063786657812,1.1517581329304662,101.42063786657812,1.1517581329304662,101.42063786657812,1.1517581329304662,101.42063786657812,1.1517581329304662,101.42063786657812,1.1517581329304662,101.42063786657812,1.1517581329304662,101.42063786657812,1.1517581329304662,101.42063786657812,1.1517581329304662,101.42063786657812,1.1517581329304662,101.42063786657812,1.1517581329304662,101.42063786657812,1.1517581329304662,101.42063786657812,1.1517581329304662,101.42063786657812,1.1517581329304662,101.42063786657812,1.1517581329304662,101.42063786657812,1.1517581329304662,101.42063786657812,1.1517581329304662,101.42063786657812,1.1517581329304662,101.42063786657812,1.1517581329304662,101.42063786657812,1.1517581329304662,101.42063786657812,1.1517581329304662,101.42063786657812,1.1517581329304662,101.42063786657812,1.1517581329304662,101.42063786657812,1.1517581329304662,101.42063786657812,1.1517581329304662,101.42063786657812,1.1517581329304662,102.20218202248054,1.1606335438600353,102.20218202248054,1.1606335438600353,102.20218202248054,1.1606335438600353,102.20218202248054,1.1606335438600353,102.20218202248054,1.1606335438600353,102.20218202248054,1.1606335438600353,102.20218202248054,1.1606335438600353,102.20218202248054,1.1606335438600353,120.48993994407834,1.3683138973101183,120.48993994407834,1.3683138973101183,120.48993994407834,1.3683138973101183,120.48993994407834,1.3683138973101183,120.48993994407834,1.3683138973101183,120.48993994407834,1.3683138973101183,120.48993994407834,1.3683138973101183,120.48993994407834,1.3683138973101183,120.48993994407834,1.3683138973101183,120.48993994407834,1.3683138973101183,121.24073875818159,1.3768401564475885,121.24073875818159,1.3768401564475885,121.24073875818159,1.3768401564475885,121.91646757286294,1.384513901893644,121.91646757286294,1.384513901893644,121.91646757286294,1.384513901893644,121.92949087876804,1.3846617978131468,121.9804092436379,1.3852400395013083,121.9804092436379,1.3852400395013083,121.9804092436379,1.3852400395013083,121.9804092436379,1.3852400395013083,121.9804092436379,1.3852400395013083,121.9804092436379,1.3852400395013083,121.9804092436379,1.3852400395013083,121.9804092436379,1.3852400395013083,121.9804092436379,1.3852400395013083,121.9804092436379,1.3852400395013083,121.9804092436379,1.3852400395013083,121.9804092436379,1.3852400395013083,121.9804092436379,1.3852400395013083,121.9804092436379,1.3852400395013083,121.9804092436379,1.3852400395013083,121.9804092436379,1.3852400395013083,121.9804092436379,1.3852400395013083,121.9804092436379,1.3852400395013083,121.9804092436379,1.3852400395013083,121.9804092436379,1.3852400395013083,121.9804092436379,1.3852400395013083,121.9804092436379,1.3852400395013083,121.9804092436379,1.3852400395013083,121.9804092436379,1.3852400395013083,121.9804092436379,1.3852400395013083,121.9804092436379,1.3852400395013083,121.9804092436379,1.3852400395013083,121.9804092436379,1.3852400395013083,121.9804092436379,1.3852400395013083,121.9804092436379,1.3852400395013083,121.9804092436379,1.3852400395013083,121.9804092436379,1.3852400395013083,121.9804092436379,1.3852400395013083,121.9804092436379,1.3852400395013083,121.9804092436379,1.3852400395013083,121.9804092436379,1.3852400395013083,121.9804092436379,1.3852400395013083,121.9804092436379,1.3852400395013083,121.9804092436379,1.3852400395013083,121.9804092436379,1.3852400395013083,121.9804092436379,121.9804092436379,1.3852400395013083,1.3852400395013083,121.9804092436379,1.3852400395013083,121.9804092436379,1.3852400395013083,121.9804092436379,1.3852400395013083,121.9804092436379,1.3852400395013083,121.9804092436379,1.3852400395013083,121.9804092436379,1.3852400395013083,121.9804092436379,1.3852400395013083,121.9804092436379,1.3852400395013083,121.9804092436379,1.3852400395013083,121.9804092436379,1.3852400395013083,121.9804092436379,1.3852400395013083,121.9804092436379,1.3852400395013083,121.9804092436379,1.3852400395013083,121.9804092436379,1.3852400395013083,121.9804092436379,1.3852400395013083,121.9804092436379,1.3852400395013083,121.9804092436379,1.3852400395013083,121.9804092436379,1.3852400395013083,121.9804092436379,1.3852400395013083,121.9804092436379,1.3852400395013083,121.9804092436379,1.3852400395013083,121.9804092436379,1.3852400395013083,121.9804092436379,1.3852400395013083,121.9804092436379,1.3852400395013083,121.9804092436379,1.3852400395013083,121.9804092436379,1.3852400395013083,121.9804092436379,1.3852400395013083,121.9804092436379,1.3852400395013083,121.9804092436379,1.3852400395013083,121.9804092436379,1.3852400395013083,121.9804092436379,1.3852400395013083,121.9804092436379,1.3852400395013083,121.9804092436379,1.3852400395013083,121.9804092436379,1.3852400395013083,121.9804092436379,1.3852400395013083,121.9804092436379,1.3852400395013083,121.9804092436379,1.3852400395013083,121.9804092436379,1.3852400395013083,121.9804092436379,1.3852400395013083,121.9804092436379,1.3852400395013083,121.9804092436379,1.3852400395013083,121.9804092436379,1.3852400395013083,121.9804092436379,1.3852400395013083,121.9804092436379,1.3852400395013083,121.9804092436379,1.3852400395013083,121.9804092436379,1.3852400395013083,121.9804092436379,1.3852400395013083,121.9804092436379,1.3852400395013083,121.9804092436379,1.3852400395013083,121.9804092436379,1.3852400395013083,122.49023671161876,1.391029767755737,122.49023671161876,1.391029767755737,122.49023671161876,1.391029767755737,122.49023671161876,1.391029767755737,122.49023671161876,1.391029767755737,122.49023671161876,1.391029767755737,121.67529586109424,1.3817750956082038,121.67529586109424,1.3817750956082038,122.49023671161882,1.3910297677557377,122.49023671161882,1.3910297677557377,123.29480716059021,1.4001666710291856,123.29480716059021,1.4001666710291856,123.29480716059021,1.4001666710291856,123.29480716059021,1.4001666710291856,123.29480716059021,1.4001666710291856,123.29480716059021,1.4001666710291856,123.29480716059021,1.4001666710291856,123.29480716059021,1.4001666710291856,123.29480716059021,1.4001666710291856,123.29480716059021,1.4001666710291856,123.29480716059021,1.4001666710291856,123.06182640038314,1.3975208832385604,123.06182640038314,1.3975208832385604,123.06182640038314,1.3975208832385604,123.18922035699067,1.3989676008760688,123.18922035699067,1.3989676008760688,123.46725754807136,1.4021250607660922,123.46725754807136,1.4021250607660922,123.81188316672234,1.4060387154960066,123.81188316672234,1.4060387154960066,123.81188316672234,1.4060387154960066,123.81188316672234,1.4060387154960066,123.81188316672234,1.4060387154960066,123.81188316672234,1.4060387154960066,123.81188316672234,1.4060387154960066,123.81188316672234,1.4060387154960066,123.81188316672234,1.4060387154960066,123.81188316672234,1.4060387154960066,122.59125667808182,1.3921769757639852,122.59125667808182,1.3921769757639852,122.59125667808182,1.3921769757639852,131.15271072270738,1.489402989453428,131.15271072270738,1.489402989453428,131.15271072270738,1.489402989453428,131.664631615725,1.4952164911662225,131.664631615725,1.4952164911662225,131.664631615725,1.4952164911662225,131.664631615725,1.4952164911662225,131.664631615725,1.4952164911662225,131.664631615725,1.4952164911662225,131.664631615725,1.4952164911662225,131.664631615725,1.4952164911662225,131.664631615725,1.4952164911662225,131.664631615725,1.4952164911662225,131.664631615725,1.4952164911662225,131.664631615725,1.4952164911662225,131.24270943822006,1.4904250373790324,129.44268306576595,1.46998348763557,129.44268306576595,1.46998348763557,129.44268306576595,1.46998348763557,129.44268306576595,1.46998348763557,129.44268306576595,1.46998348763557,129.44268306576595,1.46998348763557,129.85881847576286,1.4747092254434393,129.85881847576286,1.4747092254434393,129.85881847576286,1.4747092254434393,129.85881847576286,1.4747092254434393,129.85881847576286,1.4747092254434393,129.85881847576286,1.4747092254434393,129.85881847576286,1.4747092254434393,129.85881847576286,1.4747092254434393,129.85881847576286,1.4747092254434393,130.68559681083332,1.4840983270264998,130.68559681083332,1.4840983270264998,130.68559681083332,1.4840983270264998,130.68559681083332,1.4840983270264998,130.68559681083332,1.4840983270264998,130.68559681083332,1.4840983270264998,130.68559681083332,1.4840983270264998,130.68559681083332,1.4840983270264998,130.68559681083332,1.4840983270264998
Patates,84.0,0.0068521063559799,-3.7737273829812845,100.0,0.68521063559799,96.87238116410629,0.6637798586934802,96.87238116410629,0.6637798586934802,96.87238116410629,0.6637798586934802,96.87238116410629,0.6637798586934802,97.27770493466737,0.6665571802779716,97.27770493466737,0.6665571802779716,97.27770493466737,0.6665571802779716,96.37712214501573,0.6603862912209135,96.69253818112668,0.6625475554467273,96.69253818112668,0.6625475554467273,93.75756965233245,0.6424368389359754,93.75756965233245,0.6424368389359754,99.34631592978653,0.6807315228256775,99.34631592978653,0.6807315228256775,99.34631592978653,0.6807315228256775,98.13809074365365,0.6724526353483213,98.13809074365365,0.6724526353483213,98.13809074365365,0.6724526353483213,97.02218772763625,0.6648063491996115,99.36804590861037,0.6808804189516916,99.36804590861037,0.6808804189516916,95.49379627931893,0.654333648442171,94.91311037917093,0.650354726894939,94.91311037917093,0.650354726894939,94.91311037917093,0.650354726894939,99.26012169349801,0.6801409107513561,99.70597509645694,0.6831959456876062,99.70597509645694,0.6831959456876062,99.8673762388875,0.6843018834815171,99.70597509645674,0.6831959456876049,95.72796526074738,0.6559381992081902,100.58972073361434,0.689251464785042,99.06308967072738,0.6787908263757979,99.70866210259916,0.6832143573394719,99.70866210259916,0.6832143573394719,99.70866210259916,0.6832143573394719,99.70866210259916,0.6832143573394719,99.70866210259916,0.6832143573394719,99.70866210259916,0.6832143573394719,103.35078029381263,0.7081705385467157,102.43950859161717,0.7019264079240776,98.44550604726918,0.6745590777041508,96.7550276605989,0.6629757400062007,96.7550276605989,0.6629757400062007,96.7550276605989,0.6629757400062007,96.7550276605989,0.6629757400062007,99.86892633549778,0.6843125049083527,104.01458537806734,0.7127190015836692,107.79125473522902,0.7385971416903113,100.3207420593115,0.6874083943012285,99.74895099599269,0.6834904211219691,99.74895099599269,0.6834904211219691,99.74895099599269,0.6834904211219691,99.74895099599269,0.6834904211219691,104.2943577399434,0.7146360315627076,104.2943577399434,0.7146360315627076,106.65578420373308,0.73081677684442,106.65578420373308,0.73081677684442,0.73081677684442,106.65578420373308,106.65578420373308,0.73081677684442,106.65578420373308,0.73081677684442,105.87751153091772,0.7254839697163364,109.7449629905549,0.7519841584443602,108.43890723265083,0.7430349254843616,108.43890723265083,0.7430349254843616,108.43890723265083,0.7430349254843616,108.43890723265083,0.7430349254843616,108.43890723265083,0.7430349254843616,110.91373965332755,0.7599927404440656,114.06292635081397,0.7815713026300797,114.06292635081397,0.7815713026300797,114.06292635081397,0.7815713026300797,114.06292635081397,0.7815713026300797,114.06292635081397,0.7815713026300797,122.01720601046893,0.836074872843243,122.01720601046893,0.836074872843243,121.4994768490226,0.8325273375654205,121.4994768490226,0.8325273375654205,121.4994768490226,0.8325273375654205,121.4994768490226,0.8325273375654205,121.4994768490226,0.8325273375654205,118.76055711206747,0.8137599682273114,118.76055711206747,0.8137599682273114,118.76055711206747,0.8137599682273114,117.52490651875421,0.8052931589430993,115.69603493978254,0.7927615363725565,117.73724060861477,0.8067480947098241,117.73724060861477,0.8067480947098241,112.60027939792896,0.7715490901476616,112.39720959842944,0.7701576342838035,112.39720959842944,0.7701576342838035,112.39720959842944,0.7701576342838035,112.39720959842944,0.7701576342838035,112.39720959842944,0.7701576342838035,112.39720959842944,0.7701576342838035,115.48738207725194,0.7913318247670172,115.48738207725194,0.7913318247670172,115.48738207725194,0.7913318247670172,115.48738207725194,0.7913318247670172,110.27219511997528,0.7555968090694384,110.27219511997528,0.7555968090694384,110.27219511997528,0.7555968090694384,110.27219511997528,0.7555968090694384,116.82018881333649,0.800464358274635,116.82018881333649,0.800464358274635,116.82018881333649,0.800464358274635,116.8761104485046,0.8008475392664073,116.8761104485046,0.8008475392664073,116.8761104485046,0.8008475392664073,118.2262328184728,0.810098721339017,121.14260678161098,0.8300820259082503,121.14260678161098,0.8300820259082503,115.6226563265869,0.7922587383106857,115.6226563265869,0.7922587383106857,115.6226563265869,0.7922587383106857,115.6226563265869,0.7922587383106857,116.16732375556028,0.7959908574626494,126.89544892843894,0.8695011121474793,126.89544892843894,0.8695011121474793,126.89544892843894,0.8695011121474793,126.89544892843894,0.8695011121474793,120.32464502211899,0.8244772649370867,120.32464502211899,0.8244772649370867,120.32464502211899,0.8244772649370867,126.04639598944377,0.8636833111076271,126.04639598944377,0.8636833111076271,126.04639598944377,0.8636833111076271,126.04639598944377,0.8636833111076271,126.04639598944377,0.8636833111076271,126.04639598944377,0.8636833111076271,125.6842820411698,0.86120206782107,127.05994264382952,0.8706282405802258,127.05994264382952,0.8706282405802258,122.91933054639532,0.8422563261097497,122.91933054639532,0.8422563261097497,122.91933054639532,0.8422563261097497,122.91933054639532,0.8422563261097497,127.66273679779457,0.8747586502339573,127.66273679779457,0.8747586502339573,127.66273679779457,0.8747586502339573,126.3490002392729,0.8657567876112278,126.3490002392729,0.8657567876112278,126.3490002392729,0.8657567876112278,126.3490002392729,0.8657567876112278,126.3490002392729,0.8657567876112278,124.1418985452601,0.8506334920653887,124.1418985452601,0.8506334920653887,125.4641377474209,0.8596936157066405,126.4669029636528,0.8665646696183387,126.4669029636528,126.4669029636528,0.8665646696183387,0.8665646696183387,126.4669029636528,0.8665646696183387,126.4669029636528,0.8665646696183387,126.4669029636528,0.8665646696183387,129.04840490556813,0.8842533954825111,129.04840490556813,0.8842533954825111,129.04840490556813,0.8842533954825111,129.04840490556813,0.8842533954825111,129.04840490556813,0.8842533954825111,129.04840490556813,0.8842533954825111,129.03918057336355,0.8841901893771824,130.488158051203,0.8941187371627578,130.488158051203,0.8941187371627578,135.97071469276446,0.9316857983734209,135.97071469276446,0.9316857983734209,135.97071469276446,0.9316857983734209,135.97071469276446,0.9316857983734209,141.68362501374696,0.9708312674949683,141.68362501374696,0.9708312674949683,141.68362501374696,0.9708312674949683,141.68362501374696,0.9708312674949683,141.68362501374696,0.9708312674949683,141.68362501374696,0.9708312674949683,141.68362501374696,0.9708312674949683,141.68362501374696,0.9708312674949683,141.68362501374696,0.9708312674949683,153.03953977700024,1.0486432032222222,153.03953977700024,1.0486432032222222,153.03953977700024,1.0486432032222222,154.66923418489833,1.0598100426328856,149.0762848543634,1.0214865589764535,147.1878096367753,1.0085465259349078,147.1878096367753,1.0085465259349078,145.77857075372296,0.9988902712272507,145.77857075372296,0.9988902712272507,145.77857075372296,0.9988902712272507,146.94273647869232,1.0068672585907272,148.00200729849917,1.0141254949078298,150.70741753706517,1.032663253599041,140.84782322636627,0.9651042647553177,138.36361041642925,0.9480821743707416,138.36361041642925,0.9480821743707416,138.36361041642925,0.9480821743707416,147.00630599728467,1.0073028436931204,146.74528835059505,1.0055143230172154,149.13292229752463,1.0218746447607252,145.93243069175372,0.999944535886562,152.75626377253414,1.0467021659115234,146.3333869245024,1.0026919306374489,146.3333869245024,1.0026919306374489,157.35881290428026,1.0782393220708706,157.04259686714593,1.0760725761529597,159.5447789464289,1.0932177938822336,151.2672146752553,1.0364990431276928,155.25975698168807,1.0638563676421195,152.60002586406384,1.045631607145849,152.60002586406384,1.045631607145849,157.60299648992802,1.0799124939701137,158.50530585185695,1.0860952136840472,155.89917963070604,1.068237759639613,148.68859622020497,1.0188300752221955,146.5619289361849,1.004257924808307,149.03927272746088,1.0212329479464566,152.89594743405445,1.0476592932164532,152.89594743405445,1.0476592932164532,148.31032998168195,1.0162381547249593,146.63016052013123,1.0047254548783442,146.88172564042821,1.006449205838074,146.52499703439165,1.004004863489291,146.52499703439165,1.004004863489291,147.64410233682375,1.011673092045097,154.82882748508413,1.0609035928994606,149.85803133382663,1.0268431689971484,149.85803133382663,1.0268431689971484,147.62590392148994,1.0115483945677193,147.17084555960017,1.0084302862738725,147.17084555960017,1.0084302862738725,145.07616962107215,0.9940773439617666,146.79402892008724,1.005848298583227,146.948742859981,1.0069084149541319,146.948742859981,1.0069084149541319,141.563865136317,0.970010660077639,137.93208974276118,0.9451253488199639,137.93208974276118,0.9451253488199639,137.93208974276118,0.9451253488199639,143.53056809902174,0.9834867179487128,142.37237762865422,0.9755506736652722,141.97660144943325,0.9728387731920867,132.1293568095076,0.9053644056059632,127.54342966903121,0.8739411450986442,127.54342966903121,0.8739411450986442,129.6521514134401,0.8883903307665013,132.8950326631086,0.9106108979890428,145.04738112538013,0.9938800821274562,145.04738112538013,0.9938800821274562,135.63855280787814,0.9294097898107772,133.26951942845585,0.9131769211341091,133.26951942845585,0.9131769211341091,133.26951942845585,0.9131769211341091,139.31845210143965,0.9546248511495559,139.671518755549,0.9570441014142631,135.8766597806384,0.9310413241122308,132.53586270332923,0.9081498272247616,121.51578593954468,0.8326390891882471,121.51578593954468,0.8326390891882471,123.22237522887454,0.8443328205047115,123.77263144185913,0.8481032345991206,124.97467920669901,0.8563397937287713,124.81416483512848,0.8552399321831068,121.33320058556964,0.8313879949237659,121.33320058556964,0.8313879949237659,121.33320058556964,0.8313879949237659,123.65960862964182,0.8473287902691556,124.43073910521801,0.8526126583021411,125.86113230993566,0.8624138646717373,125.86113230993566,0.8624138646717373,121.30439853371855,0.8311906402012118,116.23220326712736,0.7964354187762311,116.23220326712736,0.7964354187762311,116.23220326712736,0.7964354187762311,113.47032256413787,0.7775107184568186,114.15213727755203,0.7821825853882044,114.15213727755203,0.7821825853882044,111.929189210575,0.7669507088094578,110.39051776980249,0.7564075684503757,110.39051776980249,0.7564075684503757,110.39051776980249,0.7564075684503757,118.98804353604584,0.8153187293989528,118.85190875606382,0.814385919407768,107.28425576129747,0.7351231307985596,112.6260159954569,0.7717254400511641,108.37581718947547,0.7426026257985205
Patlıcan,85.0,0.0078461751606696,0.0,100.0,0.78461751606696,109.10470411857152,0.856054619367342,109.10470411857152,0.856054619367342,109.10470411857152,0.856054619367342,124.36952155621404,0.9758250507787289,136.91258099157818,1.0742400921592854,136.39580590080266,1.0701853842783897,134.69493088605472,1.056840020986271,155.70583934132668,1.2216952890111288,156.91595165435703,1.2311900421832478,156.91595165435703,1.2311900421832478,158.1229974363136,1.2406607348154266,158.12299740739178,1.2406607345885008,164.09295700683825,1.2875020833078787,164.54562727080955,1.2910538134890241,166.54314626650986,1.3067266974160536,172.18433058962492,1.3509884177288378,172.18433058962492,1.3509884177288378,176.82784525982004,1.3874222471923277,176.82784525982004,1.3874222471923277,176.82784525982004,1.3874222471923277,172.40714912832453,1.3527366910125194,170.7651762794833,1.3398534844314474,168.0671089781616,1.3186839757900022,168.0671089781616,1.3186839757900022,168.0671089781616,1.3186839757900022,166.6997490060984,1.307955429941506,160.5036182353213,1.2593395025955743,159.36715845314487,1.2504226400815615,160.6337764788844,1.2603607469731755,159.36715845314487,1.2504226400815615,159.36715845314487,1.2504226400815615,163.08960303015263,1.279629592258649,169.48527373721743,1.329811144896243,181.4658253881054,1.4238126516705594,181.4658253881054,1.4238126516705594,181.4658253881054,1.4238126516705594,181.4658253881054,1.4238126516705594,181.4658253881054,1.4238126516705594,190.3592331630961,1.4935918868483973,202.25580026362158,1.5869344361297795,213.82153580407154,1.6776812230421316,214.1886114020183,1.6805613624808293,214.1886114020183,1.6805613624808293,214.1886114020183,1.6805613624808293,214.1886114020183,1.6805613624808293,212.36572960285235,1.666258712587377,212.36572960285235,1.666258712587377,207.0481981503052,1.624536429388322,206.43914435277844,1.619757686610656,206.43914435277844,1.619757686610656,206.43914435277844,1.619757686610656,206.43914435277844,1.619757686610656,215.71439555505867,1.692532932202958,222.65934682658727,1.7470242363616864,228.37840279926468,1.7918969512769871,234.22942017399788,1.837805058467265,257.4254853132087,2.0198054485878147,258.6680843156125,2.029555098015148,2.029555098015148,258.6680843156125,263.0926649775687,2.0642711329013683,265.38241837162946,2.082236939105907,266.4661648478789,2.090740203788318,266.4661648478789,2.090740203788318,263.5379652341657,2.0677650367137197,263.5379652341657,2.0677650367137197,263.5379652341657,2.0677650367137197,263.5379652341657,2.0677650367137197,269.1531795660212,2.11182299192616,272.46317402665323,2.137793788245125,262.72447607833124,2.061382258305737,267.5625180968395,2.0993423834176324,267.5625180968395,2.0993423834176324,267.5625180968395,2.0993423834176324,267.5625180968395,2.0993423834176324,261.977573483369,2.0555219297177043,253.25646002434604,1.9870945459221374,246.62873711117732,1.9350922710290321,241.195543248374,1.8924624802996022,235.22348950503243,1.8456047005604117,235.22348950503243,1.8456047005604117,235.22348950503243,1.8456047005604117,232.81865564634168,1.826735952872815,232.81865564634168,1.826735952872815,230.31014934067088,1.8070537730068779,193.83474163811206,1.5208613351157643,193.83474163811206,1.5208613351157643,193.83474163811206,1.5208613351157643,192.59528068064563,1.5111363073386714,187.84905748488012,1.473896608793062,183.47125586376214,1.439547610455107,190.1586800539237,1.4920183120248136,190.1586800539237,1.4920183120248136,190.1586800539237,1.4920183120248136,190.1586800539237,1.4920183120248136,190.1586800539237,1.4920183120248136,187.20212970500668,1.468820700115872,187.20212970500668,1.468820700115872,185.15267063774644,1.4527402852895257,183.967311317173,1.443439748431974,185.78120770783585,1.457671897236421,185.78120770783585,1.457671897236421,185.78120770783585,1.457671897236421,195.51368714095173,1.5340346356162629,200.4216103206093,1.5725430605589665,200.4216103206093,1.5725430605589665,200.4216103206093,1.5725430605589665,202.31266505576255,1.5873806072493926,202.31266505576255,1.5873806072493926,202.31266505576255,1.5873806072493926,208.0608385761549,1.632481783544314,225.2794070649049,1.7675816879230322,226.02524052836537,1.773433627918032,231.85861874439868,1.8192033351794639,231.85861874439868,1.8192033351794639,231.85861874439868,1.8192033351794639,231.85861874439868,1.8192033351794639,236.53928612906228,1.8559286713483676,236.53928612906228,1.8559286713483676,236.53928612906228,1.8559286713483676,240.0300641175324,1.8833179268929139,243.17272482142056,1.9079757932461738,222.41162931302188,1.7450806013598867,222.41162931302188,1.7450806013598867,237.06866726709066,1.8600822884840928,235.9083533061227,1.850978261904968,247.5410352397251,1.942250321944369,254.94730822385532,2.00036123706559,261.29893624094575,2.050197223043098,261.29893624094575,2.050197223043098,261.29893624094575,2.050197223043098,262.9805445781465,2.0633914166084177,256.5880401962996,2.0132347075130985,256.5880401962996,2.0132347075130985,235.77415420429327,1.8499253122456096,228.4594814883152,1.792533108873075,228.4594814883152,1.792533108873075,230.1994600638926,1.8061852855528675,230.1994600638926,1.8061852855528675,239.84740280265777,1.8818847342213294,239.84740280265777,1.8818847342213294,239.84740280265777,1.8818847342213294,236.44058199064776,1.8551542213892842,236.44058199064776,1.8551542213892842,236.44058199064776,1.8551542213892842,236.44058199064776,1.8551542213892842,239.79279971730332,1.8814563088493255,235.44979546303466,1.8473803367468002,235.44979546303466,1.8473803367468002,221.31721664953332,1.7364936479041007,221.31721664953332,221.31721664953332,1.7364936479041007,1.7364936479041007,221.31721664953332,1.7364936479041007,221.31721664953332,1.7364936479041007,201.2460392708137,1.5790116745097973,195.70719863452723,1.535552960690459,195.70719863452723,1.535552960690459,195.70719863452723,1.535552960690459,195.70719863452723,1.535552960690459,179.95050811513894,1.4119232069228764,168.75999437060875,1.324120475945412,168.75999437060875,1.324120475945412,168.75999437060875,1.324120475945412,168.75999437060875,1.324120475945412,168.75999437060875,1.324120475945412,168.75999437060875,1.324120475945412,168.75999437060875,1.324120475945412,168.75999437060875,1.324120475945412,168.75999437060875,1.324120475945412,166.95330871252995,1.3099449038118558,159.70775599968218,1.2530950280909876,159.70775599968218,1.2530950280909876,168.44139711761304,1.3216207060926992,168.44139711761304,1.3216207060926992,162.39908561126893,1.274211671638594,162.39908561126893,1.274211671638594,162.39908561126893,1.274211671638594,162.39908561126893,1.274211671638594,162.39908561126893,1.274211671638594,162.39908561126893,1.274211671638594,162.39908561126893,1.274211671638594,152.62398597333558,1.197514527666371,152.62398597333558,1.197514527666371,152.62398597333558,1.197514527666371,145.85466350216703,1.1444012378385258,145.85466350216703,1.1444012378385258,145.85466350216703,1.1444012378385258,146.62651357300535,1.1504573086920986,146.62651357300535,1.1504573086920986,140.2629673291121,1.1005278102194909,137.5935925731739,1.0795834283149301,137.5935925731739,1.0795834283149301,137.5935925731739,1.0795834283149301,137.5935925731739,1.0795834283149301,137.5935925731739,1.0795834283149301,134.7883775782339,1.057573220101294,130.74792662568632,1.0258711341995113,130.74792662568632,1.0258711341995113,124.56569459746302,0.9773642588221697,124.56569459746302,0.9773642588221697,124.56569459746302,0.9773642588221697,124.82975795860254,0.9794361462071856,127.73667978473495,1.002244364033394,126.28989928544007,0.9908926708168853,124.38927618545867,0.9759800490600163,120.58122808797738,0.9461014366669236,121.42839929744001,0.9527484903674437,122.66630137481087,0.9624612868982522,129.3117400397591,1.0146025626829223,130.8375131967752,1.0265740461283186,130.8375131967752,1.0265740461283186,127.5615617055675,1.000870356910446,128.57863061025427,1.008850457687089,126.49316316757715,0.9924875148399706,130.86898268065298,1.0268209612110395,130.86898268065298,1.0268209612110395,126.83306386180647,0.9951544352241269,125.80028126085907,0.9870510420342017,125.05933343123688,0.9812374355780681,125.05933343123688,0.9812374355780681,125.05933343123688,0.9812374355780681,126.08603307259956,0.9892931008015963,132.23572485758254,1.0375446597307036,128.00881382837412,1.0043795754069682,128.5239606163151,1.0084215073386094,127.31960831223692,0.998971948205656,124.50767398670368,0.9769090189472228,124.50767398670368,0.9769090189472228,124.50767398670368,0.9769090189472228,121.92629569839856,0.9566550727412314,121.9784124054939,0.9570639895538987,120.33364080170468,0.9441588234512731,119.93972574433236,0.9410680969127047,120.90934667040894,0.9486759125381522,122.32441459314074,0.9597787833241508,122.32441459314074,0.9597787833241508,128.62635459253028,1.0092249084113911,129.60696282485145,1.0169189323661776,131.4417293497968,1.0313148318998318,131.4417293497968,1.0313148318998318,131.4417293497968,1.0313148318998318,132.5535396884046,1.0400382905619923,132.5535396884046,1.0400382905619923,129.64563441931455,1.0172223564700775,129.64563441931455,1.0172223564700775,128.76388381663278,1.0103039867934105,123.58588310525892,0.9696764862298992,123.58588310525892,0.9696764862298992,123.58588310525892,0.9696764862298992,123.58588310525892,0.9696764862298992,131.19199000240027,1.0293553332356475,134.42435004192504,1.0547169962881078,136.51495524450934,1.0711202508993913,135.18001439081692,1.0606460711321868,124.7392395402904,0.9787259228418417,124.7392395402904,0.9787259228418417,126.89885645387102,0.9956706554257398,129.09586292690872,1.0129087530423186,127.71218671087907,1.0020521870856975,128.87592511919684,1.0111830824785575,124.95944269498567,0.9804536753645128,124.95944269498567,0.9804536753645128,124.95944269498567,0.9804536753645128,126.40840659579436,0.9918224999317449,120.9114005835775,0.9486920279006376,124.31135966143492,0.9753687023646155,122.85406340140234,0.9639345006474112,120.63446451254131,0.94651913897898,117.47910407540635,0.9217616282941721,117.47910407540635,0.9217616282941721,117.47910407540635,0.9217616282941721,117.47910407540635,0.9217616282941721,114.87665402016052,0.901342349313819,117.7718803235455,0.9240588020199555,117.7718803235455,0.9240588020199555,119.02973469407712,0.9339281477377603,117.61782430859076,0.9228500515420658,117.61782430859076,0.9228500515420658,120.7515012370688,0.9474374296198536,125.17930425403716,0.9821787476679287,106.1495776402951,0.8328681793968525,116.69685879423514,0.9156239947994955,116.69685879423514,0.9156239947994955
Pekmez,86.0,0.0017129767112761,-0.015513157237534436,100.0,0.17129767112761,99.78025872762714,0.17092125944552913,99.78025872762714,0.17092125944552913,99.78025872762714,0.17092125944552913,99.78025872762714,0.17092125944552913,100.07701147742472,0.1714295899949395,100.07701147742472,0.1714295899949395,100.07701147742472,0.1714295899949395,101.74271330775524,0.17428289843822567,101.74271330775524,0.17428289843822567,101.74271330775524,0.17428289843822567,101.74271330775524,0.17428289843822567,101.74271330775524,0.17428289843822567,101.74271330775524,0.17428289843822567,101.74271330775524,0.17428289843822567,102.238650551965,0.17513242738781143,102.92221573845326,0.17630335863290494,102.92221573845326,0.17630335863290494,102.92221573845326,0.17630335863290494,102.92221573845326,0.17630335863290494,102.92221573845326,0.17630335863290494,103.54168487393235,0.17736449483533495,103.54168487393235,0.17736449483533495,104.21859157047028,0.17852402024221126,104.21859157047028,0.17852402024221126,104.21859157047028,0.17852402024221126,104.21859157047028,0.17852402024221126,104.21859157047028,0.17852402024221126,104.21859157047028,0.17852402024221126,104.375433096178,0.17879268612310958,104.21859157047028,0.17852402024221126,104.21859157047028,0.17852402024221126,104.1568550440854,0.17841826701027888,104.1568550440854,0.17841826701027888,104.1568550440854,0.17841826701027888,104.1568550440854,0.17841826701027888,104.1568550440854,0.17841826701027888,104.1568550440854,0.17841826701027888,104.1568550440854,0.17841826701027888,104.1568550440854,0.17841826701027888,104.1568550440854,0.17841826701027888,104.1568550440854,0.17841826701027888,104.1568550440854,0.17841826701027888,104.1568550440854,0.17841826701027888,104.1568550440854,0.17841826701027888,104.1568550440854,0.17841826701027888,104.1568550440854,0.17841826701027888,104.29534948929509,0.17865550476956418,104.29534948929509,0.17865550476956418,104.29534948929509,0.17865550476956418,104.29534948929509,0.17865550476956418,104.5222546785491,0.17904418807442402,104.5222546785491,0.17904418807442402,104.5222546785491,0.17904418807442402,104.5222546785491,0.17904418807442402,104.5222546785491,0.17904418807442402,104.5222546785491,0.17904418807442402,104.5222546785491,0.17904418807442402,104.5222546785491,0.17904418807442402,0.17904418807442402,104.5222546785491,104.5222546785491,0.17904418807442402,104.5222546785491,0.17904418807442402,104.5222546785491,0.17904418807442402,109.17012422474195,0.18700588036410176,109.66746219151726,0.18785780871882127,109.66746219151726,0.18785780871882127,109.66746219151726,0.18785780871882127,109.66746219151726,0.18785780871882127,109.66746219151726,0.18785780871882127,109.66746219151726,0.18785780871882127,109.66746219151726,0.18785780871882127,109.66746219151726,0.18785780871882127,109.66746219151726,0.18785780871882127,109.66746219151726,0.18785780871882127,109.66746219151726,0.18785780871882127,109.66746219151726,0.18785780871882127,109.66746219151726,0.18785780871882127,110.435511464729,0.18917345923694553,110.435511464729,0.18917345923694553,110.435511464729,0.18917345923694553,110.435511464729,0.18917345923694553,110.435511464729,0.18917345923694553,110.435511464729,0.18917345923694553,110.435511464729,0.18917345923694553,110.435511464729,0.18917345923694553,115.12956504708313,0.1972142637050003,115.30554307216916,0.19751570996366902,115.30554307216916,0.19751570996366902,115.30554307216916,0.19751570996366902,115.56785597386632,0.19796504585534352,115.94121348554145,0.198604598577823,115.94121348554145,0.198604598577823,116.14401295004757,0.19895198933758126,117.1774626833284,0.20072226466296583,117.1774626833284,0.20072226466296583,117.1774626833284,0.20072226466296583,117.1774626833284,0.20072226466296583,117.1774626833284,0.20072226466296583,117.21132265767918,0.2007802660104731,117.21132265767918,0.2007802660104731,117.62825852773888,0.201494467445981,117.62825852773888,0.201494467445981,117.62825852773888,0.201494467445981,117.62825852773888,0.201494467445981,118.1062322620371,0.20231322532143553,118.38371363089468,0.20278854444410158,118.38371363089468,0.20278854444410158,118.38371363089468,0.20278854444410158,118.38371363089468,0.20278854444410158,118.39047920433121,0.2028001337138368,118.41466253121162,0.2028415591895841,123.09335226238429,0.21085604573836952,123.89628800361186,0.21223145596374357,124.81270977171772,0.21380126511021538,124.16356882928096,0.21268930179348539,124.16356882928096,0.21268930179348539,124.16356882928096,0.21268930179348539,124.16356882928096,0.21268930179348539,124.16356882928096,0.21268930179348539,124.16356882928096,0.21268930179348539,124.16356882928096,0.21268930179348539,124.16356882928096,0.21268930179348539,124.16356882928096,0.21268930179348539,124.16356882928096,0.21268930179348539,124.16356882928096,0.21268930179348539,124.36246055084945,0.21302999868059783,124.36246055084945,0.21302999868059783,124.36246055084945,0.21302999868059783,124.36246055084945,0.21302999868059783,124.36246055084945,0.21302999868059783,124.36246055084945,0.21302999868059783,125.193326401423,0.2144532525328249,125.193326401423,0.2144532525328249,125.193326401423,0.2144532525328249,125.193326401423,0.2144532525328249,125.193326401423,0.2144532525328249,125.193326401423,0.2144532525328249,125.193326401423,0.2144532525328249,125.193326401423,0.2144532525328249,125.193326401423,0.2144532525328249,125.193326401423,0.2144532525328249,125.193326401423,0.2144532525328249,124.36246055084936,0.21302999868059766,124.36246055084936,0.21302999868059766,124.36246055084936,0.21302999868059766,124.36246055084936,0.21302999868059766,124.36246055084936,0.21302999868059766,124.36246055084936,0.21302999868059766,124.36246055084936,0.21302999868059766,124.36246055084936,0.21302999868059766,124.36246055084936,124.36246055084936,0.21302999868059766,0.21302999868059766,124.36246055084936,0.21302999868059766,124.36246055084936,0.21302999868059766,125.15543962633092,0.21438835336942683,125.15543962633092,0.21438835336942683,125.15543962633092,0.21438835336942683,125.15543962633092,0.21438835336942683,125.15543962633092,0.21438835336942683,125.15543962633092,0.21438835336942683,125.15543962633092,0.21438835336942683,125.15543962633092,0.21438835336942683,125.15543962633092,0.21438835336942683,125.15543962633092,0.21438835336942683,125.15543962633092,0.21438835336942683,125.15543962633092,0.21438835336942683,125.15543962633092,0.21438835336942683,125.15543962633092,0.21438835336942683,125.15543962633092,0.21438835336942683,125.15543962633092,0.21438835336942683,124.36246055084932,0.2130299986805976,124.36246055084932,0.2130299986805976,124.36246055084932,0.2130299986805976,124.36246055084932,0.2130299986805976,124.36246055084932,0.2130299986805976,124.36246055084932,0.2130299986805976,124.36246055084932,0.2130299986805976,124.36246055084932,0.2130299986805976,124.36246055084932,0.2130299986805976,124.36246055084932,0.2130299986805976,124.36246055084932,0.2130299986805976,125.15543962633086,0.21438835336942672,125.15543962633086,0.21438835336942672,125.15543962633086,0.21438835336942672,125.15543962633086,0.21438835336942672,125.15543962633086,0.21438835336942672,125.15543962633086,0.21438835336942672,125.15543962633086,0.21438835336942672,123.55364743057959,0.21164452064180098,123.55364743057959,0.21164452064180098,123.55364743057959,0.21164452064180098,123.55364743057959,0.21164452064180098,123.55364743057959,0.21164452064180098,123.55364743057959,0.21164452064180098,123.55364743057959,0.21164452064180098,122.98158336220979,0.21066458821532566,122.98158336220979,0.21066458821532566,122.01273179378447,0.20900496804192978,122.01273179378447,0.20900496804192978,122.01273179378447,0.20900496804192978,122.57343540110848,0.2099654402632043,123.3195128904901,0.21124345362732236,123.4107561092843,0.2113997511361787,123.09569186734083,0.21086005342717368,122.81546161610879,0.21038002553301813,123.56573025740587,0.2116652182427608,123.56573025740587,0.2116652182427608,123.56573025740587,0.2116652182427608,125.43518091456691,0.21486754368135746,125.43518091456691,0.21486754368135746,126.19411254946344,0.21616757589738592,126.19411254946344,0.21616757589738592,125.7820970507938,0.21546180294348,125.97682036332876,0.2157953594429949,125.97682036332876,0.2157953594429949,125.97682036332876,0.2157953594429949,125.97682036332876,0.2157953594429949,125.97682036332876,0.2157953594429949,125.97682036332876,0.2157953594429949,125.97682036332876,0.2157953594429949,125.97682036332876,0.2157953594429949,125.97682036332876,0.2157953594429949,126.23981333036332,0.21624586027075454,126.72710215027962,0.21708057467093636,127.3361068327713,0.21812378550910272,127.3361068327713,0.21812378550910272,126.48879941778983,0.2166723676399479,126.48879941778983,0.2166723676399479,126.48879941778983,0.2166723676399479,126.48879941778983,0.2166723676399479,126.48879941778983,0.2166723676399479,126.48879941778983,0.2166723676399479,126.48879941778983,0.2166723676399479,126.27036145049414,0.2162981884891119,126.27036145049414,0.2162981884891119,126.27036145049414,0.2162981884891119,126.27036145049414,0.2162981884891119,126.79167927553019,0.21719119378257173,126.17347531647727,0.2161322247978954,126.20709221217234,0.21618980975732646,126.46704991483912,0.21663511124791152,126.46704991483912,0.21663511124791152,126.46704991483912,0.21663511124791152,126.91865087377022,0.21740869317335043,126.19036829217892,0.21616116207185648,126.19036829217892,0.21616116207185648,126.19036829217892,0.21616116207185648,124.50185012918324,0.2132687697820782,127.02105434151922,0.21758410792875837,124.84538508307594,0.2138572371576057,126.18692496994936,0.21615526374106783,126.18692496994936,0.21615526374106783,126.56448792204328,0.2168020202850454,126.56448792204328,0.2168020202850454,126.56448792204328,0.2168020202850454,126.56448792204328,0.2168020202850454,126.56448792204328,0.2168020202850454,126.56448792204328,0.2168020202850454,126.56448792204328,0.2168020202850454,128.1981693200885,0.21960047847354183,128.42790287331866,0.21999400670002378,128.42790287331866,0.21999400670002378,128.42790287331866,0.21999400670002378,128.42790287331866,0.21999400670002378,128.42790287331866,0.21999400670002378,128.42790287331866,0.21999400670002378,129.11802199320158,0.2211761646803896,129.11802199320158,0.2211761646803896,129.11802199320158,0.2211761646803896,129.11802199320158,0.2211761646803896,129.11802199320158,0.2211761646803896,129.11802199320158,0.2211761646803896,130.14370153936184,0.22293312985619437,130.14370153936184,0.22293312985619437,129.81780994110977,0.22237488513798803,129.81780994110977,0.22237488513798803,129.81780994110977,0.22237488513798803,129.81780994110977,0.22237488513798803,129.81780994110977,0.22237488513798803,130.09139972530082,0.22284353806675034,130.11188534492837,0.22287862945608838,130.11188534492837,0.22287862945608838,130.0917008835701,0.222844053943852
Pirinç,87.0,0.0111797118112828,0.0,100.0,1.11797118112828,100.0,1.11797118112828,99.92017805034938,1.1170787947349714,99.92017805034938,1.1170787947349714,99.92017805034938,1.1170787947349714,99.92017805034938,1.1170787947349714,99.92017805034938,1.1170787947349714,100.56222315484963,1.124256673973129,98.90954289143286,1.1057801849119346,98.65719903659732,1.102959053337525,98.65719903659732,1.102959053337525,98.71659663101181,1.1036231013253626,98.71659663101181,1.1036231013253626,98.71659663101181,1.1036231013253626,99.20168696800017,1.1090462714953306,99.26827540657563,1.1097907110485674,99.26827540657563,1.1097907110485674,99.26827540657563,1.1097907110485674,99.26827540657563,1.1097907110485674,99.14075208028827,1.1083650370114586,99.14075208028827,1.1083650370114586,102.48259465276391,1.1457258738904121,103.17963439889235,1.1535185773731378,103.09832171997829,1.1526095250562753,103.09832171997829,1.1526095250562753,103.09959621361395,1.1526237735278273,103.09959621361395,1.1526237735278273,103.14687876175131,1.153152378789706,103.26871166839351,1.1545144355750967,103.37971148525294,1.1557553815386905,103.26871166839342,1.1545144355750958,103.26871166839342,1.1545144355750958,103.47209730127037,1.1567882283372155,103.47209730127037,1.1567882283372155,103.47209730127037,1.1567882283372155,103.98762664466683,1.1625516978266477,104.31919391952312,1.1662585244055934,104.31919391952312,1.1662585244055934,104.29931058232387,1.1660362344258592,104.51693873248635,1.1684692544266984,104.51693873248635,1.1684692544266984,104.51693873248635,1.1684692544266984,104.51693873248635,1.1684692544266984,104.78369695530331,1.171451534481082,104.78369695530331,1.171451534481082,104.78369695530331,1.171451534481082,104.78369695530331,1.171451534481082,104.83394541851428,1.1720132978187403,104.83394541851428,1.1720132978187403,104.83394541851428,1.1720132978187403,104.83394541851428,1.1720132978187403,104.83394541851428,1.1720132978187403,104.83394541851428,1.1720132978187403,104.83394541851428,1.1720132978187403,104.98434602223324,1.1736947332245613,105.24250358671372,1.1765808603973558,105.24250343512587,1.1765808587026474,105.24250343782968,1.1765808587328752,105.24244975695336,1.1765802585961482,1.1765802585961482,105.24244975695336,105.2422660474521,1.1765782047768671,105.25300370922204,1.176698248740982,105.25300370922204,1.176698248740982,105.25300370922204,1.176698248740982,105.25300370922204,1.176698248740982,105.52753248469186,1.1797674013346389,105.449300525568,1.1788927905772022,105.449300525568,1.1788927905772022,105.449300525568,1.1788927905772022,105.48579480239198,1.1793007860748554,105.91603338953863,1.1841107294892483,105.91603338953863,1.1841107294892483,106.39853584431486,1.1895049678818832,106.39853584431486,1.1895049678818832,106.39853584431486,1.1895049678818832,106.39853584431486,1.1895049678818832,106.39853584431486,1.1895049678818832,106.39853584431486,1.1895049678818832,106.39853584431486,1.1895049678818832,106.39853584431486,1.1895049678818832,106.39853584431486,1.1895049678818832,106.39853584431486,1.1895049678818832,106.47889855000838,1.1904033997719117,107.72212515707875,1.2043023149550773,107.72212515707875,1.2043023149550773,110.08096867597119,1.230673505704207,110.08238808602091,1.2306893742995049,110.08238808602091,1.2306893742995049,110.12863504289636,1.2312064019495212,110.12863504289636,1.2312064019495212,110.6328508301013,1.2368433891411716,110.68094681171053,1.2373810883548435,110.68094681171053,1.2373810883548435,110.81890577157102,1.2389234297678682,110.81890577157102,1.2389234297678682,110.81890577157102,1.2389234297678682,111.47680864283494,1.2462785942684143,111.47680864283494,1.2462785942684143,111.93187847988855,1.2513661439006811,112.11654714063918,1.2534306863084488,112.11654714063918,1.2534306863084488,112.11654714063918,1.2534306863084488,113.27410026296427,1.2663717966222938,113.73210677128583,1.2714921773930206,114.00364771861307,1.2745279269291019,114.28054469403375,1.277623555315721,114.28054469403375,1.277623555315721,114.42573916619834,1.2792467876711124,114.57189357417286,1.2808807518322163,114.58009400638085,1.2809724303010295,114.60940619026432,1.2813001320694062,114.60940619026432,1.2813001320694062,114.83624259283627,1.2838360976784686,115.31883606378244,1.2892313536056534,115.12240423833092,1.2870353024065413,115.47996871950252,1.2910327702599906,115.7174394660473,1.2936876247699713,115.7174394660473,1.2936876247699713,115.75476713290276,1.294104937328003,115.75476713290276,1.294104937328003,115.89260415838108,1.295645915549775,115.53807879996438,1.2916824242128846,115.53807879996438,1.2916824242128846,115.53807879996438,1.2916824242128846,115.53807879996438,1.2916824242128846,115.62873980218798,1.2926959880902666,115.82677714171616,1.294909988474065,116.00910465214524,1.2969483574959306,116.00910465214524,1.2969483574959306,116.00910465214524,1.2969483574959306,116.35668702435429,1.3008342282479097,116.35668702435429,1.3008342282479097,116.35668702435429,1.3008342282479097,115.78745084234818,1.2944703317805264,115.78745084234818,1.2944703317805264,116.19525121982606,1.2990294224772616,116.35187435634737,1.300780424006549,116.35187435634737,1.300780424006549,116.27961712395857,1.2999726089721613,116.27961712395857,1.2999726089721613,116.27961712395857,1.2999726089721613,116.27961712395857,1.2999726089721613,115.90213134011333,1.2957524266959153,115.90213134011333,1.2957524266959153,115.90213134011333,1.2957524266959153,115.90213134011333,1.2957524266959153,115.98562570208412,1.2966858696006158,115.98562570208412,1.2966858696006158,115.98562570208412,1.2966858696006158,115.98562570208412,1.2966858696006158,115.98562570208412,115.98562570208412,1.2966858696006158,1.2966858696006158,115.98562570208412,1.2966858696006158,116.39880868559118,1.3013051362815506,116.76928243177088,1.305446925997486,116.76928243177088,1.305446925997486,117.12723205746242,1.309448699655674,117.12723205746242,1.309448699655674,117.47920898067147,1.3133837002213733,117.49625184992571,1.313574234588073,117.7634322962684,1.3165612349797942,117.74654045461219,1.3163723890581158,117.7634322962684,1.3165612349797942,118.36067840857667,1.3232382743958098,118.36067840857667,1.3232382743958098,118.36067840857667,1.3232382743958098,118.34406994908039,1.323052596605012,118.36067840857669,1.3232382743958098,118.36787850797865,1.3233187694321362,118.78041286195098,1.3279307846218007,119.04202687583103,1.3308555539027727,118.98318821574692,1.3301977546396704,119.08180964590105,1.33130031380721,119.23824936276417,1.3330492647575782,119.35914620026928,1.334400856559781,119.27351130563706,1.3334434831168032,119.27351130563706,1.3334434831168032,119.27351130563706,1.3334434831168032,119.28014877388624,1.3335176880989856,120.18614080109344,1.343646417866482,120.18614080109344,1.343646417866482,120.51428312026131,1.3473149544278646,119.79714124698036,1.3392975149567803,120.14401341744983,1.343175445857983,119.97163874356316,1.3412483466803662,119.97163874356316,1.3412483466803662,119.97163874356316,1.3412483466803662,120.09530503009567,1.3426309001245713,120.78406875193586,1.350331080040811,120.66084587350643,1.3489534837714132,120.43181614104239,1.34639299736625,120.4383254787407,1.3464657698857996,120.4383254787407,1.3464657698857996,120.4383254787407,1.3464657698857996,121.32990108047576,1.3564333281711687,121.551722283597,1.3589132252956961,121.26954962390757,1.355758616279345,121.02072261659018,1.3529768020466726,120.22290962833064,1.3440574827586327,119.89744832108597,1.340418919137914,119.89744832108597,1.340418919137914,119.18345288118346,1.3324366558852336,119.61121438914458,1.3372189062681987,119.9506069352046,1.3410132171240474,120.23199195641962,1.344159020569243,120.46479989636036,1.3467617462451589,120.46479989636036,1.3467617462451589,120.49736879077642,1.3471258570987426,119.73551742282291,1.3386085783619908,120.08090913615715,1.3424699581790727,119.77984115185612,1.3391041048789833,119.67627753712226,1.3379462935121242,119.23692764746674,1.3330344883614567,120.53435920626718,1.3475393992837088,120.50656603582483,1.3472286796478417,120.50656603582483,1.3472286796478417,120.04350400773423,1.3420517796230405,119.85076501652028,1.3398970132464711,120.12376068746475,1.342949026173358,120.12376068746475,1.342949026173358,120.12376068746475,1.342949026173358,120.12376068746475,1.342949026173358,120.80372081681602,1.3505507844626679,121.4308755294431,1.3575621934109265,121.7914301267343,1.3615930899008752,121.64137317693249,1.359915496446811,121.57629952493951,1.3591879917710217,121.57629952493951,1.3591879917710217,121.57629952493951,1.3591879917710217,121.64290064002657,1.359932573044005,121.53737740162995,1.3587528536493376,120.95705030751435,1.352264963980846,120.64972908376863,1.348829201265878,120.75912628625716,1.3500522304626603,119.5780961083142,1.33684865343283,119.9819515030288,1.341363640359171,120.06580541872731,1.342301102970928,119.97676081576836,1.3413056099714968,120.07368654831177,1.3423892117284297,119.99524339334128,1.3415122398622918,119.89776898441396,1.3404225040615092,119.81224739536773,1.3394663973423295,119.77176726471093,1.3390138411475034,120.5631769531033,1.3478615733883872,120.987570362861,1.352606169404086,121.21531917688412,1.355152335510226,121.41446703345844,1.3573787511545614,121.40909903983332,1.3573187385328278,121.40909903983332,1.3573187385328278,120.6554236089129,1.348892864415893,120.3131101909972,1.3450658990544604,120.83570694099896,1.350908380112993,121.1021608301849,1.3538872578050873,121.11970731251706,1.3540834224208627,120.33172349281998,1.3452739904046955,120.7757661469971,1.3502382593103128,120.93921199671871,1.3520655368069507,121.58915279393206,1.3593316876141912,121.50401069462424,1.3583798234809223,121.18093175842174,1.3547678940818824,121.06880158998412,1.3535143111133994,120.85310292907072,1.3511028622463077,120.85310292907072,1.3511028622463077,120.85310292907072,1.3511028622463077,120.7746658195842,1.3502259579669385,120.8845030507732,1.3514539065577809,120.39554821087964,1.345987532359039,119.43763090867382,1.3352782929813363,119.76321284648432,1.3389182052170168,119.76321284648432,1.3389182052170168,119.643840826112,1.3375836604309235,119.79624408093056,1.3392874848988967,119.9751538491916,1.3412876445482784,119.9751538491916,1.3412876445482784,121.25160190526488,1.3555579659572499,121.52089202020018,1.3585685518358537,121.3734486932631,1.3569201779322004,121.3734486932631,1.3569201779322004,121.30938107832807,1.3562039204607905,121.27075916102343,1.3557721385557255,122.20013080218493,1.36616224566949,122.23320606382624,1.3665320175627227,122.23320606382624,1.3665320175627227
Portakal,88.0,0.0076001790185735,0.0,100.0,0.76001790185735,100.0,0.76001790185735,100.0,0.76001790185735,100.0,0.76001790185735,100.0,0.76001790185735,98.06338028169012,0.7452992453072955,97.55263350938964,0.7414174784046532,97.55263350938964,0.7414174784046532,97.55263350938964,0.7414174784046532,97.55263350938964,0.7414174784046532,97.55263350938964,0.7414174784046532,97.55263350938964,0.7414174784046532,95.80563076029598,0.7281399447656014,95.80563076029598,0.7281399447656014,95.80563076029598,0.7281399447656014,95.80563076029598,0.7281399447656014,95.80563076029598,0.7281399447656014,95.80563076029598,0.7281399447656014,94.7642652085536,0.7202253801485837,95.58065474369644,0.7264300867645593,95.58065474369644,0.7264300867645593,95.41282917934714,0.7251545824316116,95.3995281343872,0.7250534921087819,95.3995281343872,0.7250534921087819,95.3995281343872,0.7250534921087819,95.05541605970836,0.72243817873877,95.06868207423102,0.7225390028240052,95.06868207423102,0.7225390028240052,94.6024762238742,0.7189957549017871,94.68436731758074,0.7196181418739835,95.56388350257214,0.726302622329651,95.56388350257214,0.726302622329651,95.05771886537627,0.7224556804740911,95.05771886537627,0.7224556804740911,101.3260622559176,0.7700962123920972,101.32606225591768,0.7700962123920978,98.1556598073595,0.7460005862221318,98.1556598073595,0.7460005862221318,98.1556598073595,0.7460005862221318,98.26235074193272,0.7468114564245473,97.30937535758208,0.7395686729031885,101.3707015411206,0.7704354789509011,101.60754897462789,0.7722355618456462,101.60754897462785,0.7722355618456459,101.60754897462785,0.7722355618456459,101.60754897462785,0.7722355618456459,101.60754897462785,0.7722355618456459,101.37450413753012,0.7704643793643489,101.13764781945176,0.7686642289452731,101.13764781945176,0.7686642289452731,99.5553942553177,0.7566388186050783,99.5553942553177,0.7566388186050783,99.5553942553177,0.7566388186050783,99.31835760232885,0.7548372976083996,99.31835760232288,0.7548372976083542,101.09443695859368,0.768335818667205,101.09443695859368,0.768335818667205,101.09443695859368,0.768335818667205,98.98478677164468,0.7523020995798256,0.7523020995798256,98.98478677164468,98.98478677164468,0.7523020995798256,98.98478677164468,0.7523020995798256,100.44773827954224,0.763420792935339,100.44773827954224,0.763420792935339,100.20393308954341,0.7615678298456907,100.67532255972273,0.765150474206524,94.63665402822153,0.7192555123332885,94.63665402822153,0.7192555123332885,94.63665402822153,0.7192555123332885,98.59303588558885,0.7493247227151165,106.85953833045538,0.8121516211535776,99.43363227349651,0.755713405745581,88.39378809734565,0.6718086136696784,88.39378809734565,0.6718086136696784,88.39378809734565,0.6718086136696784,88.39378809734565,0.6718086136696784,88.39378809734565,0.6718086136696784,88.39378809734565,0.6718086136696784,88.39378809734565,0.6718086136696784,89.04143090736923,0.6767308149659496,89.04143090736923,0.6767308149659496,89.04143090736923,0.6767308149659496,89.04143090736923,0.6767308149659496,89.04143090736923,0.6767308149659496,89.04143090736923,0.6767308149659496,89.04143090736923,0.6767308149659496,91.08657726194916,0.6922742933799401,91.08657726194916,0.6922742933799401,91.08657726194916,0.6922742933799401,91.08657726194916,0.6922742933799401,96.67411645727542,0.7347405915377158,96.67411645727542,0.7347405915377158,91.0865772619491,0.6922742933799396,91.0865772619491,0.6922742933799396,91.0865772619491,0.6922742933799396,91.0865772619491,0.6922742933799396,90.19637622916358,0.6855086061682506,98.22453396561627,0.7465240421546369,98.22453396561627,0.7465240421546369,88.62360523354997,0.6735552650463671,85.71051309608193,0.651415243304011,85.71051309608193,0.651415243304011,85.71051309608193,0.651415243304011,85.71051309608193,0.651415243304011,97.79031860120875,0.7432239276525247,106.41192366666084,0.8087496695774006,106.41192366666084,0.8087496695774006,102.91524124308778,0.7821742571871458,102.91524124308778,0.7821742571871458,104.89685751810624,0.797234895623405,107.01969255991786,0.8133688219680741,112.34830533264449,0.8538672329614538,106.24581900354664,0.8074872444019128,111.32677297280958,0.8461034041534428,120.23972204172044,0.9138434126605933,121.79352900651241,0.9256526237533186,121.79352900651241,0.9256526237533186,127.011738818955,0.9653119524843591,131.88063907723793,1.002316466070888,136.95381172054334,1.040873486352139,112.54595060724317,0.855369372430579,112.54595060724317,0.855369372430579,116.55330474613797,0.8858259812770009,116.55330474613797,0.8858259812770009,125.15048550941205,0.9511660941329203,142.2221387159118,1.0809137146453227,142.2221387159118,1.0809137146453227,130.07538712243826,0.9885962280407808,130.07538712243826,0.9885962280407808,130.07538712243826,0.9885962280407808,130.07538712243826,0.9885962280407808,130.07538712243826,0.9885962280407808,142.22213871591188,1.0809137146453234,142.22213871591188,1.0809137146453234,130.07538712243846,0.9885962280407824,127.00975434573142,0.9652968701326023,127.00975434573142,0.9652968701326023,127.00975434573142,0.9652968701326023,122.30493888214642,0.9295394303600034,125.6197473652761,0.954732568244075,131.3595516420024,0.9983561082787688,122.30493888214657,0.9295394303600046,118.92967950286834,0.9038868548433707,118.92967950286834,0.9038868548433707,118.92967950286834,0.9038868548433707,120.01721758857616,0.912152338984267,123.38800713281984,0.9377709429544546,123.38800713281984,0.9377709429544546,123.38800713281984,0.9377709429544546,128.70349131383043,0.9781695743005306,128.70349131383043,128.70349131383043,0.9781695743005306,0.9781695743005306,128.70349131383043,0.9781695743005306,128.70349131383043,0.9781695743005306,128.70349131383043,0.9781695743005306,128.70349131383043,0.9781695743005306,128.70349131383043,0.9781695743005306,128.70349131383043,0.9781695743005306,128.70349131383043,0.9781695743005306,128.70349131383043,0.9781695743005306,129.64068332808114,0.9852924013836136,128.5342981753748,0.9768836761595536,122.36417725565146,0.9299896526034108,129.03681160650757,0.9807028681954003,129.03681160650757,0.9807028681954003,129.03681160650757,0.9807028681954003,132.0469186261449,1.0035802204097088,140.14458545982578,1.0651239379784487,140.14458545982578,1.0651239379784487,127.37892133969228,0.9681026053744536,129.6836211771265,0.9856187367230308,129.6836211771265,0.9856187367230308,127.37892133969268,0.9681026053744566,129.12681923045471,0.981386942250435,133.2707496691138,1.0128815554247599,135.386258574127,1.0289598018182466,134.8417380178503,1.0248213481112505,134.8417380178503,1.0248213481112505,134.8417380178503,1.0248213481112505,134.8417380178503,1.0248213481112505,134.8417380178503,1.0248213481112505,139.2899920183777,1.0586288748353443,136.49528994700134,1.0373886387893059,136.49528994700134,1.0373886387893059,142.24940524019752,1.0811209451111083,142.24940524019752,1.0811209451111083,142.24940524019752,1.0811209451111083,144.6575839953255,1.0994235347588066,154.47269324083442,1.1740201221115303,154.47269324083442,1.1740201221115303,154.47269324083442,1.1740201221115303,154.47269324083442,1.1740201221115303,154.47269324083442,1.1740201221115303,154.47269324083442,1.1740201221115303,154.47269324083442,1.1740201221115303,158.31177367517384,1.2031978206792127,158.31177367517384,1.2031978206792127,158.31177367517384,1.2031978206792127,154.43851279568983,1.1737603446094969,154.43851279568983,1.1737603446094969,154.43851279568983,1.1737603446094969,151.3302761095893,1.1501371893630352,160.53106128226204,1.2200648037867847,163.48978159228,1.2425516078088104,163.48978159228,1.2425516078088104,164.8515573715162,1.252901347514163,164.8515573715162,1.252901347514163,165.78446823633922,1.2599916370951902,165.20926310523006,1.2556199751263586,170.2430728150199,1.2938778300661948,170.93581728074312,1.2991428120198174,166.52994487522173,1.2656573930048618,168.70072617229027,1.2821557194727538,168.0397558648334,1.2771322268101202,168.64243999891738,1.2817127341208123,168.64243999891738,1.2817127341208123,167.1746895697043,1.2705575681042047,163.29959918403136,1.2411061874599374,161.0934959519417,1.2243394079626022,160.93905309701952,1.2231656146170542,160.1434867853699,1.2171191682273708,161.07919219467504,1.2242306968467376,162.41839448829742,1.2344088740203518,161.21565813472318,1.2252678624210414,161.81255398634318,1.229804377748797,160.20655264244365,1.217598480031091,156.82082367204737,1.191866333747709,156.63914396585386,1.1904855354565964,155.22107499339853,1.1797079574052514,155.88431319402403,1.1847486864619616,153.74092215707606,1.1684585308743511,152.01076721295868,1.155309043569189,149.25352032753457,1.1343534736415617,148.82194358585807,1.1310734131445674,148.02560540933663,1.1250211004436803,148.6814929740283,1.130005963351393,146.78307817696677,1.1155776710422165,144.0219646126448,1.0945927136627582,143.5977190731818,1.091368371615008,143.26234060038496,1.0888194351827762,142.12757625667587,1.080195023026693,139.9909829708821,1.0639565315647783,142.87132235827883,1.0858476265432417,143.83493146567795,1.093171228263403,143.44255151499738,1.0901890703949315,145.16761556446335,1.1032998659893782,142.85842262289884,1.0857495862450617,144.16351324568376,1.0956685086136886,143.10320363446442,1.0876099657533076,143.3709312670148,1.0896447436889094,143.32321812177608,1.0892821152435557,143.01147571661016,1.086912817156614,145.33260936177402,1.1045538483858934,144.99234870711288,1.1019678064974918,142.42915404786578,1.0824870682277623,142.6121034525985,1.0838775164550725,143.25033997311795,1.0887282282672117,144.59258285278915,1.0989295144391185,141.30170359404232,1.073918242944132,141.59722015512747,1.0761642217113325,141.31152894349918,1.0739929173589244,140.77440973484715,1.0699107152188543,141.16271576068218,1.0728619105291914,142.03355167957267,1.079480419408563,144.236280240029,1.0962215507973558,143.32973000536177,1.089331606724555,142.85024890074126,1.0856874644934158,141.82708056933387,1.0779112020085846,142.0657262156206,1.0797249516423668,142.0657262156206,1.0797249516423668,143.08032204751825,1.0874360615962875,144.1327375245797,1.0954346076238721,144.7962180247207,1.1004771782002762,144.7987201164642,1.100496194545448,150.44295725277613,1.143393407204699,147.5904878487979,1.1217141290894608,147.5904878487979,1.1217141290894608,148.76438881478558,1.1306359865810436,152.93987572631013,1.1623704345983408,147.08526201437755,1.117874322303058,151.9684241897928,1.1549872290129408,150.58470041176193,1.1444706805876492,147.8617728503307,1.1237759436661643
Pırasa,89.0,0.0019300552956379,,100.0,0.19300552956379,91.65623696287028,0.17690160552843,91.65623696287028,0.17690160552843,91.65623696287028,0.17690160552843,88.8787752367227,0.1715409508154473,98.77068121743753,0.19063287633747816,98.77068121743753,0.19063287633747816,88.88125130830757,0.17154572977052204,88.88125130830757,0.17154572977052204,88.88125130830757,0.17154572977052204,88.88125130830757,0.17154572977052204,88.88125130830757,0.17154572977052204,88.88125130830757,0.17154572977052204,91.84395968525114,0.17726392076287276,91.84395968525114,0.17726392076287276,91.84395968525114,0.17726392076287276,91.84395968525114,0.17726392076287276,91.84395968525114,0.17726392076287276,89.45045043284762,0.17264431555511303,91.8680301742759,0.17731037813768358,91.8680301742759,0.17731037813768358,98.8170222002788,0.19072231699681602,108.8419374959593,0.21007095785156557,108.8419374959593,0.21007095785156557,108.8419374959593,0.21007095785156557,110.05129235702552,0.21240507960547184,110.05129235702552,0.21240507960547184,110.05129235702552,0.21240507960547184,107.68459789773466,0.20783722843116065,108.03714146464718,0.20851765700942324,107.68459789773462,0.20783722843116056,107.68459789773462,0.20783722843116056,111.48627089412426,0.215174667530126,111.48627089412426,0.215174667530126,99.09890746144372,0.19126637113788963,99.09890746144372,0.19126637113788963,99.09890746144372,0.19126637113788963,99.09890746144372,0.19126637113788963,99.09890746144372,0.19126637113788963,99.09890746144372,0.19126637113788963,99.09890746144372,0.19126637113788963,96.8967095178561,0.18701600733482546,96.8967095178561,0.18701600733482546,96.8967095178561,0.18701600733482546,96.8967095178561,0.18701600733482546,96.8967095178561,0.18701600733482546,96.8967095178561,0.18701600733482546,96.8967095178561,0.18701600733482546,90.55228210894882,0.17477091161647373,90.55228210894882,0.17477091161647373,90.55228210894882,0.17477091161647373,90.55228210894882,0.17477091161647373,90.55228210894882,0.17477091161647373,92.27708748245269,0.17809988136154958,92.27708748245269,0.17809988136154958,92.27708748245269,0.17809988136154958,92.27708748245269,0.17809988136154958,108.07226461908867,0.20858544663965253,108.07226461908867,0.20858544663965253,0.20858544663965253,108.07226461908867,108.07226461908867,0.20858544663965253,112.57527564488407,0.21727650691630482,130.29732261581398,0.25148103752209167,131.12460720385087,0.2530777425222319,131.12460720385087,0.2530777425222319,129.54953684704788,0.25003776963908203,129.54953684704788,0.25003776963908203,129.54953684704788,0.25003776963908203,129.54953684704788,0.25003776963908203,130.44298192875158,0.25176216805038587,130.44298192875158,0.25176216805038587,130.44298192875158,0.25176216805038587,130.44298192875158,0.25176216805038587,130.44298192875158,0.25176216805038587,130.44298192875158,0.25176216805038587,200.7355818903575,0.38743077285043986,200.7355818903575,0.38743077285043986,200.7355818903575,0.38743077285043986,200.7355818903575,0.38743077285043986,200.7355818903575,0.38743077285043986,200.7355818903575,0.38743077285043986,200.7355818903575,0.38743077285043986,190.69378189584265,0.3680495435932898,190.69378189584265,0.3680495435932898,190.69378189584265,0.3680495435932898,190.69378189584265,0.3680495435932898,190.69378189584265,0.3680495435932898,190.69378189584265,0.3680495435932898,190.69378189584265,0.3680495435932898,130.44298192875166,0.25176216805038604,130.44298192875166,0.25176216805038604,130.44298192875166,0.25176216805038604,130.44298192875166,0.25176216805038604,130.44298192875166,0.25176216805038604,120.40118193423652,0.23238093879323546,120.40118193423652,0.23238093879323546,120.40118193423652,0.23238093879323546,120.40118193423652,0.23238093879323546,120.40118193423652,0.23238093879323546,120.40118193423652,0.23238093879323546,120.40118193423652,0.23238093879323546,120.40118193423652,0.23238093879323546,120.40118193423652,0.23238093879323546,120.40118193423652,0.23238093879323546,120.40118193423652,0.23238093879323546,120.40118193423652,0.23238093879323546,120.40118193423652,0.23238093879323546,120.40118193423652,0.23238093879323546,120.40118193423652,0.23238093879323546,120.40118193423652,0.23238093879323546,120.40118193423652,0.23238093879323546,120.40118193423652,0.23238093879323546,110.35938193972137,0.21299970953608485,110.35938193972137,0.21299970953608485,110.35938193972137,0.21299970953608485,110.35938193972137,0.21299970953608485,110.35938193972137,0.21299970953608485,110.35938193972137,0.21299970953608485,110.35938193972137,0.21299970953608485,110.35938193972137,0.21299970953608485,110.35938193972137,0.21299970953608485,140.38436392332153,0.27094958501496486,140.38436392332153,0.27094958501496486,140.38436392332153,0.27094958501496486,140.38436392332153,0.27094958501496486,140.38436392332153,0.27094958501496486,140.38436392332153,0.27094958501496486,140.38436392332153,0.27094958501496486,150.52658191778173,0.2905246265646868,150.52658191778173,0.2905246265646868,150.52658191778173,0.2905246265646868,150.52658191778173,0.2905246265646868,150.52658191778173,0.2905246265646868,150.52658191778173,0.2905246265646868,150.52658191778173,0.2905246265646868,150.52658191778173,0.2905246265646868,150.52658191778173,0.2905246265646868,150.52658191778173,0.2905246265646868,150.52658191778173,0.2905246265646868,150.52658191778173,0.2905246265646868,150.52658191778173,0.2905246265646868,110.35938193972123,0.21299970953608457,110.35938193972123,0.21299970953608457,110.35938193972123,0.21299970953608457,110.35938193972123,0.21299970953608457,110.35938193972123,0.21299970953608457,110.35938193972123,0.21299970953608457,110.35938193972123,0.21299970953608457,110.35938193972123,0.21299970953608457,110.35938193972123,0.21299970953608457,110.35938193972123,110.35938193972123,0.21299970953608457,0.21299970953608457,109.77415699854755,0.21187019303923293,110.1904136991306,0.212673591488538,108.1247235846345,0.20868669534390794,105.64454053107491,0.2038998049072339,104.38596114498466,0.2014706770981297,104.19889283483073,0.20110962491547107,103.25777757439769,0.19929322042326666,102.27143897040021,0.19738953237732923,102.20346896741088,0.19725834651311516,101.3118917628475,0.19553755320797755,100.44421056519548,0.19386288051752384,99.13158805162044,0.1913294464840248,98.59464532914727,0.19029311733906124,97.91768431590624,0.188986545150515,98.8794551045443,0.1908428159543157,97.93290367094917,0.1890159193473118,97.62604466438151,0.1884236644966717,96.13093217605964,0.1855380147210117,95.61522252672144,0.18454266658129495,94.49972052676232,0.18238968603897918,96.68830022093293,0.18661376586763873,96.1940192789948,0.18565977631811817,94.19756579565171,0.1818065107000971,93.9784102147417,0.18138352831059312,93.27137883597825,0.18001891865382857,93.24116267713332,0.17996059979643608,92.19348616019788,0.17793852618680936,91.06445743857243,0.17575943832370888,89.4024875673397,0.17255174457254552,88.14013857015541,0.17011534120558677,84.76194315925932,0.1635952372630871,83.08395185818816,0.1603566212664204,82.94104351834932,0.1600808002683236,83.81926176228409,0.16177581004075572,83.65892074509219,0.16146634301141655,82.09486280470081,0.15844762470087967,81.76311626678019,0.15780733553855641,80.25357457757582,0.15489383660732134,79.00834539954829,0.1524904754379865,77.84324383407136,0.15024176499158173,78.07365538065787,0.15068647201724714,78.31383327550878,0.15115002863509933,77.19659637350875,0.14899369963591208,78.32223566353247,0.15116624570860043,77.33177249965861,0.14925459703403143,75.78800516972495,0.14627504072366018,75.2228189388647,0.14518420004576674,75.44767828249536,0.14561819101271475,75.04241866676219,0.14483601754526076,74.54478761474975,0.1438755620980503,74.01903020960917,0.14286082123403787,74.7025914837481,0.1441801322910827,71.65013739916016,0.13828872712043222,70.90573362246614,0.13685198666913106,71.3152660390923,0.13764240687857576,71.69107007671698,0.1383677294515154,72.68142032973228,0.1402791602018839,72.50593009604226,0.13994045434701777,72.3945970956263,0.13972557549998565,70.93316954767236,0.13690493952186608,70.80726848995657,0.1366619435186953,70.66186781448259,0.1363813121750074,71.70670468866034,0.1383979051170919,71.70670468866032,0.13839790511709188,69.42727540735581,0.133998480561678,69.0202785199127,0.1332129540637603,68.93440534658156,0.1330472140908193,68.86414924082331,0.1329116159218497,68.54655499251558,0.13229864146103923,68.86410932515068,0.13291153888239435,71.8360402264022,0.1386475298566248,72.22762330127217,0.13940330684395974,72.58975858276351,0.14010224796173942,71.89047931561524,0.1387526003090501,71.09303389557627,0.1372134865531217,71.17742885378185,0.1373763734891315,70.63050808973267,0.13632078617218407,71.78094344202476,0.1385411900161645,71.45626763135957,0.1379145477484246,71.48827997703889,0.13797633334572876,70.42746447587899,0.13592890077002032,70.34148913039112,0.13576296359916717,70.3600168540194,0.13579872313027205,70.69618001635774,0.13644753662194153,72.03495690152029,0.13903145003882714,72.26115357477768,0.13946802212590323,71.98843784441291,0.13894166568630895,70.5015818564652,0.13607195141291953,70.40539158047444,0.13588629886135473,70.35722420956778,0.13579333317205936,71.33723251790576,0.13768480339733621,71.78318691734354,0.13854552004758414,72.52561332605673,0.13997844406934243,71.80232115992784,0.13858245019381196,71.81018488610556,0.13859762762016473,73.2213044350241,0.1413211663783331,73.2213044350241,0.1413211663783331,73.26515945007155,0.14140580898236574,74.45931429181523,0.14371059385848475,76.27414645771385,0.1472133202909714,76.06228618600424,0.14680441825162296,75.34841288429412,0.14542660330524285,72.74627045773065,0.14040432453484994,72.86612558384768,0.14063565155572147,75.21403062900589,0.14516723812178403,75.26461236322037,0.1452648636657672,75.38747276297049,0.14550199103092915,75.29427724342821,0.14532211852490684,75.6098056853014,0.14593110586506855,75.05836754335967,0.1448667997589972,74.93526596456441,0.14462920690494202,77.18381097122996,0.14896902310253704,78.17332561970782,0.150878841089943,77.87734807681747,0.15030758806589758,78.22025737334394,0.15096942196958196,77.88301926114943,0.15031853376525,77.71758262794266,0.14999923191523679,77.14186072773327,0.14888805681292294,77.00907335568483,0.14863176984230703,76.73678729481912,0.14810624268860478,76.11679019543227,0.14690961400365304,75.8563410429398,0.14640693273764055,74.9907360376463,0.14473626721324315,74.9336324173307,0.14462605406845294,74.86969823809372,0.14450265756724434,74.8546397823741,0.14447359391503853,77.0311791266883,0.1486744352026964,77.92200847113448,0.1503937850964544,72.54174186107153,0.14000957303375863,75.81695178806294,0.14633090929767423,76.50513103197454,0.1476591332917339
Reçel,90.0,0.001138246282315,0.0,100.0,0.1138246282315,99.81150302897396,0.11361007225500197,99.52451233093174,0.11328340615989643,99.52451233093174,0.11328340615989643,99.52451233093174,0.11328340615989643,99.52451233093174,0.11328340615989643,99.52451233093174,0.11328340615989643,99.52451233093174,0.11328340615989643,101.22074893548802,0.11521414116895923,102.1398363084024,0.11626028895430168,102.1398363084024,0.11626028895430168,102.1398363084024,0.11626028895430168,102.12305723119476,0.11624119023204942,102.63249396967224,0.11682105470569609,102.63249396967224,0.11682105470569609,102.63249396967224,0.11682105470569609,102.63249396967224,0.11682105470569609,102.63249396967224,0.11682105470569609,102.54767372672208,0.11672450837949301,103.1201404218589,0.11737611646698166,103.1201404218589,0.11737611646698166,102.48096599775648,0.11664857855499625,103.133997297575,0.11739188900425,103.56017084012691,0.11787697945468073,103.56017084012691,0.11787697945468073,101.12134357383071,0.11510099338561063,100.67216736893376,0.1145897202402823,100.67216736893376,0.1145897202402823,100.51622908823003,0.1144122240720007,100.56979695109266,0.11447319749275564,100.51622908823002,0.11441222407200069,100.51622908823002,0.11441222407200069,100.51622908823002,0.11441222407200069,100.51622908823002,0.11441222407200069,100.68493011462706,0.11460424738811985,101.14918273877669,0.11513268121161314,102.38310827021088,0.11653719236042168,102.38310827021088,0.11653719236042168,102.38310827021088,0.11653719236042168,102.38310827021088,0.11653719236042168,102.38310827021088,0.11653719236042168,102.38310827021088,0.11653719236042168,102.38310827021088,0.11653719236042168,102.38310827021088,0.11653719236042168,102.38310827021088,0.11653719236042168,102.38302988386612,0.11653710313745616,102.38302988044931,0.116537103133567,102.3830294025072,0.11653710258955116,102.37919487798422,0.11653273795626844,102.3791948779819,0.1165327379562658,102.37919482148897,0.11653273789196292,102.37928241463135,0.11653283759453159,102.37945881612815,0.11653303838287953,102.37945881612815,0.11653303838287953,102.37945881612815,0.11653303838287953,102.37945881612815,0.11653303838287953,102.80281704596,0.11701492431407308,102.80281704627998,0.1170149243144373,102.80281584384832,0.11701492294577394,0.11701492294577394,102.80281584384832,102.80278398208587,0.11701488667924127,102.8160145985688,0.11702994637926571,102.84394268947337,0.11706173542490998,103.35060115995154,0.11763843754533516,102.99557125852546,0.11723432607992627,102.99557125852546,0.11723432607992627,102.99557125852546,0.11723432607992627,102.99557125852546,0.11723432607992627,102.99557125852546,0.11723432607992627,102.99557125852546,0.11723432607992627,103.13164412241542,0.11738921051137298,103.98129056199743,0.11835631741250938,103.98129056199743,0.11835631741250938,103.98129056199743,0.11835631741250938,103.98129056199743,0.11835631741250938,103.98129056199743,0.11835631741250938,103.98129056199743,0.11835631741250938,103.98129056199743,0.11835631741250938,103.98129056199743,0.11835631741250938,103.98129056199743,0.11835631741250938,103.98129056199743,0.11835631741250938,103.98129056199743,0.11835631741250938,103.98129056199743,0.11835631741250938,103.98129056199743,0.11835631741250938,103.98129056199743,0.11835631741250938,103.8689819179349,0.11822848251593336,103.9132598817007,0.11827888174357826,103.9132598817007,0.11827888174357826,103.95049932275786,0.11832126939891707,103.95049932275786,0.11832126939891707,103.95049932275786,0.11832126939891707,104.11865161831366,0.11851266812419618,105.05211940147016,0.1195751843580349,105.22056185236328,0.11976691335154802,105.22056185236328,0.11976691335154802,105.22056185236328,0.11976691335154802,105.34246754303638,0.11990567205074971,105.34246754303638,0.11990567205074971,105.64395156897423,0.12024883512245084,105.64395156897423,0.12024883512245084,105.64395156897423,0.12024883512245084,105.64395156897423,0.12024883512245084,105.64395156897423,0.12024883512245084,105.64395156897423,0.12024883512245084,105.64395156897423,0.12024883512245084,105.64395156897423,0.12024883512245084,105.64395156897423,0.12024883512245084,105.64395156897423,0.12024883512245084,105.64395156897423,0.12024883512245084,105.66032119172834,0.1202674677846936,105.7188338871687,0.12033406964274682,108.61892203201855,0.12363508419200796,108.80354179430427,0.12384522695007155,109.17374058464482,0.1242666043468942,109.58070962032068,0.12472983533876957,109.58070962032068,0.12472983533876957,109.58070962032068,0.12472983533876957,109.58070962032068,0.12472983533876957,109.58070962032068,0.12472983533876957,109.58070962032068,0.12472983533876957,109.58070962032068,0.12472983533876957,109.58070962032068,0.12472983533876957,109.58070962032068,0.12472983533876957,109.58070962032068,0.12472983533876957,110.2155680966974,0.12545246063930154,110.44404009988374,0.12571251804754144,111.59897412121992,0.12702711740364647,111.78818173771634,0.12724248226970922,111.78818173771634,0.12724248226970922,111.78818173771634,0.12724248226970922,111.78818173771634,0.12724248226970922,111.78818173771634,0.12724248226970922,111.78818173771634,0.12724248226970922,111.82638833183545,0.12728597078342518,111.82638833183545,0.12728597078342518,111.82638833183545,0.12728597078342518,111.82638833183545,0.12728597078342518,111.82638833183545,0.12728597078342518,111.82638833183545,0.12728597078342518,111.82638833183545,0.12728597078342518,112.212965680356,0.12772599101320592,112.212965680356,0.12772599101320592,111.80073621301516,0.1272567723545445,111.80073621301516,0.1272567723545445,111.80073621301516,0.1272567723545445,111.80073621301516,0.1272567723545445,111.80073621301516,0.1272567723545445,111.80073621301516,0.1272567723545445,111.80073621301516,0.1272567723545445,111.80073621301516,0.1272567723545445,111.80073621301516,111.80073621301516,0.1272567723545445,0.1272567723545445,111.80073621301516,0.1272567723545445,111.80073621301516,0.1272567723545445,112.41553208701949,0.12795656147251253,112.41553208701949,0.12795656147251253,112.41553208701949,0.12795656147251253,112.41553208701949,0.12795656147251253,112.41553208701949,0.12795656147251253,112.41553208701949,0.12795656147251253,112.41553208701949,0.12795656147251253,112.41553208701949,0.12795656147251253,112.41553208701949,0.12795656147251253,112.41553208701949,0.12795656147251253,112.41553208701949,0.12795656147251253,112.41553208701949,0.12795656147251253,112.41553208701949,0.12795656147251253,112.41553208701949,0.12795656147251253,112.41553208701949,0.12795656147251253,112.41553208701949,0.12795656147251253,112.17391682576647,0.12768154379964072,112.17391682576647,0.12768154379964072,112.28082384657179,0.12780323031862575,112.28082384657179,0.12780323031862575,112.28082384657179,0.12780323031862575,110.68536734589807,0.12598720788813858,111.60118426688483,0.12702963309373294,111.60118426688483,0.12702963309373294,111.60118426688483,0.12702963309373294,111.60118426688483,0.12702963309373294,111.60118426688483,0.12702963309373294,111.83265365004583,0.12729310225858567,111.83265365004583,0.12729310225858567,112.1145237444102,0.12761393984559172,112.1145237444102,0.12761393984559172,112.1145237444102,0.12761393984559172,112.1145237444102,0.12761393984559172,112.40689501432529,0.12794673035662826,112.26372324239549,0.12778376561949673,113.29297875221889,0.12895531187710543,112.45490897255716,0.12800138206608494,112.45490897255716,0.12800138206608494,112.45490897255716,0.12800138206608494,113.26344955908749,0.12892170038280387,113.27766911950769,0.1289378857445883,113.40195874639973,0.1290793579503285,113.40633894165633,0.12908434369129512,113.39243620822567,0.12906851895665367,113.60781710866397,0.1293136754658592,113.94445512016212,0.1296968524309329,113.94445512016212,0.1296968524309329,113.96846204351318,0.12972417822218707,114.68379966068287,0.13053840860553054,114.5085763940654,0.1303389613737281,115.19530598656083,0.13112062877934172,115.58094935096264,0.13155958590517153,115.58094935096264,0.13155958590517153,115.58094935096264,0.13155958590517153,112.91635246621054,0.12852661840723434,112.91635246621054,0.12852661840723434,112.93915906386933,0.1285525779322317,112.93915906386933,0.1285525779322317,112.93915906386933,0.1285525779322317,113.48160494421246,0.12917001493888935,113.34424150867389,0.12901366151906157,113.34424150867389,0.12901366151906157,113.07118375255854,0.128702854543306,113.07118375255854,0.128702854543306,113.07118375255854,0.128702854543306,113.07118375255854,0.128702854543306,112.95553396996804,0.12857121660822182,112.95553396996804,0.12857121660822182,112.74520847167058,0.12833181439170868,114.7896776434,0.13065892382573732,115.22906936488258,0.13115905981919485,115.99312452904738,0.13202874276928903,116.49120947023961,0.13259568610187816,116.49120947023961,0.13259568610187816,116.49120947023961,0.13259568610187816,116.49120947023961,0.13259568610187816,116.48330652103984,0.1325866905993322,116.42468797800893,0.13251996826065254,116.42468797800893,0.13251996826065254,115.9068723753889,0.1319305665760456,115.9068723753889,0.1319305665760456,115.9068723753889,0.1319305665760456,115.97363569909164,0.13200655968104524,116.158954324623,0.1322174979176,115.76266902307044,0.13176642764637175,115.76833958136459,0.1317728821382687,115.85907412413448,0.1318761603942541,115.85907412413448,0.1318761603942541,115.85907412413448,0.1318761603942541,116.06180300926124,0.1321069157940675,116.06180300926124,0.1321069157940675,116.06180300926124,0.1321069157940675,116.22480064811447,0.1322924472505183,112.92405300277424,0.1285353835143498,115.51285835771093,0.13148208158524363,112.92405300277422,0.12853538351434976,112.92405300277422,0.12853538351434976,112.92405300277422,0.12853538351434976,113.04565024813742,0.12867379112682417,113.04565024813742,0.12867379112682417,113.04565024813742,0.12867379112682417,113.04565024813742,0.12867379112682417,113.04565024813742,0.12867379112682417,113.76851485186299,0.1294965890746319,113.76851485186299,0.1294965890746319,113.73787146822795,0.12946170935713178,112.67629721220946,0.12825337640681742,113.3820563678259,0.1290567041419076,113.3820563678259,0.1290567041419076,114.3945305345461,0.13020914909811687,117.15426959255637,0.13335041182105656,117.99734999501214,0.13431004495484447,119.14667396805292,0.13561825869433364,119.28902280730891,0.13578028673140863,119.36663046720808,0.13586862336176803,119.36663046720808,0.13586862336176803,119.36663046720808,0.13586862336176803,119.36663046720808,0.13586862336176803,119.1341566755747,0.13560401093270566,120.3497944191208,0.1369877060749388,122.3760282744463,0.13929405922786384,123.00805320146848,0.14001345925137723,123.00805320146848,0.14001345925137723,123.00805320146848,0.14001345925137723,123.00805320146848,0.14001345925137723,123.48857703128311,0.1405604137142275,122.79674388173052,0.139772937203767,123.41272004671096,0.14047406978355062,123.41272004671096,0.14047406978355062
Roka,91.0,0.0007801673806232,-0.7828751919823684,100.0,0.07801673806232,100.0,0.07801673806232,100.0,0.07801673806232,100.0,0.07801673806232,100.0,0.07801673806232,100.0,0.07801673806232,100.0,0.07801673806232,100.0,0.07801673806232,100.0,0.07801673806232,100.0,0.07801673806232,100.0,0.07801673806232,103.33333333333334,0.08061729599773067,103.33333333333334,0.08061729599773067,103.33333333333334,0.08061729599773067,103.33333333333334,0.08061729599773067,103.33333333333334,0.08061729599773067,103.33333333333334,0.08061729599773067,103.33333333333334,0.08061729599773067,112.72727272727272,0.08794614108843345,112.72727272727272,0.08794614108843345,112.72727272727272,0.08794614108843345,112.72727272727272,0.08794614108843345,112.72727272727272,0.08794614108843345,112.72727272727272,0.08794614108843345,112.72727272727272,0.08794614108843345,112.72727272727272,0.08794614108843345,112.72727272727272,0.08794614108843345,112.72727272727272,0.08794614108843345,118.0952380952381,0.09213405256883504,118.17772554662305,0.09219840658771633,118.09523809523812,0.09213405256883506,118.09523809523812,0.09213405256883506,118.09523809523812,0.09213405256883506,123.01587301587304,0.09597297142586986,123.01587301587304,0.09597297142586986,123.01587301587304,0.09597297142586986,123.01587301587304,0.09597297142586986,123.01587301587304,0.09597297142586986,123.01587301587304,0.09597297142586986,123.01587301587304,0.09597297142586986,123.01587301587304,0.09597297142586986,123.01587301587304,0.09597297142586986,120.73780129335687,0.09419569417724263,120.73780129335687,0.09419569417724263,120.73780129335687,0.09419569417724263,120.73780129335687,0.09419569417724263,120.73780129335687,0.09419569417724263,123.10520916185406,0.09604266857287484,123.10520916185406,0.09604266857287484,123.10520916185406,0.09604266857287484,123.10520916185406,0.09604266857287484,123.10520916185406,0.09604266857287484,123.10520916185406,0.09604266857287484,123.10520916185406,0.09604266857287484,123.10520916185406,0.09604266857287484,125.3849352574439,0.09782123650940952,125.3849352574439,0.09782123650940952,125.3849352574439,0.09782123650940952,125.3849352574439,0.09782123650940952,0.09782123650940952,125.3849352574439,133.2941104279748,0.10399171698509266,130.95561726257174,0.1021673008976349,136.66174437640925,0.10661903514154053,136.66174437640925,0.10661903514154053,136.66174437640925,0.10661903514154053,136.66174437640925,0.10661903514154053,136.66174437640925,0.10661903514154053,136.66174437640925,0.10661903514154053,136.66174437640925,0.10661903514154053,136.66174437640925,0.10661903514154053,136.66174437640925,0.10661903514154053,114.68782546723276,0.08947570038414171,114.68782546723276,0.08947570038414171,114.68782546723276,0.08947570038414171,114.68782546723276,0.08947570038414171,105.06365319111228,0.08196723510881437,105.06365319111228,0.08196723510881437,105.06365319111228,0.08196723510881437,105.06365319111228,0.08196723510881437,105.06365319111228,0.08196723510881437,105.06365319111228,0.08196723510881437,105.06365319111228,0.08196723510881437,105.06365319111228,0.08196723510881437,105.06365319111228,0.08196723510881437,105.06365319111228,0.08196723510881437,94.24761437543874,0.0735289144372715,92.56426011333488,0.07221561635194503,90.07832640121882,0.07027617195936052,90.07832640121882,0.07027617195936052,90.07832640121882,0.07027617195936052,90.07832640121882,0.07027617195936052,90.07832640121882,0.07027617195936052,90.07832640121882,0.07027617195936052,90.07832640121882,0.07027617195936052,90.07832640121882,0.07027617195936052,90.07832640121882,0.07027617195936052,90.07832640121882,0.07027617195936052,90.07832640121882,0.07027617195936052,90.07832640121882,0.07027617195936052,90.07832640121882,0.07027617195936052,90.07832640121882,0.07027617195936052,90.07832640121882,0.07027617195936052,90.07832640121882,0.07027617195936052,90.07832640121882,0.07027617195936052,90.07832640121882,0.07027617195936052,90.07832640121882,0.07027617195936052,95.24453471519546,0.07430667916742947,95.24453471519546,0.07430667916742947,95.24453471519546,0.07430667916742947,95.25749466821364,0.07431679010002867,95.303819607723,0.07435293130674321,95.303819607723,0.07435293130674321,95.303819607723,0.07435293130674321,95.93710241341392,0.07484699789445282,95.93710241341392,0.07484699789445282,95.93710241341392,0.07484699789445282,95.93710241341392,0.07484699789445282,105.57797675199754,0.08236849357410302,113.88763696882415,0.08885141941933346,113.88763696882415,0.08885141941933346,85.55002114696204,0.06674333591048474,85.55002114696204,0.06674333591048474,85.55002114696204,0.06674333591048474,85.55002114696204,0.06674333591048474,97.73015539742062,0.07624587934430394,97.73015539742062,0.07624587934430394,97.73015539742062,0.07624587934430394,97.73015539742062,0.07624587934430394,99.79310929974798,0.07785532868662907,99.79310929974798,0.07785532868662907,99.79310929974798,0.07785532868662907,99.79310929974798,0.07785532868662907,116.29165386776674,0.0907269549863554,116.29165386776674,0.0907269549863554,116.29165386776674,0.0907269549863554,116.29165386776674,0.0907269549863554,116.29165386776674,0.0907269549863554,116.29165386776674,0.0907269549863554,102.84647911852956,0.08023746822022183,94.71917446121874,0.07389681023420093,94.71917446121874,0.07389681023420093,94.71917446121874,0.07389681023420093,94.71917446121874,0.07389681023420093,94.71917446121874,0.07389681023420093,94.71917446121874,0.07389681023420093,94.71917446121874,0.07389681023420093,94.71917446121874,0.07389681023420093,94.71917446121874,0.07389681023420093,94.71917446121874,0.07389681023420093,94.71917446121874,0.07389681023420093,94.71917446121874,94.71917446121874,0.07389681023420093,0.07389681023420093,94.5871616103604,0.07379381811413817,94.5871616103604,0.07379381811413817,94.5871616103604,0.07379381811413817,94.5871616103604,0.07379381811413817,94.5871616103604,0.07379381811413817,94.5871616103604,0.07379381811413817,94.5871616103604,0.07379381811413817,94.5871616103604,0.07379381811413817,94.5871616103604,0.07379381811413817,99.85668117371358,0.07790492538902213,99.85668117371358,0.07790492538902213,99.85668117371358,0.07790492538902213,99.85668117371358,0.07790492538902213,99.85668117371358,0.07790492538902213,99.85668117371358,0.07790492538902213,109.44248752255142,0.08538345881935619,109.44248752255142,0.08538345881935619,109.44248752255142,0.08538345881935619,93.4903908963655,0.07293815337905653,90.98348943196696,0.07098235063009625,109.44248752255127,0.08538345881935608,132.03100337065848,0.10300628206073952,132.03100337065848,0.10300628206073952,132.03100337065848,0.10300628206073952,132.03100337065848,0.10300628206073952,133.13888984798484,0.10387061895178308,133.13888984798484,0.10387061895178308,133.13888984798484,0.10387061895178308,133.13888984798484,0.10387061895178308,133.13888984798484,0.10387061895178308,132.03100337065848,0.10300628206073952,132.03100337065848,0.10300628206073952,132.03100337065848,0.10300628206073952,132.03100337065848,0.10300628206073952,132.03100337065848,0.10300628206073952,132.03100337065848,0.10300628206073952,132.03100337065848,0.10300628206073952,132.03100337065848,0.10300628206073952,132.03100337065848,0.10300628206073952,132.03100337065848,0.10300628206073952,132.03100337065848,0.10300628206073952,132.03100337065848,0.10300628206073952,132.03100337065848,0.10300628206073952,132.03100337065848,0.10300628206073952,132.03100337065848,0.10300628206073952,132.03100337065848,0.10300628206073952,132.03100337065848,0.10300628206073952,124.80127769929685,0.097365885921089,124.80127769929685,0.097365885921089,124.80127769929685,0.097365885921089,124.80127769929685,0.097365885921089,125.77424340426522,0.09812496202657038,125.77424340426522,0.09812496202657038,122.33363280708211,0.09544070986922161,122.33363280708211,0.09544070986922161,119.77573245772801,0.09344511945377086,117.64869033112377,0.09178567056938283,118.84432038593155,0.09271846213743659,118.36396567002485,0.09234370505695766,118.07735328702782,0.09212009942486069,118.07735328702782,0.09212009942486069,118.07735328702782,0.09212009942486069,120.19734186434421,0.09377404536017672,120.19734186434421,0.09377404536017672,115.11117667080025,0.08980598518371263,115.11117667080025,0.08980598518371263,115.11117667080025,0.08980598518371263,115.11117667080025,0.08980598518371263,115.11117667080025,0.08980598518371263,115.11117667080025,0.08980598518371263,117.62677184513366,0.0917685704815807,113.3669010416633,0.08844515823504398,113.3669010416633,0.08844515823504398,115.273295190925,0.08993246476490886,117.29292598519912,0.09150811483150366,117.29292598519912,0.09150811483150366,115.52807979888611,0.090131239405125,114.19327413124067,0.08908986756375706,114.19327413124067,0.08908986756375706,109.65574737746478,0.08554983720175602,113.70830469725112,0.08871151023075911,113.70830469725112,0.08871151023075911,113.70830469725112,0.08871151023075911,113.70830469725112,0.08871151023075911,110.05849607985787,0.08586404860195145,110.05849607985787,0.08586404860195145,110.6551633394048,0.08632954893493579,110.6551633394048,0.08632954893493579,110.6551633394048,0.08632954893493579,110.6551633394048,0.08632954893493579,110.6551633394048,0.08632954893493579,110.6551633394048,0.08632954893493579,110.6551633394048,0.08632954893493579,110.6551633394048,0.08632954893493579,110.6551633394048,0.08632954893493579,110.6551633394048,0.08632954893493579,110.6551633394048,0.08632954893493579,110.6551633394048,0.08632954893493579,110.6551633394048,0.08632954893493579,110.6551633394048,0.08632954893493579,110.6551633394048,0.08632954893493579,110.6551633394048,0.08632954893493579,98.34714696087333,0.07672723603622945,98.34714696087333,0.07672723603622945,110.6551633394048,0.08632954893493579,110.6551633394048,0.08632954893493579,110.6551633394048,0.08632954893493579,110.6551633394048,0.08632954893493579,103.51046598346734,0.08075548911340856,103.51046598346734,0.08075548911340856,103.51046598346734,0.08075548911340856,107.3202435882279,0.08372775332807153,107.3202435882279,0.08372775332807153,107.3202435882279,0.08372775332807153,107.3202435882279,0.08372775332807153,107.3202435882279,0.08372775332807153,107.3202435882279,0.08372775332807153,107.3202435882279,0.08372775332807153,107.3202435882279,0.08372775332807153,111.90702726057505,0.08730621233121187,111.90702726057505,0.08730621233121187,111.90702726057505,0.08730621233121187,111.90702726057505,0.08730621233121187,111.90702726057505,0.08730621233121187,111.90702726057505,0.08730621233121187,111.90702726057505,0.08730621233121187,118.0266787987903,0.092080564842108,118.0266787987903,0.092080564842108,111.42465068568794,0.0869298778623082,118.02667879879031,0.09208056484210801,117.10267721055389,0.09135968894332193
Sakatat,92.0,0.0024061826660282,0.307110109413844,100.0,0.24061826660281999,99.25998622164823,0.23883765827672793,98.4568997167223,0.236905285449254,97.77958638622948,0.23527554585395233,97.77958638622948,0.23527554585395233,98.99276084141972,0.23819466519889929,101.03428747993412,0.24310695120872747,100.8096810344077,0.24256650707282357,100.8096810344077,0.24256650707282357,100.69801581950672,0.2422978201683305,100.69801581950672,0.2422978201683305,100.69801581950672,0.2422978201683305,99.5265229123612,0.23947899424178198,99.5265229123612,0.23947899424178198,100.86741946552311,0.24270543628493715,101.23027029300711,0.24357852165638313,101.23027029300711,0.24357852165638313,101.23027029300711,0.24357852165638313,101.23027029300711,0.24357852165638313,101.2899834362884,0.2437222023866806,101.2899834362884,0.2437222023866806,103.9616819165741,0.25015079695879794,103.9616819165741,0.25015079695879794,102.35122445501106,0.2462757421304092,102.35122445501106,0.2462757421304092,102.35122445501106,0.2462757421304092,104.57416043687773,0.25162453215766717,105.87163677937174,0.25474649724255793,106.15236693709976,0.2554219852819144,106.3154481155621,0.25581438838668596,106.1523669370996,0.25542198528191407,106.1523669370996,0.25542198528191407,108.6234977641383,0.2613679774434225,108.6234977641383,0.2613679774434225,108.6234977641383,0.2613679774434225,110.0658224049802,0.2648384739930016,110.0658224049802,0.2648384739930016,109.80972732859324,0.26422226245934416,109.80972732859324,0.26422226245934416,109.80972732859324,0.26422226245934416,110.11377716655453,0.2649538619090553,110.11377716655453,0.2649538619090553,110.11377716655453,0.2649538619090553,110.11377716655453,0.2649538619090553,110.11377716655453,0.2649538619090553,110.11377716655453,0.2649538619090553,110.11377716655453,0.2649538619090553,110.11377716655453,0.2649538619090553,110.11377716655453,0.2649538619090553,110.95531500761449,0.26697875567502055,110.95531500761449,0.26697875567502055,110.6186736295365,0.26616873502642147,110.6186736295365,0.26616873502642147,110.6186736295365,0.26616873502642147,110.90466888175553,0.26685689184487726,110.90466888175553,0.26685689184487726,111.84326297282598,0.26911532067724747,111.84326297282598,0.26911532067724747,111.84326297282598,0.26911532067724747,0.26911532067724747,111.84326297282598,111.84326297282598,0.26911532067724747,111.84326297282598,0.26911532067724747,111.84326297282598,0.26911532067724747,111.84326297282598,0.26911532067724747,114.71726695426952,0.2760306992394929,116.62733229358663,0.2806266653499391,116.62733229358663,0.2806266653499391,116.62733229358663,0.2806266653499391,116.62733229358663,0.2806266653499391,116.62733229358663,0.2806266653499391,116.62733229358663,0.2806266653499391,116.62733229358663,0.2806266653499391,116.62733229358663,0.2806266653499391,116.62733229358663,0.2806266653499391,116.62733229358663,0.2806266653499391,116.62733229358663,0.2806266653499391,116.62733229358663,0.2806266653499391,116.62733229358663,0.2806266653499391,116.62733229358663,0.2806266653499391,116.62733229358663,0.2806266653499391,116.62733229358663,0.2806266653499391,116.62733229358663,0.2806266653499391,116.62733229358663,0.2806266653499391,116.62733229358663,0.2806266653499391,116.62733229358663,0.2806266653499391,116.62733229358663,0.2806266653499391,116.62733229358663,0.2806266653499391,116.62733229358663,0.2806266653499391,116.62733229358663,0.2806266653499391,116.62733229358663,0.2806266653499391,116.62733229358663,0.2806266653499391,116.62733229358663,0.2806266653499391,116.62733229358663,0.2806266653499391,116.62733229358663,0.2806266653499391,116.62733229358663,0.2806266653499391,116.62733229358663,0.2806266653499391,116.62733229358663,0.2806266653499391,116.62733229358663,0.2806266653499391,118.57497993388874,0.2853130613415647,118.57497993388874,0.2853130613415647,118.95256824634741,0.2862216077938976,118.95256824634741,0.2862216077938976,118.95256824634741,0.2862216077938976,118.95256824634741,0.2862216077938976,118.95256824634741,0.2862216077938976,118.95256824634741,0.2862216077938976,118.95256824634741,0.2862216077938976,118.95256824634741,0.2862216077938976,118.95256824634741,0.2862216077938976,118.95256824634741,0.2862216077938976,118.95256824634741,0.2862216077938976,118.95256824634741,0.2862216077938976,120.15947452110673,0.2891256447517441,120.15947452110673,0.2891256447517441,120.15947452110673,0.2891256447517441,120.15947452110673,0.2891256447517441,120.15947452110673,0.2891256447517441,115.58002590796627,0.2781066548788387,115.58002590796627,0.2781066548788387,115.58002590796627,0.2781066548788387,115.58002590796627,0.2781066548788387,117.08851399336173,0.2817363527618273,117.08851399336173,0.2817363527618273,117.08851399336173,0.2817363527618273,121.88549768075364,0.2932787717596498,121.88549768075364,0.2932787717596498,119.37210311210788,0.2872310853156849,116.31815302851712,0.27988272356163346,116.31815302851712,0.27988272356163346,116.31815302851712,0.27988272356163346,116.31815302851712,0.27988272356163346,118.13871113701502,0.28426331892479817,118.13871113701502,0.28426331892479817,117.02829814910064,0.281591462441146,117.6055676981394,0.28298047842366897,118.18474257365754,0.2843740789697398,118.18474257365754,0.2843740789697398,118.18474257365754,0.2843740789697398,118.18474257365754,0.2843740789697398,118.45688351404311,0.28502889978321216,116.15350201509642,0.27948654314719656,118.86945237249533,0.28602161581896296,118.86945237249533,0.28602161581896296,118.86945237249533,0.28602161581896296,118.86945237249533,0.28602161581896296,118.86945237249533,0.28602161581896296,118.86945237249533,0.28602161581896296,118.86945237249533,0.28602161581896296,118.86945237249533,0.28602161581896296,118.86945237249533,0.28602161581896296,118.86945237249533,118.86945237249533,0.28602161581896296,0.28602161581896296,118.39175130280776,0.2848721797855376,118.39175130280776,0.2848721797855376,119.37295127509766,0.2872331261507689,119.37295127509766,0.2872331261507689,119.37295127509766,0.2872331261507689,119.37295127509766,0.2872331261507689,119.37295127509766,0.2872331261507689,119.37295127509766,0.2872331261507689,119.37295127509766,0.2872331261507689,119.63590766983894,0.28786584726971665,118.99826665763212,0.2863315665189959,121.78090396781226,0.2930271001805947,121.78090396781226,0.2930271001805947,121.78090396781226,0.2930271001805947,121.78090396781226,0.2930271001805947,121.51389191555135,0.29238462040882385,121.51389191555135,0.29238462040882385,123.01728182392391,0.29600205114663164,122.32208665871734,0.294329284590605,122.32208665871734,0.294329284590605,122.32208665871734,0.294329284590605,121.9269146897221,0.2933784286487084,121.9269146897221,0.2933784286487084,122.77337379051629,0.2954151638645412,122.77337379051629,0.2954151638645412,122.77337379051629,0.2954151638645412,122.77337379051629,0.2954151638645412,122.77337379051629,0.2954151638645412,122.77337379051629,0.2954151638645412,122.77337379051629,0.2954151638645412,124.86868201857193,0.30045685820287493,124.86868201857193,0.30045685820287493,124.86868201857193,0.30045685820287493,124.86868201857193,0.30045685820287493,124.86868201857193,0.30045685820287493,124.86868201857193,0.30045685820287493,124.86868201857193,0.30045685820287493,124.68786423914777,0.3000217775963148,124.68786423914777,0.3000217775963148,123.04103619201771,0.2960592084953814,122.14752623361971,0.29390926032156056,122.14752623361971,0.29390926032156056,122.14752623361971,0.29390926032156056,123.08180665598998,0.2961573096790774,123.08180665598998,0.2961573096790774,123.08180665598998,0.2961573096790774,123.08180665598998,0.2961573096790774,123.08180665598998,0.2961573096790774,123.08180665598998,0.2961573096790774,123.61340570366866,0.29743643409287895,124.20353396515658,0.29885639048640456,123.12498896648391,0.29626121420606694,123.12498896648391,0.29626121420606694,124.02520236483458,0.2984272920809047,124.02520236483458,0.2984272920809047,123.22714671754188,0.2965070244158631,123.84897431312889,0.2980032551976225,124.16445142088403,0.29876235074583163,124.16445142088403,0.29876235074583163,124.16445142088403,0.29876235074583163,124.30899200608533,0.2991101417964806,124.83829715702153,0.3003837466757027,124.83829715702153,0.3003837466757027,124.83829715702153,0.3003837466757027,123.67731594157334,0.2975902137995069,122.37533629127199,0.29445741293343036,122.37533629127199,0.29445741293343036,122.37533629127199,0.29445741293343036,122.37533629127199,0.29445741293343036,122.37533629127199,0.29445741293343036,122.37533629127199,0.29445741293343036,122.37533629127199,0.29445741293343036,121.96666169355537,0.29347406720035857,120.9718370133326,0.2910803372990695,121.3334761872797,0.29195050721077775,121.3334761872797,0.29195050721077775,121.3334761872797,0.29195050721077775,118.9291890071566,0.28616535307381175,118.9291890071566,0.28616535307381175,118.9291890071566,0.28616535307381175,118.48770577398862,0.28510306377082084,118.11625386166598,0.2842092826181271,117.53253163584694,0.2828047403165859,117.53253163584694,0.2828047403165859,117.53253163584694,0.2828047403165859,117.53253163584694,0.2828047403165859,117.37187847701188,0.2824181794705543,117.37187847701188,0.2824181794705543,117.37187847701188,0.2824181794705543,117.37187847701188,0.2824181794705543,117.37187847701188,0.2824181794705543,118.61509007415675,0.28540957366580955,119.17222888732198,0.28675015142061927,119.17222888732198,0.28675015142061927,116.80560136686056,0.2810556133039397,116.38452955851145,0.2800424376175369,116.86774667922286,0.28120514627732074,116.86774667922286,0.28120514627732074,116.86774667922286,0.28120514627732074,115.07299911922588,0.27688665580855965,116.77895632390327,0.2809915004634403,115.603307952027,0.2781626757296873,115.603307952027,0.2781626757296873,121.344037653044,0.29197592002662764,121.344037653044,0.29197592002662764,121.344037653044,0.29197592002662764,120.64859348704209,0.29030255432920343,120.06855321255938,0.2889068714751449,119.53389668422942,0.28762039020439856,119.87873605302168,0.2884501367161506,119.87160295367427,0.2884329731761458,119.87160295367427,0.2884329731761458,120.682726976048,0.2903846857387805,120.682726976048,0.2903846857387805,112.12970102155194,0.2698045429449828,112.12970102155194,0.2698045429449828,112.12970102155194,0.2698045429449828,111.19014132923178,0.26754379069962325,111.19014132923178,0.26754379069962325,111.7921211503605,0.2689922641105219,111.7921211503605,0.2689922641105219,111.7921211503605,0.2689922641105219,112.06726758887098,0.2696543167014852,112.06726758887098,0.2696543167014852,112.06726758887098,0.2696543167014852,112.06726758887098,0.2696543167014852,112.06726758887098,0.2696543167014852,112.06726758887098,0.2696543167014852,114.24244019158532,0.2748881793137559,114.59993798767825,0.275748384313858,114.95188598262041,0.27659523547863124
Sakız,93.0,0.0017310128781903,0.08040883813891231,100.0,0.17310128781903,100.0,0.17310128781903,100.0,0.17310128781903,100.0,0.17310128781903,100.0,0.17310128781903,100.0,0.17310128781903,100.0,0.17310128781903,100.0,0.17310128781903,99.78727727495423,0.17273306204249206,99.78727727495423,0.17273306204249206,99.78727727495423,0.17273306204249206,99.77550851952611,0.1727126901752857,99.69566904782202,0.17257448702157802,99.97348960265987,0.1730553979798283,99.97480437616998,0.17305767386970622,99.97480437616998,0.17305767386970622,99.97480437616998,0.17305767386970622,99.97480437616998,0.17305767386970622,99.97480437616998,0.17305767386970622,99.97480437616998,0.17305767386970622,99.97480437616998,0.17305767386970622,99.97480437616998,0.17305767386970622,99.97480437616998,0.17305767386970622,99.97480437616998,0.17305767386970622,99.97480437616998,0.17305767386970622,99.97480437616998,0.17305767386970622,99.97480437616998,0.17305767386970622,99.97480437616998,0.17305767386970622,99.97480437616998,0.17305767386970622,100.18167796743911,0.17341577472035055,99.97480437616998,0.17305767386970622,99.97480437616998,0.17305767386970622,99.97480437616998,0.17305767386970622,99.97480437616998,0.17305767386970622,99.97480437616998,0.17305767386970622,99.97480437616998,0.17305767386970622,99.97480437616998,0.17305767386970622,99.97480437616998,0.17305767386970622,99.97480437616998,0.17305767386970622,99.97480437616998,0.17305767386970622,99.97480437616998,0.17305767386970622,99.97480437616998,0.17305767386970622,99.97480437616998,0.17305767386970622,99.97480437616998,0.17305767386970622,99.97480437616998,0.17305767386970622,99.97480437616998,0.17305767386970622,99.97480437616998,0.17305767386970622,99.97480437616998,0.17305767386970622,99.97480437616998,0.17305767386970622,99.97480437616998,0.17305767386970622,99.97480437616998,0.17305767386970622,99.97480437616998,0.17305767386970622,99.97480437616998,0.17305767386970622,99.97480437616998,0.17305767386970622,99.97480437616998,0.17305767386970622,99.97480437616998,0.17305767386970622,99.97480437616998,0.17305767386970622,99.97480437616998,0.17305767386970622,99.97480437616998,0.17305767386970622,0.17305767386970622,99.97480437616998,99.97480437616998,0.17305767386970622,99.97480437616998,0.17305767386970622,99.97480437616998,0.17305767386970622,99.97480437616998,0.17305767386970622,99.97480437616998,0.17305767386970622,109.85274653488817,0.1901565189564663,109.85274653488817,0.1901565189564663,109.85274653488817,0.1901565189564663,109.85274653488817,0.1901565189564663,109.85274653488817,0.1901565189564663,109.85274653488817,0.1901565189564663,109.85274653488817,0.1901565189564663,111.26961081554705,0.19260912927293464,111.26961081554705,0.19260912927293464,111.26961081554705,0.19260912927293464,111.26961081554705,0.19260912927293464,111.26961081554705,0.19260912927293464,111.26961081554705,0.19260912927293464,111.26961081554705,0.19260912927293464,113.57423942134592,0.19659847106901826,113.57423942134592,0.19659847106901826,113.69268272033098,0.1968034979448967,113.69268272033098,0.1968034979448967,113.69268272033098,0.1968034979448967,113.69268272033098,0.1968034979448967,113.69268272033098,0.1968034979448967,113.69268272033098,0.1968034979448967,113.69268272033098,0.1968034979448967,113.69268272033098,0.1968034979448967,113.69268272033098,0.1968034979448967,113.69268272033098,0.1968034979448967,113.69268272033098,0.1968034979448967,113.69268272033098,0.1968034979448967,113.69268272033098,0.1968034979448967,113.69268272033098,0.1968034979448967,113.69268272033098,0.1968034979448967,113.69268272033098,0.1968034979448967,116.03443571392242,0.2008571025343442,121.41114299012318,0.2101642520717072,124.07563190742977,0.21477651670136022,124.1550506058543,0.2149139914911022,124.1550506058543,0.2149139914911022,124.1550506058543,0.2149139914911022,124.1550506058543,0.2149139914911022,124.29598521421785,0.21515795111316222,124.444362975622,0.21541479492898985,124.444362975622,0.21541479492898985,124.444362975622,0.21541479492898985,124.444362975622,0.21541479492898985,124.45337683707962,0.2154303980392552,124.48559659792156,0.21548617086020483,124.48559659792156,0.21548617086020483,124.7678095275592,0.2159746850757994,125.85438759089752,0.2178555656965971,125.85438759089752,0.2178555656965971,125.85438759089752,0.2178555656965971,125.85438759089752,0.2178555656965971,125.85438759089752,0.2178555656965971,125.85438759089752,0.2178555656965971,125.85438759089752,0.2178555656965971,126.15034526879418,0.2183678722484355,126.15034526879418,0.2183678722484355,126.15034526879418,0.2183678722484355,126.15034526879418,0.2183678722484355,126.15034526879418,0.2183678722484355,126.15034526879418,0.2183678722484355,126.88402706522588,0.2196378848865526,126.88402706522588,0.2196378848865526,126.88402706522588,0.2196378848865526,126.88402706522588,0.2196378848865526,126.88402706522588,0.2196378848865526,126.88402706522588,0.2196378848865526,126.88402706522588,0.2196378848865526,126.88402706522588,0.2196378848865526,126.88402706522588,0.2196378848865526,126.88402706522588,0.2196378848865526,126.88402706522588,0.2196378848865526,126.88402706522588,0.2196378848865526,126.88402706522588,0.2196378848865526,126.88402706522588,0.2196378848865526,126.88402706522588,0.2196378848865526,127.06128177898756,0.21994471507879398,125.18661165212592,0.21669963694683783,125.18661165212592,0.21669963694683783,125.18661165212592,0.21669963694683783,125.18661165212592,0.21669963694683783,125.18661165212592,0.21669963694683783,125.18661165212592,0.21669963694683783,125.18661165212592,0.21669963694683783,125.18661165212592,0.21669963694683783,125.18661165212592,125.18661165212592,0.21669963694683783,0.21669963694683783,126.1834924132303,0.21842525038232968,126.1834924132303,0.21842525038232968,130.40265932730256,0.2257286826458232,130.40265932730256,0.2257286826458232,130.53119598518506,0.22595118125593733,130.53119598518506,0.22595118125593733,130.40265932730256,0.2257286826458232,130.53119598518506,0.22595118125593733,130.6160652755363,0.2260980910904982,130.6160652755363,0.2260980910904982,130.6160652755363,0.2260980910904982,130.6160652755363,0.2260980910904982,130.6160652755363,0.2260980910904982,130.6160652755363,0.2260980910904982,130.6160652755363,0.2260980910904982,130.6160652755363,0.2260980910904982,130.6160652755363,0.2260980910904982,130.6160652755363,0.2260980910904982,129.36804894013133,0.22393775874172034,129.36804894013133,0.22393775874172034,129.36804894013133,0.22393775874172034,128.9232397526727,0.22316778830989212,127.4199806642435,0.2205656274685645,127.4199806642435,0.2205656274685645,127.4199806642435,0.2205656274685645,127.15547565229464,0.22010776588653516,127.15547565229464,0.22010776588653516,127.15547565229464,0.22010776588653516,127.15547565229464,0.22010776588653516,127.24102411575346,0.22025585137849177,127.24102411575346,0.22025585137849177,127.24102411575346,0.22025585137849177,127.24102411575346,0.22025585137849177,127.24102411575346,0.22025585137849177,127.24102411575346,0.22025585137849177,127.24102411575346,0.22025585137849177,127.38487018775344,0.22050485078160081,128.52731180891212,0.2224824319404071,128.52731180891212,0.2224824319404071,128.60442665541228,0.22261591873279857,128.60442665541228,0.22261591873279857,129.56602670660436,0.2242804608050805,129.73835517930806,0.22457876361060947,131.43981853321665,0.2275240185879941,131.43981853321665,0.2275240185879941,131.3717345255248,0.2274061642938807,131.3717345255248,0.2274061642938807,131.97904394321696,0.2284574247169521,132.04361411265228,0.22856919651179156,130.80058094348792,0.22641749008795034,131.038945450793,0.2268301021197989,131.30996414466793,0.22729923896912674,131.53182392527182,0.22768328110650454,132.9846758850507,0.2301981865589858,132.9846758850507,0.2301981865589858,132.9846758850507,0.2301981865589858,132.9985956532425,0.2302222818569872,133.2790965093173,0.2307078324511961,131.22680033796686,0.22715528134872787,131.29926965180482,0.22728072666425497,131.29926965180482,0.22728072666425497,131.07772060458402,0.22689722241036497,131.27369517725555,0.22723645691945724,131.27369517725555,0.22723645691945724,131.27369517725555,0.22723645691945724,131.27369517725555,0.22723645691945724,131.27369517725555,0.22723645691945724,131.27369517725555,0.22723645691945724,131.27369517725555,0.22723645691945724,131.27369517725555,0.22723645691945724,131.27369517725555,0.22723645691945724,131.27369517725555,0.22723645691945724,127.24466952483688,0.22026216162856144,127.24466952483688,0.22026216162856144,127.14562754970198,0.22009071869412156,127.14562754970198,0.22009071869412156,127.25064424392079,0.22027250394423928,127.25064424392079,0.22027250394423928,123.19720750105512,0.21325595274140904,123.27808259524974,0.2133959485709848,123.27808259524974,0.2133959485709848,123.27808259524974,0.2133959485709848,123.27808259524974,0.2133959485709848,123.4403888051814,0.21367690271058676,122.83627960112018,0.21263118189852348,122.83627960112018,0.21263118189852348,124.0979265166895,0.21481510895710304,126.11250854669215,0.21830237639520841,126.24848205000418,0.21853774828053418,126.24848205000418,0.21853774828053418,126.24848205000418,0.21853774828053418,126.80168569125965,0.21949535090780917,126.80168569125965,0.21949535090780917,125.32070337654623,0.21693175144866816,125.32070337654623,0.21693175144866816,125.32070337654623,0.21693175144866816,127.37184950067042,0.22048231180457725,126.89566547209756,0.21965803111872909,126.99403629347619,0.21982831227737365,126.99458678285463,0.21982926518157703,124.10935611539287,0.21483489373965114,124.24061537404398,0.21506210520675792,126.25578109089008,0.2185503830143061,126.25578109089008,0.2185503830143061,126.25578109089008,0.2185503830143061,127.44365178904688,0.22060660249044042,127.44365178904688,0.22060660249044042,130.29320213059944,0.22553921082871947,127.9947134629482,0.2215604973446407,128.29973874429265,0.22208850003482158,128.29973874429265,0.22208850003482158,128.29973874429265,0.22208850003482158,128.4563502382043,0.22235959654765525,128.39143111643318,0.22224722071182865,133.9104217190453,0.2318006645195615,132.230581603871,0.22889283964689408,132.230581603871,0.22889283964689408,132.230581603871,0.22889283964689408,132.230581603871,0.22889283964689408,132.20184514146152,0.22884309646038964,131.6215425584989,0.22783858521603426,131.6215425584989,0.22783858521603426,131.50499612239216,0.2276368418342263,131.50499612239216,0.2276368418342263,131.50499612239216,0.2276368418342263,131.32051684388694,0.2273175058273745,131.32051684388694,0.2273175058273745,131.8355117190365,0.2282089685884604,127.89840188146415,0.22139378075677296,127.9857209015595,0.22154493110506895,128.08863273272016,0.2217230728101262
Salam,94.0,0.003287046650045,0.004541139567937336,100.0,0.3287046650045,101.04245616531796,0.33213126705052715,101.04245616531796,0.33213126705052715,101.04245616531796,0.33213126705052715,101.04245616531796,0.33213126705052715,101.2091103895721,0.3326790672600776,101.2091103895721,0.3326790672600776,101.58864209922798,0.3339266056948878,101.23922603042739,0.33277805877646494,100.92101884061083,0.33173209689915817,100.92101884061083,0.33173209689915817,101.18942580561215,0.33261436311431447,100.93837753450129,0.33178915573575996,100.92744221494456,0.33175321083024384,100.92744221494456,0.33175321083024384,102.90111659006224,0.3382407705732541,103.77774740462213,0.3411222969555794,103.82853073249944,0.34128922412335666,103.82576587933907,0.341280135922038,102.23175398037534,0.3360405444494174,101.7967252400333,0.33461058468580274,102.21005818315754,0.3359692293518525,102.05065864620111,0.3354452756378812,102.0506586462007,0.33544527563787985,101.99042058944754,0.3352472703352241,101.96181073462371,0.3351532284077672,102.75306274939062,0.33775411069224814,102.75306266522628,0.337754110415596,102.75305828595197,0.33775409602071704,102.8421947576469,0.3380470917613987,103.02908077694266,0.3386613948250651,103.02633721235983,0.3386523766002939,102.99743676726278,0.33855737948905285,103.0271115833945,0.3386549219940093,102.99821092107464,0.33855992416874675,103.38445171433814,0.33982951567435427,103.26436077506412,0.3394347711547128,102.60719797561467,0.3372746463762483,102.60719797561467,0.3372746463762483,102.60719797561467,0.3372746463762483,102.63676035919711,0.33737181931017035,102.79643319617766,0.3378966713740704,102.79643319617766,0.3378966713740704,103.64608048146302,0.3406895016368875,103.64608048146302,0.3406895016368875,103.67318218506286,0.34077858620091583,103.64410029017219,0.34068299265573854,103.67132992197155,0.34077249772572654,103.67132992197155,0.34077249772572654,103.62296073619784,0.3406135059556637,103.65268672336339,0.3407112166621955,103.65282906764139,0.34071168455447765,103.65546708120918,0.3407203558281384,103.62639032038786,0.3406247791588865,103.62902006252746,0.340633423243977,103.62639372346622,0.34062479034496385,103.65624974975869,0.3407229284961722,103.6574729828111,0.3407269493202793,103.65747250058972,0.34072694773519513,0.34072694773519513,103.65747250058972,103.62531999834626,0.34062126096040524,104.0584802512428,0.34204507891862146,104.70036360229054,0.3441549794374026,104.6907066148788,0.34412323646928134,104.72370517981835,0.34423170429162214,104.18891763777911,0.34247383269307624,104.18891763777911,0.34247383269307624,104.18891763777911,0.34247383269307624,104.18891763777911,0.34247383269307624,104.21358114539392,0.34255490279315987,103.40930283576013,0.33991120246977424,102.93092354241055,0.33833874741611863,102.93092354241055,0.33833874741611863,103.20973167480045,0.33925520275369614,103.20163836382177,0.33922859966295593,103.20163836382177,0.33922859966295593,103.20163836382177,0.33922859966295593,103.20163836382177,0.33922859966295593,103.20163836382177,0.33922859966295593,103.20163836382177,0.33922859966295593,103.4847193946976,0.3401591002171876,103.4847193946976,0.3401591002171876,103.4847193946976,0.3401591002171876,103.4847193946976,0.3401591002171876,103.4847193946976,0.3401591002171876,102.8944868698165,0.3382189783735296,102.8944868698165,0.3382189783735296,103.10844800551405,0.338922278607864,103.10844800551405,0.338922278607864,103.19846087400326,0.3392181551056924,103.19846087400326,0.3392181551056924,103.19846087400326,0.3392181551056924,103.19846087400326,0.3392181551056924,105.7377296220986,0.34756484993768316,105.7377296220986,0.34756484993768316,105.7377296220986,0.34756484993768316,106.55590289441162,0.35025422365159603,107.07029930869322,0.3519450686619556,107.28918543279285,0.35266455756291853,107.96984584971594,0.3549019201061838,108.27406432672342,0.35590190043191305,108.48742919434858,0.35660324070527766,108.48742919434858,0.35660324070527766,108.48742919434858,0.35660324070527766,108.48742919434858,0.35660324070527766,108.48742919434858,0.35660324070527766,108.61123639063169,0.3570102007350715,108.78104979891718,0.35756838532990903,108.78104979891718,0.35756838532990903,108.79141110845818,0.35760244343772585,109.67487566813816,0.3605064326590554,112.39050546924186,0.36943283449953573,113.10362327596289,0.3717768859972055,113.65321735759642,0.3735834273821236,112.18120505561848,0.36874485427608195,112.18120505561848,0.36874485427608195,112.18120505561848,0.36874485427608195,112.98971625466237,0.37140246830442303,113.88169876542898,0.3743344564283371,113.88169876542898,0.3743344564283371,113.40604447237791,0.37277095857778414,113.41138499869432,0.3727885131369219,113.84736340526658,0.37422159449773723,113.84985255302065,0.37422977644252375,114.00960239772246,0.374754881634396,114.00960239772246,0.374754881634396,113.20681924179945,0.37211609595100675,112.64242574994358,0.3702609082142947,112.64242574994358,0.3702609082142947,112.64242574994358,0.3702609082142947,113.3484574624628,0.37258166738975657,115.25247097200959,0.37884024861795274,115.44469064908824,0.3794720836635669,115.44469064908824,0.3794720836635669,115.44469064908824,0.3794720836635669,115.44469064908824,0.3794720836635669,115.44469064908824,0.3794720836635669,115.44469064908824,0.3794720836635669,114.90285902327095,0.3776910578330357,114.90285902327095,0.3776910578330357,115.02424329133758,0.3780900535847523,115.02424329133758,0.3780900535847523,112.65170765303228,0.3702914182627484,112.65170765303228,0.3702914182627484,112.65170765303228,0.3702914182627484,112.65170765303228,0.3702914182627484,112.83750169213047,0.3709021319365645,112.98144172720035,0.3713752695466483,114.16350054108209,0.3752607520109744,113.97552316153153,0.3746428615952385,113.97552316153153,113.97552316153153,0.3746428615952385,0.3746428615952385,113.02997189797823,0.37153479048192983,113.02997189797823,0.37153479048192983,114.34025478906555,0.37584175146968973,114.34025478906555,0.37584175146968973,114.34025478906555,0.37584175146968973,114.34025478906555,0.37584175146968973,114.34025478906555,0.37584175146968973,114.41666359289036,0.376092910772336,114.45454342905938,0.37621742356091964,114.33518059726873,0.37582507236454227,114.33518059726873,0.37582507236454227,114.33518059726873,0.37582507236454227,114.33518059726873,0.37582507236454227,114.76015685328514,0.3772219891432297,114.76015685328514,0.3772219891432297,115.16647940287676,0.37855759031870256,115.17812622735026,0.37859587397407185,115.17812622735026,0.37859587397407185,114.81918414571336,0.3774160146070671,114.81918414571336,0.3774160146070671,114.80891793434877,0.37738226909139244,117.05650814725941,0.3847702029714143,117.05650814725941,0.3847702029714143,117.44971498736456,0.3860626921979567,118.53661166910241,0.38963537229460815,118.66490060678976,0.39005706401747114,118.28909419761678,0.38882177081913366,118.28909419761678,0.38882177081913366,118.61429697153459,0.3898907275077256,119.07192034621663,0.39139495688845644,120.1087810219434,0.39480316629916756,119.30431818621227,0.3921588594298918,119.30431818621227,0.3921588594298918,119.30431818621227,0.3921588594298918,119.30431818621227,0.3921588594298918,120.34785258223997,0.3955890056705614,118.89221103561916,0.39080424400107516,119.1536182097538,0.39166350157711216,120.69661984497822,0.3967354199331905,120.82677503024055,0.3971632460988931,121.19894314812866,0.39838658006405075,121.19894314812866,0.39838658006405075,121.28731807471964,0.39867707257044954,121.28731807471964,0.39867707257044954,121.42804691434428,0.3991396548313025,121.24992050875521,0.39855414502652636,121.00623963215173,0.3977531546174069,121.14010950211889,0.3981931911250244,121.14010950211889,0.3981931911250244,121.00676449647354,0.39775487987091757,121.55685679899273,0.3995630589311288,122.13021500118239,0.4014477140889122,122.09046507871346,0.40131705423942116,121.83894434450472,0.40049029385262347,121.83894434450472,0.40049029385262347,121.83894434450472,0.40049029385262347,121.98619532002874,0.40097431467843553,121.20990377021342,0.39842260814015684,121.6392749131708,0.3998339711172409,120.97950484548772,0.3976652761264633,120.77265244750394,0.39698534264461693,119.64239321627616,0.3932701278249272,119.92444341762989,0.39419723999443146,119.92444341762989,0.39419723999443146,120.30826424582897,0.3954588769619808,120.0572358414075,0.39463373488616105,120.19853369958744,0.39509818753754994,120.2936235177966,0.3954107522059478,120.2936235177966,0.3954107522059478,120.50772476458786,0.3961145129919834,120.52398988899486,0.396167977214678,120.63813478923944,0.3965431768266467,121.17783966219055,0.3983172119212936,121.94674328299746,0.40084463399227444,121.49119431216235,0.39934722327375943,121.49119431216235,0.39934722327375943,121.49119431216235,0.39934722327375943,121.74950127157382,0.4001962902993762,121.90827369720168,0.40071818266915576,120.38866010782623,0.39572314191083635,120.18248528468258,0.3950454356490984,119.7607890447242,0.39365930043620667,119.86873104201739,0.39401411081680837,120.06580428936707,0.3946618997743226,120.41750818071036,0.39581796687217036,119.57076810819926,0.3930346927533639,119.00203138005084,0.39116522859634606,119.00203138005084,0.39116522859634606,119.00203138005084,0.39116522859634606,119.17800899999563,0.3917436752424685,119.6179803708971,0.3931898816633059,120.96515272553556,0.3976181000386535,121.26910507436858,0.3986172055886584,121.64976606951528,0.3998684560375581,120.61766547485544,0.396475893235372,120.99767532602014,0.3977250033436271,120.99767532602014,0.3977250033436271,121.2330951725366,0.39849883936147307,120.99767532602014,0.3977250033436271,121.50214411426366,0.3993832157840752,122.14354076594032,0.401491516499319,121.8069777039332,0.40038521801381965,121.8069777039332,0.40038521801381965,121.8069777039332,0.40038521801381965,122.04888037400896,0.40118036337512913,122.2510179975522,0.40184479917344496,122.244000101832,0.40182173102282753,120.52682107103846,0.3961772834421301,120.79844378376194,0.397070119970064,120.0004206038513,0.3944469805498804,120.0004206038513,0.3944469805498804,120.29425364314945,0.39541282345737794,119.62199887247114,0.393203090665443,119.71622482853068,0.3935128157786559,119.64927820682772,0.3932927591100553,119.95338089755052,0.39429235884086533,119.95338089755052,0.39429235884086533,119.95338089755052,0.39429235884086533,119.95338089755052,0.39429235884086533,120.10974805667578,0.3948063449874451,120.09225229585705,0.39474883560545587,120.09225229585705,0.39474883560545587,123.58464484192568,0.4062284928246529,121.95402286664738,0.40086856232332463,121.95402286664738,0.40086856232332463,121.95402286664738,0.40086856232332463,122.1988582417359,0.40167334762282186,121.96677059656673,0.4009104647062517,121.89414102551063,0.40067172791801753,120.96873256651055,0.397629867142938,120.97422592548996,0.3976479240701688
Salatalık,95.0,0.0144115755140056,5.087580634082345,100.0,1.44115755140056,100.31768723691523,1.4457359250051995,100.31768723691523,1.4457359250051995,100.31768723691523,1.4457359250051995,97.168801053466,1.400355513987412,96.19390559466866,1.3863057344646932,93.30975706468746,1.344740610131261,91.80392301040536,1.3230391689464132,92.65537842693664,1.3353099829785626,97.58788051728574,1.4063951093266194,97.58788051728574,1.4063951093266194,100.2407546962844,1.444627205886414,102.6659512400669,1.479578109013441,111.22294292303296,1.6028978408252241,112.56116945290697,1.6221837935153491,112.56116945290697,1.6221837935153491,113.63394686013028,1.637644206129267,113.63394686013028,1.637644206129267,112.44119339709253,1.6204547495271069,111.46423614202176,1.6063752562716989,105.97893568621004,1.5273234345357587,101.73864336865444,1.4662141415998484,101.73864336865444,1.4662141415998484,100.52032072118102,1.448656192765362,100.52032072118102,1.448656192765362,100.52032072118102,1.448656192765362,98.02391774045404,1.4126790926952266,101.10397892780578,1.457067627084504,101.10397892780578,1.457067627084504,101.39397140796282,1.4612468756107808,101.10397892780576,1.4570676270845035,101.10397892780576,1.4570676270845035,101.36727053959697,1.4608620740300369,102.77602977161153,1.4811645140832672,105.17238594958837,1.5156997821006344,105.17238594958837,1.5156997821006344,104.782642069842,1.5100829587465479,104.782642069842,1.5100829587465479,104.782642069842,1.5100829587465479,104.24939707203092,1.5023980581931278,102.70834075619686,1.48018900872615,100.9232240698083,1.4544626647989498,98.5879088339174,1.4208070929279002,98.5879088339174,1.4208070929279002,98.5879088339174,1.4208070929279002,98.5879088339174,1.4208070929279002,99.42339958674715,1.4328478310035597,100.58829003298911,1.4496357376351194,100.12163129936327,1.4429104500562004,97.41493214122019,1.403902650744926,100.12768435902079,1.4429976841825456,100.12768435902079,1.4429976841825456,100.12768435902079,1.4429976841825456,99.07647507441195,1.4278481021963814,98.89327188795008,1.4252078556402796,98.23051525015842,1.4156564883073368,100.28816720895053,1.4453104948930107,101.28809174872995,1.4597209829063493,104.94017316280662,1.5123532299886113,1.5123532299886113,104.94017316280662,105.64747193287984,1.522546519624485,108.70911143732324,1.5666695685394338,108.70911143732324,1.5666695685394338,111.23119261319746,1.603016731857997,116.35131304228852,1.6768057340626457,123.09657918343562,1.7740156464178523,123.09657918343562,1.7740156464178523,123.09657918343562,1.7740156464178523,134.7025208789677,1.941275551574159,142.6153526918177,2.0553119247746725,152.58651344937135,2.199012060994446,152.58651344937135,2.199012060994446,152.58651344937135,2.199012060994446,152.58651344937135,2.199012060994446,152.58651344937135,2.199012060994446,131.51965193919204,1.895405395497399,126.43490168988194,1.8221261333096077,126.43490168988194,1.8221261333096077,119.52489647190563,1.7225420713085695,115.930556875897,1.6707419747977106,115.930556875897,1.6707419747977106,115.930556875897,1.6707419747977106,115.930556875897,1.6707419747977106,118.77897300413206,1.7117921389250816,118.77897300413206,1.7117921389250816,113.94406352190924,1.642113475818646,108.03609448728884,1.556970333941807,112.22385453989297,1.6173225541744476,112.22385453989297,1.6173225541744476,107.63164449919134,1.5511415723967015,109.9985385207216,1.585252244321633,104.59720892457791,1.5074105749707751,106.09138489005771,1.5289440047284995,113.47017444600267,1.635283987615956,113.47017444600267,1.635283987615956,113.47017444600267,1.635283987615956,114.3393814530961,1.6478106300359856,116.78293322758597,1.683026060956429,113.77505495256793,1.6396777960590694,106.37643948987127,1.5330520906193272,107.26736463823288,1.545891725672267,107.26736463823288,1.545891725672267,107.26736463823288,1.545891725672267,108.80766280560223,1.568089849025395,113.12627764044758,1.6303278928336735,119.23176959722824,1.7183176512189717,121.04064713189075,1.7443864264053488,121.8886344771418,1.7566072600663556,121.8886344771418,1.7566072600663556,121.8886344771418,1.7566072600663556,121.97549638158627,1.7578590769615472,119.40522794649071,1.7208174593179026,119.40522794649071,1.7208174593179026,121.50390743780086,1.7510627372866137,121.50390743780086,1.7510627372866137,121.50390743780086,1.7510627372866137,121.50390743780086,1.7510627372866137,121.50390743780086,1.7510627372866137,121.50390743780086,1.7510627372866137,121.50390743780086,1.7510627372866137,122.12659070233447,1.7600365841747474,122.12659070233447,1.7600365841747474,122.12659070233447,1.7600365841747474,122.12659070233447,1.7600365841747474,123.97628598539443,1.786693607424466,129.97962716687016,1.873211212197643,129.97962716687016,1.873211212197643,129.97962716687016,1.873211212197643,129.97962716687016,1.873211212197643,129.97962716687016,1.873211212197643,123.50620275505825,1.7799189674526084,123.50620275505825,1.7799189674526084,123.50620275505825,1.7799189674526084,123.50620275505825,1.7799189674526084,119.63269307840156,1.724095590243239,116.48997398659577,1.678804056732373,116.48997398659577,1.678804056732373,116.48997398659577,1.678804056732373,117.83180497117016,1.6981419552935992,124.21302413144166,1.7901053770932713,124.21302413144166,1.7901053770932713,124.21302413144166,1.7901053770932713,119.34511079034873,1.7199510763824752,119.34511079034873,1.7199510763824752,119.34511079034873,1.7199510763824752,119.34511079034873,1.7199510763824752,120.18753321490546,1.7320917107686662,120.18753321490546,1.7320917107686662,121.10234031083995,1.7452755223124743,121.10234031083995,1.7452755223124743,121.10234031083995,121.10234031083995,1.7452755223124743,1.7452755223124743,121.10234031083995,1.7452755223124743,121.10234031083995,1.7452755223124743,103.40863000778091,1.490281280157,94.81796353062045,1.3664762415057656,94.81796353062045,1.3664762415057656,94.81796353062045,1.3664762415057656,94.81796353062045,1.3664762415057656,92.94221633099102,1.3394437690931216,98.02009788857828,1.4126240426114667,99.89029808138503,1.439576573916409,98.0459043045676,1.4129959537242427,98.0459043045676,1.4129959537242427,98.0459043045676,1.4129959537242427,98.0459043045676,1.4129959537242427,100.23194225868161,1.444500204776439,100.23194225868161,1.444500204776439,97.6574405336492,1.4073975787551967,94.38557823521586,1.3602448881698967,97.11543045218322,1.3995863595367974,92.40945390807768,1.3317658232042813,97.11543045218322,1.3995863595367974,90.61256604153014,1.305869838025331,85.42084211230546,1.2310489165714398,85.42084211230546,1.2310489165714398,76.92171397665247,1.108563089641267,75.59242257140015,1.0894059061743546,75.59242257140015,1.0894059061743546,70.57394539627458,1.017081743399719,66.46134569821358,0.9578127022922361,72.25723340910054,1.0413405757083807,71.39877170585454,1.028968790046169,71.39877170585454,1.028968790046169,71.87194872412573,1.0357880163764763,77.55427225243781,1.1176792509997566,74.74161717219665,1.0771444599160098,64.96571651503241,0.9362583293778703,65.53394204125463,0.9444473544580074,63.15883575826079,0.9102183309068526,64.43285828913943,0.9285790028171546,61.812339318691514,0.8908131957886601,65.95466263585121,0.9505106010773333,65.95466263585121,0.9505106010773333,63.51558313364616,0.9153596226466421,69.37162964080537,0.9997544790980957,67.8097160623011,0.9772448436151309,61.55999217290486,0.8871764758414121,59.51182323925664,0.8576591345887005,64.66081155169327,0.9318641684741131,65.99482120940434,0.9510893493926289,65.30455704015836,0.9411415551929282,65.18448515211055,0.939411130111218,67.55788805953871,0.9736156053367794,62.40771919232343,0.8993935577970256,61.36686741751824,0.884393243845534,66.43237082225146,0.9573951286792991,66.65431024843456,0.960593625479272,69.49884107991251,1.0015877963590336,70.27780220610099,1.0128138534515736,71.1628607286052,1.0255689411829574,66.96533445614283,0.9650759743353434,67.13246478640873,0.9674845857106512,67.13246478640873,0.9674845857106512,67.62093017125068,0.9745241414902788,67.62093017125068,0.9745241414902788,67.6328662700228,0.9746961594790758,67.6072587814092,0.9743271152231969,70.02418301749213,1.0091588013631363,69.48400365680014,1.0013739657154164,68.7324194538471,0.990542453219425,68.94082254268889,0.9935458700716205,67.2725743713713,0.9695037855745754,65.79800863145637,0.9482529700634257,64.11451436594051,0.9239911653285485,62.38554932636534,0.8990740550996353,61.04714058724458,0.8797854764871914,61.04714058724458,0.8797854764871914,60.660648592326616,0.8742155179168725,61.8800395754723,0.8917888631515741,61.35081978385043,0.8841619721611093,61.15176616496155,0.881293295901156,58.530142199562604,0.8435115641544823,58.15936301820791,0.838168051983368,57.46120585317526,0.8281065072788558,57.46120585317526,0.8281065072788558,64.30417889608209,0.9267245300270123,64.69544831302755,0.9323633387756428,63.41372632830742,0.9138917056048874,60.69684658954117,0.8747371880871858,60.69684658954117,0.8747371880871858,60.69684658954117,0.8747371880871858,62.832383390484345,0.9055136379569163,64.28663773949799,0.9264717343242975,63.65624521365888,0.9173867848347024,57.74165906822446,0.832148279965683,56.997529761157764,0.8214242042647066,60.59767791885594,0.8733080113009821,60.59767791885594,0.8733080113009821,60.59767791885594,0.8733080113009821,59.56137230332703,0.8583732146671992,59.56137230332703,0.8583732146671992,58.830941246223475,0.8478465523299763,58.65024618221811,0.845242451770055,57.19705838015942,0.8242997260246543,57.19705838015942,0.8242997260246543,57.19705838015942,0.8242997260246543,58.56078919496789,0.8439532356430429,56.222225040348114,0.8102508417343933,55.33845455337559,0.7975143166243394,51.95540369329611,0.7487592236865823,51.625540945290695,0.7440053817844449,51.625540945290695,0.7440053817844449,53.04315732476075,0.7644354672870688,54.845862038999904,0.7904152824057803,55.59900218335808,0.8012692184688271,56.418261642342,0.8130760380275374,56.418261642342,0.8130760380275374,57.29216544965018,0.8256703687385362,57.29216544965018,0.8256703687385362,57.29216544965018,0.8256703687385362,57.29216544965018,0.8256703687385362,57.09607225109907,0.822844356799834,57.09607225109907,0.822844356799834,57.62205596296245,0.83042461078249,57.62205596296245,0.83042461078249,57.62205596296245,0.83042461078249,57.62205596296245,0.83042461078249,63.94893035802338,0.9216048388945391,67.47740394804403,0.9724557024862961,65.43278454206354,0.9429895155196071,68.64745122633053,0.9893179271922787,72.13994566071246,1.0396502744656182
Salça,96.0,0.007137383793826,0.17366248336614376,100.0,0.7137383793826,100.0,0.7137383793826,100.20244964065188,0.7151833401668547,100.20244964065188,0.7151833401668547,100.42071204207642,0.7167411626935837,100.42071204207642,0.7167411626935837,100.42071204207642,0.7167411626935837,100.42954239291547,0.7168041882965561,98.47695124205235,0.7028677958604177,98.47695124205235,0.7028677958604177,98.47695124205235,0.7028677958604177,98.47695124205235,0.7028677958604177,98.54411255302203,0.7033471519129048,98.54411255302203,0.7033471519129048,98.54411255302203,0.7033471519129048,98.30667783829071,0.7016524892278897,99.73574806693019,0.7118523119180203,99.73574806693019,0.7118523119180203,99.73574806693019,0.7118523119180203,99.76337395530223,0.712049488485977,99.76337395530223,0.712049488485977,100.44115491728071,0.716887071339766,100.44115491728071,0.716887071339766,100.40737587388087,0.7166459773428331,100.40737587388087,0.7166459773428331,100.40737587388087,0.7166459773428331,100.40737587388087,0.7166459773428331,100.40737587388087,0.7166459773428331,100.60900654600617,0.7180850928343985,100.62219257196733,0.7181792065623986,100.60900654600617,0.7180850928343985,100.60900654600617,0.7180850928343985,100.55686736442017,0.7177129554847231,100.41998890456081,0.716736001383599,100.4478043213753,0.7169345306887893,100.31594666827766,0.7159934120124783,100.2049998614842,0.715201542071694,100.2049998614842,0.715201542071694,100.2049998614842,0.715201542071694,100.2049998614842,0.715201542071694,100.2049998614842,0.715201542071694,100.2049998614842,0.715201542071694,100.19915231813283,0.7151598059105442,100.47502091290757,0.7171287859481149,100.50985394374928,0.7173774026579344,100.47605179639967,0.7171361437592448,100.47605179639967,0.7171361437592448,100.47605179639967,0.7171361437592448,100.51078267557503,0.7173840313734163,100.54562809551535,0.7176327365089875,100.51193026163452,0.7173922221355593,100.47658748852864,0.7171399671995645,100.47658748852864,0.7171399671995645,100.44279652891406,0.7168987881520337,100.44279652891413,0.7168987881520341,100.44279652677213,0.7168987881367459,100.41564406719571,0.7167049906118026,100.41564406719571,0.7167049906118026,100.41564406719571,0.7167049906118026,0.7167049906118026,100.41564406719571,100.44345828052998,0.7169035113272927,100.41629276232248,0.7167096205978876,100.44410715533927,0.7169081425958407,100.44410715533927,0.7169081425958407,100.44410715533927,0.7169081425958407,100.36796362041238,0.7163646769636489,100.30335836984166,0.7159035644952294,100.30335836984166,0.7159035644952294,100.30335836984166,0.7159035644952294,100.37130250057228,0.7163885078327917,100.5459851965124,0.7176352852758566,100.5459851965124,0.7176352852758566,100.5459851965124,0.7176352852758566,101.11938685930673,0.7217278730112376,101.11938685930673,0.7217278730112376,101.11938685930673,0.7217278730112376,100.87361999650012,0.7199737405875823,100.87361999650012,0.7199737405875823,100.87361999650012,0.7199737405875823,100.87361999650012,0.7199737405875823,100.87361999650012,0.7199737405875823,100.87361999650012,0.7199737405875823,100.87361999650012,0.7199737405875823,100.87361999650012,0.7199737405875823,100.87361999650012,0.7199737405875823,101.0912427943625,0.7215269980182123,101.15955696212968,0.7220145824521226,101.15955696212968,0.7220145824521226,101.15955696212968,0.7220145824521226,101.15955696212968,0.7220145824521226,101.15955696212968,0.7220145824521226,101.2568307029992,0.7227088624737694,101.2568307029992,0.7227088624737694,101.38286716587477,0.7236084330813287,101.38286716587477,0.7236084330813287,101.38286716587477,0.7236084330813287,101.38286716587477,0.7236084330813287,101.70689300648459,0.7259211298648781,101.70689300648459,0.7259211298648781,101.70689300648459,0.7259211298648781,101.70689300648459,0.7259211298648781,101.70689300648459,0.7259211298648781,102.30383459877457,0.7301817311115493,102.30383459877457,0.7301817311115493,102.30383459877457,0.7301817311115493,102.30383459877457,0.7301817311115493,102.71648268381209,0.7331269588662493,102.71648268381209,0.7331269588662493,102.9393705529716,0.7347177951314289,102.9485055475508,0.7347829950936952,102.98115829487983,0.7350160502833053,102.98115829487983,0.7350160502833053,102.98115829487983,0.7350160502833053,103.44669388355751,0.7383387564493826,102.97085266058461,0.7349424950161015,102.97085266058461,0.7349424950161015,102.97085266058461,0.7349424950161015,102.97085266058461,0.7349424950161015,103.00112045475362,0.7351585278796782,102.31668669946328,0.7302734614867215,102.31668669946328,0.7302734614867215,102.40602393495632,0.7309110956235148,103.04810690562904,0.7354938882126859,103.04810690562904,0.7354938882126859,103.08791220932562,0.7357779939421982,102.94317264723625,0.734744932137416,102.6336024899991,0.7325354111140995,102.6336024899991,0.7325354111140995,102.6336024899991,0.7325354111140995,102.6336024899991,0.7325354111140995,102.6336024899991,0.7325354111140995,103.07848467197569,0.7357107059899011,103.07848467197569,0.7357107059899011,103.07848467197569,0.7357107059899011,103.07848467197569,0.7357107059899011,103.07848467197569,0.7357107059899011,103.07848467197569,0.7357107059899011,103.07848467197569,0.7357107059899011,103.07848467197569,0.7357107059899011,103.07848467197569,0.7357107059899011,103.07848467197569,0.7357107059899011,103.25839640126064,0.7369948050508187,103.25839640126064,0.7369948050508187,103.25839640126064,0.7369948050508187,103.25839640126064,0.7369948050508187,103.25839640126064,0.7369948050508187,103.44650685648422,0.7383374215653807,103.12549183673416,0.7360462141658418,103.12549183673416,0.7360462141658418,103.67779919618229,0.7399882437623778,103.67779919618229,103.67779919618229,0.7399882437623778,0.7399882437623778,103.25802464228697,0.7369921516643448,103.25802464228697,0.7369921516643448,103.25802464228697,0.7369921516643448,103.00264580545961,0.7351694148930871,103.00264580545961,0.7351694148930871,103.00264580545961,0.7351694148930871,103.00264580545961,0.7351694148930871,103.1966539172948,0.7365541252463703,103.87243999165254,0.7413774698215846,103.50134531799952,0.7387288247118784,103.50134531799952,0.7387288247118784,103.50134531799952,0.7387288247118784,103.50134531799952,0.7387288247118784,103.50134531799952,0.7387288247118784,103.50134531799952,0.7387288247118784,103.50134531799952,0.7387288247118784,103.50134531799952,0.7387288247118784,103.50134531799952,0.7387288247118784,103.2936305298495,0.7372462845491984,103.35815303220718,0.7377068064118633,103.35815303220718,0.7377068064118633,103.35815303220718,0.7377068064118633,103.35815303220718,0.7377068064118633,103.8455309225848,0.7411854094681135,103.6622830413735,0.739877499010503,103.6622830413735,0.739877499010503,103.6622830413735,0.739877499010503,103.6622830413735,0.739877499010503,103.78958723634088,0.7407861179085493,104.01497005019189,0.7423947615515364,104.2533581215054,0.7440962287083709,103.81129037019062,0.7409410215043637,103.81129037019062,0.7409410215043637,103.81129037019062,0.7409410215043637,103.81129037019062,0.7409410215043637,104.07568534742934,0.7428281099300763,104.07568534742934,0.7428281099300763,104.65224042737904,0.7469432048139574,104.65224042737904,0.7469432048139574,104.69851176453547,0.7472734611058963,104.69851176453547,0.7472734611058963,104.69851176453547,0.7472734611058963,104.69851176453547,0.7472734611058963,104.50487822951867,0.7458914242511261,104.21292178234476,0.7438076190365641,103.59165765395579,0.7393734185149152,103.57458498858195,0.7392515643497585,103.57458498858195,0.7392515643497585,103.62585579687047,0.7396175037859334,103.68784518591174,0.7400599458466657,103.74448305848966,0.7404641920805202,103.3609405084626,0.7377267016997143,103.31235703461992,0.7373799428008618,103.1470445263831,0.7362000439836556,103.1470445263831,0.7362000439836556,103.1470445263831,0.7362000439836556,103.5155584220746,0.7388302690905638,103.5155584220746,0.7388302690905638,103.55939942235916,0.7391431791355,103.41191225019497,0.738090506583098,102.76177867577469,0.7334502537452086,103.32311180554383,0.7374567037285604,103.22000941117342,0.7367208223698765,103.22000941117342,0.7367208223698765,103.3497789462864,0.7376470373467242,103.24468419801471,0.7368969357935935,103.52806829632843,0.7389195568643259,103.52806829632843,0.7389195568643259,103.52806829632843,0.7389195568643259,103.52806829632843,0.7389195568643259,103.84379852032015,0.7411730446482654,103.73221645162474,0.7403766405994772,104.6582520673201,0.746986112195447,104.54029718693924,0.746144222943814,104.54029718693924,0.746144222943814,104.54029718693924,0.746144222943814,105.0590162505967,0.7498465199823113,105.29607257038305,0.7515384819173784,105.34546988350688,0.751891049499527,104.86054446698942,0.748429950690461,105.4022613075889,0.7522963916893983,105.33756319141571,0.7518346164035327,105.46211098982168,0.7527235618414322,105.51563497495069,0.7531055830654729,105.36541848870706,0.7520334303509922,104.86373525643336,0.7484527245793277,105.2815166754433,0.7514345909087308,105.21028068910636,0.7509261523343123,105.26454192658301,0.7513134356113111,105.26454192658301,0.7513134356113111,105.28910860426043,0.7514887774184341,105.60460923940593,0.7537406265386634,105.60460923940593,0.7537406265386634,106.05719750321273,0.7569709226780339,106.2338739467328,0.7582319302627648,106.50733939410738,0.7601837581150275,106.50733939410738,0.7601837581150275,106.50733939410738,0.7601837581150275,106.51410417733771,0.7602320409692245,106.38167387405382,0.7592868350687545,106.7251380969213,0.7617382710468079,106.79053452518642,0.7622050304540815,107.30321578433231,0.7658642333645077,107.52946551901978,0.7674790645542234,107.2650079753548,0.7655915295679141,107.26505184799512,0.7655918427037861,107.07339871457108,0.7642239407352494,108.38042240511645,0.7735526704422945,108.27467920860553,0.7727979406652101,108.04602169104601,0.7711659242050443,108.21775369120677,0.772391641399873,108.32723209472879,0.773173030782945,108.58249120414096,0.77499491301369,108.79532845104202,0.7765140141304441,108.23759668305462,0.7725332684483089,108.32564172171438,0.7731616796803659,108.73337839964812,0.7760718528375986,108.73337839964812,0.7760718528375986,109.0635682171301,0.7784285442897808,109.40440770649435,0.7808612465374651,109.78630615644111,0.7835870023450024,109.83235104219106,0.7839156423663427,110.97324215480305,0.7920586201040196,111.03240661772928,0.7924808995828797,111.03240661772928,0.7924808995828797,111.03240661772928,0.7924808995828797,112.01025110449041,0.7994601509755707,112.34860520070413,0.8018751140184611,113.14798852488805,0.8075806196015463,114.2434200088116,0.815399134522149,114.44181796908137,0.8168151769085066
Sarımsak,97.0,0.0027441997241815,0.0,100.0,0.27441997241815,100.0,0.27441997241815,100.0,0.27441997241815,100.0,0.27441997241815,100.0,0.27441997241815,100.0,0.27441997241815,102.67078165782146,0.28174913070689267,102.67078165782146,0.28174913070689267,102.67078165782146,0.28174913070689267,102.67078165782146,0.28174913070689267,102.67078165782146,0.28174913070689267,102.67078165782146,0.28174913070689267,108.37471397214489,0.29740186019060894,108.37471397214489,0.29740186019060894,108.37471397214489,0.29740186019060894,108.37471397214489,0.29740186019060894,108.37471397214489,0.29740186019060894,108.37471397214489,0.29740186019060894,108.37471397214489,0.29740186019060894,108.37471397214489,0.29740186019060894,108.37471397214489,0.29740186019060894,108.37471397214489,0.29740186019060894,108.37471397214489,0.29740186019060894,108.37471397214489,0.29740186019060894,108.37471397214489,0.29740186019060894,108.37471397214489,0.29740186019060894,108.37471397214489,0.29740186019060894,108.37471397214489,0.29740186019060894,108.37471397214489,0.29740186019060894,108.44802573508031,0.2976030423102356,108.37471397214475,0.29740186019060855,108.37471397214475,0.29740186019060855,108.37471397214475,0.29740186019060855,108.37471397214475,0.29740186019060855,108.37471397214475,0.29740186019060855,108.37471397214475,0.29740186019060855,108.37471397214475,0.29740186019060855,108.37471397214475,0.29740186019060855,108.37471397214475,0.29740186019060855,108.37471397214475,0.29740186019060855,108.37471397214475,0.29740186019060855,108.37471397214475,0.29740186019060855,108.37471397214475,0.29740186019060855,108.37471397214475,0.29740186019060855,108.37471397214475,0.29740186019060855,108.37471397214475,0.29740186019060855,108.37471397214475,0.29740186019060855,108.37471397214475,0.29740186019060855,108.37471397214475,0.29740186019060855,108.37471397214475,0.29740186019060855,108.37471397214475,0.29740186019060855,108.37471397214475,0.29740186019060855,108.37471397214475,0.29740186019060855,108.37471397214475,0.29740186019060855,108.37471397214475,0.29740186019060855,108.37471397214475,0.29740186019060855,108.37471397214475,0.29740186019060855,108.37471397214475,0.29740186019060855,108.37471397214475,0.29740186019060855,0.29740186019060855,108.37471397214475,108.37471397214475,0.29740186019060855,108.37471397214475,0.29740186019060855,108.37471397214475,0.29740186019060855,108.37471397214475,0.29740186019060855,108.37471397214475,0.29740186019060855,108.37471397214475,0.29740186019060855,108.37471397214475,0.29740186019060855,108.37471397214475,0.29740186019060855,108.37471397214475,0.29740186019060855,108.37471397214475,0.29740186019060855,108.37471397214475,0.29740186019060855,108.37471397214475,0.29740186019060855,108.37471397214475,0.29740186019060855,108.37471397214475,0.29740186019060855,108.37471397214475,0.29740186019060855,108.37471397214475,0.29740186019060855,108.37471397214475,0.29740186019060855,108.37471397214475,0.29740186019060855,108.37471397214475,0.29740186019060855,108.37471397214475,0.29740186019060855,108.37471397214475,0.29740186019060855,108.37471397214475,0.29740186019060855,108.37471397214475,0.29740186019060855,108.37471397214475,0.29740186019060855,108.37471397214475,0.29740186019060855,108.37471397214475,0.29740186019060855,108.37471397214475,0.29740186019060855,108.37471397214475,0.29740186019060855,108.37471397214475,0.29740186019060855,108.37471397214475,0.29740186019060855,108.37471397214475,0.29740186019060855,108.37471397214475,0.29740186019060855,108.37471397214475,0.29740186019060855,108.37471397214475,0.29740186019060855,108.37471397214475,0.29740186019060855,108.37471397214475,0.29740186019060855,108.37471397214475,0.29740186019060855,108.37471397214475,0.29740186019060855,108.37471397214475,0.29740186019060855,108.37471397214475,0.29740186019060855,108.37471397214475,0.29740186019060855,108.37471397214475,0.29740186019060855,108.37471397214475,0.29740186019060855,108.37471397214475,0.29740186019060855,108.37471397214475,0.29740186019060855,108.37471397214475,0.29740186019060855,108.37471397214475,0.29740186019060855,108.37471397214475,0.29740186019060855,108.37471397214475,0.29740186019060855,108.37471397214475,0.29740186019060855,110.24539612720778,0.30253538564456384,110.24539612720778,0.30253538564456384,110.24539612720778,0.30253538564456384,113.20028230292112,0.3106441834729441,113.20028230292112,0.3106441834729441,113.20028230292112,0.3106441834729441,113.20028230292112,0.3106441834729441,113.20028230292112,0.3106441834729441,121.94334038686098,0.3346368810553947,121.94334038686098,0.3346368810553947,121.94334038686098,0.3346368810553947,121.94334038686098,0.3346368810553947,121.94334038686098,0.3346368810553947,121.94334038686098,0.3346368810553947,127.49700485649267,0.34987724556115457,127.49700485649267,0.34987724556115457,127.49700485649267,0.34987724556115457,127.49700485649267,0.34987724556115457,127.49700485649267,0.34987724556115457,127.49700485649267,0.34987724556115457,127.49700485649267,0.34987724556115457,127.49700485649267,0.34987724556115457,127.49700485649267,0.34987724556115457,127.49700485649267,0.34987724556115457,127.49700485649267,0.34987724556115457,127.49700485649267,0.34987724556115457,127.49700485649267,0.34987724556115457,127.49700485649267,0.34987724556115457,127.49700485649267,0.34987724556115457,127.49700485649267,0.34987724556115457,127.49700485649267,0.34987724556115457,127.49700485649267,0.34987724556115457,127.49700485649267,0.34987724556115457,127.49700485649267,0.34987724556115457,127.49700485649267,0.34987724556115457,127.49700485649267,0.34987724556115457,132.60489916938408,0.36389432772573943,132.60489916938408,0.36389432772573943,132.60489916938408,0.36389432772573943,132.60489916938408,0.36389432772573943,132.60489916938408,132.60489916938408,0.36389432772573943,0.36389432772573943,132.60489916938408,0.36389432772573943,132.60489916938408,0.36389432772573943,132.60489916938408,0.36389432772573943,132.60489916938408,0.36389432772573943,132.60489916938408,0.36389432772573943,132.60489916938408,0.36389432772573943,132.60489916938408,0.36389432772573943,132.60489916938408,0.36389432772573943,132.60489916938408,0.36389432772573943,132.60489916938408,0.36389432772573943,132.60489916938408,0.36389432772573943,132.60489916938408,0.36389432772573943,132.60489916938408,0.36389432772573943,132.60489916938408,0.36389432772573943,132.60489916938408,0.36389432772573943,132.60489916938408,0.36389432772573943,132.60489916938408,0.36389432772573943,132.60489916938408,0.36389432772573943,132.60489916938408,0.36389432772573943,132.60489916938408,0.36389432772573943,132.60489916938408,0.36389432772573943,132.60489916938408,0.36389432772573943,132.60489916938408,0.36389432772573943,132.60489916938408,0.36389432772573943,132.60489916938408,0.36389432772573943,132.60489916938408,0.36389432772573943,132.60489916938408,0.36389432772573943,132.60489916938408,0.36389432772573943,132.60489916938408,0.36389432772573943,132.60489916938408,0.36389432772573943,132.60489916938408,0.36389432772573943,132.60489916938408,0.36389432772573943,132.60489916938408,0.36389432772573943,132.60489916938408,0.36389432772573943,132.60489916938408,0.36389432772573943,132.60489916938408,0.36389432772573943,137.53040271171218,0.3774108931880512,137.53040271171218,0.3774108931880512,137.53040271171218,0.3774108931880512,137.53040271171218,0.3774108931880512,137.53040271171218,0.3774108931880512,137.53040271171218,0.3774108931880512,137.53040271171218,0.3774108931880512,130.01773907230313,0.3567946437009165,130.01773907230313,0.3567946437009165,130.01773907230313,0.3567946437009165,127.48902978889276,0.3498553603828466,127.48902978889276,0.3498553603828466,127.48902978889276,0.3498553603828466,127.4890297888927,0.34985536038284637,127.4890297888927,0.34985536038284637,127.4890297888927,0.34985536038284637,127.4890297888927,0.34985536038284637,127.4890297888927,0.34985536038284637,127.4890297888927,0.34985536038284637,128.9995122815003,0.35400042602244114,123.25627000598953,0.338239822154077,118.35748411718305,0.32479657526919,118.35748411718305,0.32479657526919,121.17417137064889,0.3325261276532565,118.30195908824747,0.3246442035000998,118.30195908824747,0.3246442035000998,118.76072911651809,0.3259031600851428,118.76072911651809,0.3259031600851428,114.25954746868396,0.3135510186486655,114.25954746868396,0.3135510186486655,114.25954746868396,0.3135510186486655,114.25954746868396,0.3135510186486655,114.25954746868396,0.3135510186486655,114.25954746868396,0.3135510186486655,118.05157938466728,0.3239571115865944,116.83368650116242,0.32061497027159774,116.83368650116242,0.32061497027159774,116.83368650116242,0.32061497027159774,116.5298032306306,0.31978105388442096,116.5298032306306,0.31978105388442096,117.2795594933292,0.3218385348137218,114.16685038210738,0.31329663932924967,113.21886652818974,0.31069518229880033,114.64421763865506,0.3146066304230011,114.64421763865506,0.3146066304230011,114.64421763865506,0.3146066304230011,114.64421763865506,0.3146066304230011,114.64421763865506,0.3146066304230011,113.20769523506404,0.31066452603928607,113.20769523506404,0.31066452603928607,109.74357744552536,0.30115829495670177,109.74357744552536,0.30115829495670177,112.08188839193376,0.3075750872108863,112.08188839193376,0.3075750872108863,112.08188839193376,0.3075750872108863,112.08188839193376,0.3075750872108863,112.08188839193376,0.3075750872108863,110.12988042375935,0.302218387483022,110.12988042375935,0.302218387483022,110.12988042375935,0.302218387483022,110.12988042375935,0.302218387483022,110.12988042375935,0.302218387483022,110.12988042375935,0.302218387483022,110.12988042375935,0.302218387483022,110.12988042375935,0.302218387483022,110.12988042375935,0.302218387483022,100.72590137187503,0.2764119907626324,100.72590137187503,0.2764119907626324,105.32298644483976,0.2890273103519011,105.32298644483976,0.2890273103519011,110.12988042375909,0.30221838748302127,110.12988042375909,0.30221838748302127,110.12988042375909,0.30221838748302127,110.12988042375909,0.30221838748302127,110.12988042375909,0.30221838748302127,109.41539142685208,0.30025768697477834,109.41539142685208,0.30025768697477834,109.41539142685208,0.30025768697477834,109.41539142685208,0.30025768697477834,109.41539142685208,0.30025768697477834,109.41539142685208,0.30025768697477834,109.41539142685208,0.30025768697477834,109.41539142685208,0.30025768697477834,109.41539142685208,0.30025768697477834,109.41539142685208,0.30025768697477834,109.48129112818776,0.30043852891700734,109.48129112818776,0.30043852891700734,109.48129112818776,0.30043852891700734,109.48129112818776,0.30043852891700734,109.48129112818776,0.30043852891700734,109.48129112818776,0.30043852891700734,109.48129112818776,0.30043852891700734,103.35915360858736,0.28363816082431875,104.11114449150732,0.28570177399781466,104.11114449150732,0.28570177399781466
Sirke,98.0,0.001141939261699,0.0,100.0,0.1141939261699,100.0,0.1141939261699,100.0,0.1141939261699,100.0,0.1141939261699,100.0,0.1141939261699,100.0,0.1141939261699,100.0,0.1141939261699,100.0,0.1141939261699,104.57976596722335,0.11942374073726524,105.51714960233218,0.12049417591347014,105.51714960233218,0.12049417591347014,106.41488345054692,0.12151933344130268,106.38103974556945,0.12148068598582755,106.38374486802797,0.12148377507137063,106.38374486802797,0.12148377507137063,106.06291048690137,0.12111740169505927,106.06291048690137,0.12111740169505927,106.06291048690137,0.12111740169505927,106.06291048690137,0.12111740169505927,106.06291048690137,0.12111740169505927,106.06291048690137,0.12111740169505927,106.76408895270393,0.12191810491461708,105.49330063207944,0.12046694183798744,109.12788250923693,0.12461741358337322,109.12788250923693,0.12461741358337322,109.12788250923693,0.12461741358337322,109.12788250923693,0.12461741358337322,109.12788250923693,0.12461741358337322,109.12788250923693,0.12461741358337322,109.32493079755332,0.1248424307602523,109.12788250923693,0.12461741358337322,109.12788250923693,0.12461741358337322,109.12788250923693,0.12461741358337322,109.56086005710834,0.12511184764472175,109.56086005710834,0.12511184764472175,109.12585306887242,0.12461509608574171,109.12585306887242,0.12461509608574171,109.12585306887242,0.12461509608574171,109.12585306887242,0.12461509608574171,109.12585306887242,0.12461509608574171,109.12585306887242,0.12461509608574171,109.12585306887242,0.12461509608574171,109.12585306887242,0.12461509608574171,109.12585306887242,0.12461509608574171,109.12585306887242,0.12461509608574171,109.12585306887242,0.12461509608574171,109.12585306887242,0.12461509608574171,109.12585306887242,0.12461509608574171,109.12585306887242,0.12461509608574171,109.12585306887242,0.12461509608574171,109.12585306887242,0.12461509608574171,109.12585306887242,0.12461509608574171,109.12585306887242,0.12461509608574171,109.12585306887242,0.12461509608574171,109.12585306887242,0.12461509608574171,109.12585306887242,0.12461509608574171,109.12585306887242,0.12461509608574171,109.12585306887242,0.12461509608574171,109.12585306887242,0.12461509608574171,0.12461509608574171,109.12585306887242,109.12585306887242,0.12461509608574171,109.12585306887242,0.12461509608574171,109.12585306887242,0.12461509608574171,109.12585306887242,0.12461509608574171,109.12585306887242,0.12461509608574171,109.12585306887242,0.12461509608574171,109.12585306887242,0.12461509608574171,109.12585306887242,0.12461509608574171,109.12585306887242,0.12461509608574171,109.12585306887242,0.12461509608574171,109.12585306887242,0.12461509608574171,109.12585306887242,0.12461509608574171,109.12585306887242,0.12461509608574171,109.12585306887242,0.12461509608574171,109.12585306887242,0.12461509608574171,109.12585306887242,0.12461509608574171,109.12585306887242,0.12461509608574171,109.12585306887242,0.12461509608574171,109.12585306887242,0.12461509608574171,109.12585306887242,0.12461509608574171,109.12585306887242,0.12461509608574171,109.12585306887242,0.12461509608574171,109.12585306887242,0.12461509608574171,109.12585306887242,0.12461509608574171,109.12585306887242,0.12461509608574171,113.2683446531352,0.12934556986706908,113.67805706351994,0.12981343655449276,113.67805706351994,0.12981343655449276,113.67805706351994,0.12981343655449276,113.67805706351994,0.12981343655449276,113.67805706351994,0.12981343655449276,113.67805706351994,0.12981343655449276,113.67805706351994,0.12981343655449276,113.97823278887287,0.13015621900068225,113.97823278887287,0.13015621900068225,113.97823278887287,0.13015621900068225,113.97823278887287,0.13015621900068225,114.41271329608658,0.13065236935031246,120.69290193952946,0.13782396333313607,122.11864561631735,0.13945207601477924,122.30302880973392,0.13966263042253907,121.8528445291188,0.13914854731750495,121.8528445291188,0.13914854731750495,121.8528445291188,0.13914854731750495,121.8528445291188,0.13914854731750495,121.8528445291188,0.13914854731750495,121.8528445291188,0.13914854731750495,121.8528445291188,0.13914854731750495,122.30302880973396,0.13966263042253912,122.31945726378713,0.13968139071923144,123.99445927678188,0.14159414128129502,126.14517861334747,0.14405013213261447,126.18397598593354,0.14409443637562128,125.98318202873308,0.14386514187238217,126.32907088767044,0.14426012594058701,126.32907088767044,0.14426012594058701,126.32907088767044,0.14426012594058701,126.32907088767044,0.14426012594058701,126.32907088767044,0.14426012594058701,126.32907088767044,0.14426012594058701,126.32907088767044,0.14426012594058701,126.32907088767044,0.14426012594058701,126.32907088767044,0.14426012594058701,125.71940936437889,0.14356392951079316,125.71940936437889,0.14356392951079316,125.71940936437889,0.14356392951079316,125.33664862618971,0.14312683999601805,125.73147580150643,0.14357770864909794,125.73147580150643,0.14357770864909794,125.34147444535849,0.14313235078839673,126.32776367371692,0.14425863318165005,127.16390639766193,0.14521345738650682,127.16390639766193,0.14521345738650682,128.55052930505138,0.14679689652562602,128.55052930505138,0.14679689652562602,129.0065197717596,0.1473176099425206,129.0065197717596,0.1473176099425206,129.0065197717596,0.1473176099425206,129.0065197717596,0.1473176099425206,129.0065197717596,0.1473176099425206,129.0065197717596,0.1473176099425206,129.0065197717596,0.1473176099425206,127.25391885788744,0.14531624614888042,127.25391885788744,0.14531624614888042,127.41289259552656,0.14549778450146958,127.0249759399262,0.14505480724217254,128.988725261751,0.14729728969289907,128.988725261751,0.14729728969289907,128.988725261751,0.14729728969289907,129.18494213862246,0.14752135744840655,129.18494213862246,129.18494213862246,0.14752135744840655,0.14752135744840655,129.18494213862246,0.14752135744840655,128.87791297684288,0.14717074879408393,129.18494213862255,0.14752135744840666,129.18494213862255,0.14752135744840666,129.18494213862255,0.14752135744840666,129.18494213862255,0.14752135744840666,128.88124632451343,0.1471745552746618,129.18494213862263,0.14752135744840675,129.0010852862708,0.14731140409017382,130.25650428642734,0.14874501633633547,130.2349909672646,0.14872044943253407,130.2349909672646,0.14872044943253407,130.2349909672646,0.14872044943253407,130.2349909672646,0.14872044943253407,130.2349909672646,0.14872044943253407,130.2349909672646,0.14872044943253407,130.2349909672646,0.14872044943253407,130.2349909672646,0.14872044943253407,129.63651805905351,0.14803702972158464,129.63651805905351,0.14803702972158464,129.45201852090588,0.14782634245520854,130.03115273248895,0.14848767854920833,130.03115273248895,0.14848767854920833,130.03115273248895,0.14848767854920833,130.03115273248895,0.14848767854920833,130.03115273248895,0.14848767854920833,130.03115273248895,0.14848767854920833,130.03115273248895,0.14848767854920833,130.05263237992514,0.14851220700194318,130.44868107346053,0.14896447055463582,130.44868107346053,0.14896447055463582,130.2609869586641,0.14875013527575992,130.2609869586641,0.14875013527575992,130.2609869586641,0.14875013527575992,130.2609869586641,0.14875013527575992,130.2609869586641,0.14875013527575992,129.54090709328568,0.14792784780592538,129.80866464565077,0.1482336106675875,129.80866464565077,0.1482336106675875,129.80866464565077,0.1482336106675875,129.80866464565077,0.1482336106675875,129.80866464565077,0.1482336106675875,129.80866464565077,0.1482336106675875,124.07370295303369,0.14168463274644832,124.07370295303369,0.14168463274644832,122.08986971669572,0.1394192156852106,122.08986971669572,0.1394192156852106,121.89949922039946,0.1392018241412208,121.89949922039946,0.1392018241412208,123.04559379689424,0.14051059453574044,123.04559379689424,0.14051059453574044,123.92286908103432,0.14151238962601817,123.78345797960289,0.1413531906157769,123.78345797960289,0.1413531906157769,123.78345797960289,0.1413531906157769,123.92939961980434,0.1415198471046397,123.94475319087104,0.14153737995024804,123.44390967495409,0.1409654470754551,129.38985792961202,0.14775535883547963,131.24782754075082,0.14987704728148266,127.39543081967678,0.14547784421404772,127.2262085010552,0.145284602604458,127.42743789708013,0.14551439435238683,127.42743789708013,0.14551439435238683,127.2823041258793,0.1453486604008542,127.2823041258793,0.1453486604008542,127.60577244734816,0.14571804157705534,127.60577244734816,0.14571804157705534,127.6131046841713,0.14572641454615978,127.6131046841713,0.14572641454615978,127.86093783080578,0.1460094249466521,128.9532183904194,0.14725674300246544,125.75641705971128,0.14360619005107822,126.40783609054208,0.14435007101820183,126.63492949722068,0.1446093978953611,126.75165295442143,0.1447426889938999,126.75165295442143,0.1447426889938999,125.01569225746638,0.14276032731728056,125.1425426914356,0.14290518280819353,124.93899075473378,0.14267273885987888,124.55558820807336,0.14223491643881195,124.55558820807336,0.14223491643881195,123.88518207144494,0.14146935335011201,123.88518207144494,0.14146935335011201,123.94961596139645,0.14154293293883163,124.17723694389899,0.1418028622755378,125.32432190807823,0.14311276363263867,125.44304482740152,0.14324833799547745,125.44304482740152,0.14324833799547745,126.17197450753947,0.14408073141624467,125.86471614882966,0.14372986103294874,127.10520289616909,0.14514642155335292,125.82787337271057,0.14368778882038835,126.26901961387145,0.1441915510333209,126.07066567552121,0.14396504288340614,126.07066567552121,0.14396504288340614,126.07066567552121,0.14396504288340614,126.07066567552121,0.14396504288340614,126.07066567552121,0.14396504288340614,129.88714501009093,0.14832323047701418,134.75229101727737,0.1538789317165185,135.03572917000514,0.15420260087138177,135.37522816932238,0.15459028810800965,135.37522816932238,0.15459028810800965,135.37522816932238,0.15459028810800965,135.66403139762505,0.1549200838533139,136.0981290989888,0.15541579706191447,135.00584085870844,0.15416847023524619,135.00584085870844,0.15416847023524619,132.96781112379833,0.15184116406444234,132.96781112379833,0.15184116406444234,132.96781112379833,0.15184116406444234,134.3590503886408,0.15342987480338321,134.6263690950874,0.15373513652966117,133.9886803774644,0.15300693474626498,134.1057953752794,0.1531406729604037,135.38429769661533,0.15460064495731055,135.38429769661533,0.15460064495731055,135.38429769661533,0.15460064495731055,135.38429769661533,0.15460064495731055,135.38429769661533,0.15460064495731055,135.38429769661533,0.15460064495731055,138.43954588210804,0.15808955281455928,136.96238006970765,0.15640271917733978,136.96238006970765,0.15640271917733978,136.96238006970765,0.15640271917733978,136.66199763247877,0.15605970067874328,136.66199763247877,0.15605970067874328,133.09650839889352,0.1519881285357472,132.33312778443002,0.15111639424047144,132.33312778443002,0.15111639424047144
Sivri Biber,99.0,0.0082904034064565,4.195859169783689,100.0,0.82904034064565,100.0,0.82904034064565,100.0,0.82904034064565,100.0,0.82904034064565,100.60975609756098,0.8340954646739772,100.60975609756098,0.8340954646739772,101.00282644657403,0.8373541764344121,101.00282644657403,0.8373541764344121,101.00282644657403,0.8373541764344121,101.00282644657403,0.8373541764344121,101.00282644657403,0.8373541764344121,104.49716067610832,0.8663236168342406,119.2048956383537,0.9882566728664992,126.27566128469279,1.0468761724671642,127.40352535475974,1.0562266205956672,129.56290714043362,1.0741287667074582,129.56290714043362,1.0741287667074582,129.56290714043362,1.0741287667074582,129.56290714043362,1.0741287667074582,129.0487686200351,1.0698663509665558,129.0487686200351,1.0698663509665558,127.1464616535725,1.0540954588116682,127.1464616535725,1.0540954588116682,127.1464616535725,1.0540954588116682,127.1464616535725,1.0540954588116682,127.1464616535725,1.0540954588116682,127.1464616535725,1.0540954588116682,127.1464616535725,1.0540954588116682,125.42481325450754,1.0398222990593398,125.78618940377562,1.042818253118244,125.4248132545075,1.0398222990593393,125.4248132545075,1.0398222990593393,123.40183239556374,1.0230509716551557,123.40183239556374,1.0230509716551557,119.67850124569766,0.9921830544069404,119.67850124569766,0.9921830544069404,119.67850124569766,0.9921830544069404,119.67850124569766,0.9921830544069404,119.67850124569766,0.9921830544069404,118.2515443407063,0.9803530060209334,118.2515443407063,0.9803530060209334,118.2515443407063,0.9803530060209334,120.57020207287704,0.9995756139821284,120.57020207287704,0.9995756139821284,120.57020207287704,0.9995756139821284,120.57020207287704,0.9995756139821284,120.57020207287704,0.9995756139821284,120.57020207287704,0.9995756139821284,120.57020207287704,0.9995756139821284,118.54907946862754,0.9828196922589921,113.16048494732631,0.9381460698835836,113.16048494732631,0.9381460698835836,113.16048494732631,0.9381460698835836,113.16048494732631,0.9381460698835836,113.78915430814467,0.943357992494047,113.78915430814467,0.943357992494047,114.66313290121649,0.9506036275992196,118.98624154275122,0.9864439422074807,118.9862416866838,0.9864439434007398,0.9864439434007398,118.9862416866838,118.98624622943473,0.9864439810619776,118.98807146176115,0.9864591129742741,118.98145641943951,0.986404271604877,118.98145641943951,0.986404271604877,118.98145641943954,0.9864042716048772,118.98145641943954,0.9864042716048772,118.98145641943954,0.9864042716048772,118.98145641943954,0.9864042716048772,118.98145641943954,0.9864042716048772,122.15708887610744,1.0127315457412907,130.30096073382572,1.0802475287322635,130.30096073382572,1.0802475287322635,130.30096073382572,1.0802475287322635,130.30096073382572,1.0802475287322635,130.30096073382572,1.0802475287322635,130.30096073382572,1.0802475287322635,130.30096073382572,1.0802475287322635,125.5063140722659,1.0404979737165125,125.5063140722659,1.0404979737165125,125.5063140722659,1.0404979737165125,125.5063140722659,1.0404979737165125,125.5063140722659,1.0404979737165125,125.5063140722659,1.0404979737165125,125.5063140722659,1.0404979737165125,125.5063140722659,1.0404979737165125,125.5063140722659,1.0404979737165125,125.5063140722659,1.0404979737165125,125.5063140722659,1.0404979737165125,125.5063140722659,1.0404979737165125,128.04857535177536,1.0615743452882602,128.04857535177536,1.0615743452882602,124.32457513205726,1.0307008811810647,124.32457513205726,1.0307008811810647,128.04857535177533,1.06157434528826,128.04857535177533,1.06157434528826,128.04857535177533,1.06157434528826,125.1645495549061,1.037664607997587,125.1645495549061,1.037664607997587,125.1645495549061,1.037664607997587,123.69866975225048,1.0255118730881951,123.69866975225048,1.0255118730881951,123.69866975225048,1.0255118730881951,123.69866975225048,1.0255118730881951,129.65182284004598,1.0748659137264118,133.21680569377122,1.1044210597208945,133.21680569377122,1.1044210597208945,133.21680569377122,1.1044210597208945,133.21680569377122,1.1044210597208945,133.21680569377122,1.1044210597208945,133.21680569377122,1.1044210597208945,134.57650771667275,1.1156935380033233,136.91842883633424,1.1351090088314173,137.82658187407728,1.142637963869106,138.7406147985497,1.1502156655397655,138.7406147985497,1.1502156655397655,138.7406147985497,1.1502156655397655,138.7406147985497,1.1502156655397655,148.35947385453682,1.229959887423746,148.35947385453682,1.229959887423746,148.35947385453682,1.229959887423746,149.1270083840301,1.2363230583016303,149.1270083840301,1.2363230583016303,149.1270083840301,1.2363230583016303,149.1270083840301,1.2363230583016303,149.88287146157714,1.2425894681345409,153.6860815437963,1.2741196139556403,157.78263966723372,1.308081733376933,165.1444468372066,1.3691140846165522,171.00085513585165,1.4176660719252392,171.00085513585165,1.4176660719252392,171.00085513585165,1.4176660719252392,172.83156829538052,1.432843422539242,176.8109696733287,1.4658342652786414,176.8109696733287,1.4658342652786414,176.8109696733287,1.4658342652786414,178.70388517175036,1.4815272983748904,178.70388517175036,1.4815272983748904,178.70388517175036,1.4815272983748904,178.70388517175036,1.4815272983748904,174.8751126183619,1.4497852293557316,174.8751126183619,1.4497852293557316,174.8751126183619,1.4497852293557316,178.7038851717504,1.4815272983748906,178.7038851717504,1.4815272983748906,178.7038851717504,1.4815272983748906,178.7038851717504,1.4815272983748906,174.87511261836178,1.4497852293557307,174.87511261836178,1.4497852293557307,174.87511261836178,1.4497852293557307,178.7038851717503,1.48152729837489,178.7038851717503,178.7038851717503,1.48152729837489,1.48152729837489,178.7038851717503,1.48152729837489,178.7038851717503,1.48152729837489,178.7038851717503,1.48152729837489,178.7038851717503,1.48152729837489,170.73762552236445,1.4154837922409045,170.73762552236445,1.4154837922409045,170.73762552236445,1.4154837922409045,161.47718869405728,1.3387110352142315,139.4068078065703,1.155738674322817,129.73077218539936,1.075520435648067,129.73077218539936,1.075520435648067,118.65723751178578,0.9837163660684268,118.65723751178578,0.9837163660684268,118.65723751178578,0.9837163660684268,126.35650224489166,1.0475463766389783,122.66876652586916,1.0169735598718828,122.66876652586916,1.0169735598718828,122.66876652586916,1.0169735598718828,122.66876652586916,1.0169735598718828,122.66876652586916,1.0169735598718828,122.66876652586916,1.0169735598718828,118.35282197705695,0.9811926384823327,118.35282197705695,0.9811926384823327,118.35282197705695,0.9811926384823327,118.35282197705695,0.9811926384823327,118.35282197705695,0.9811926384823327,107.40018720039599,0.8903908778202287,103.55376493977673,0.8585024856081207,102.21503993382268,0.8474039152584508,95.1867818340182,0.7891368203663762,89.85715262467488,0.7449520442140863,89.85715262467488,0.7449520442140863,87.38635482574199,0.7244681337251478,87.38635482574199,0.7244681337251478,88.68275931659649,0.7352158499322735,77.01674180636505,0.6384998586256696,71.1467346965659,0.5898351316866668,71.1467346965659,0.5898351316866668,67.12268141752207,0.5564741066743194,61.878075412253416,0.5129942071827179,61.878075412253416,0.5129942071827179,61.878075412253416,0.5129942071827179,58.7046243557184,0.48668501773339706,56.28536834640809,0.46662840947272055,55.01666190627152,0.45611032127961904,52.292270075901584,0.4335240139685978,54.53931843018409,0.45215295129941396,54.53931843018409,0.45215295129941396,53.498150940278286,0.44352125279440713,44.42941542177135,0.3683377769595242,42.968624086743155,0.35622722749948427,43.2693139053418,0.35872006739588125,40.392167694675365,0.33486736465009886,39.84822774907877,0.33035788307221703,39.84822774907877,0.33035788307221703,41.87178728007822,0.3471340079011825,41.796765230211804,0.3465120448434105,41.12969486834203,0.3409817624430192,41.12969486834203,0.3409817624430192,41.96285694762562,0.34788901218324225,42.76746272051274,0.3545595186236402,42.76746272051274,0.3545595186236402,44.86613047119848,0.37195832089294567,44.86613047119848,0.37195832089294567,42.28197484550445,0.35053462829087817,42.758084330389956,0.3544817679862192,41.46956238409316,0.3437994012533463,41.46956238409316,0.3437994012533463,41.46956238409316,0.3437994012533463,41.64463278906047,0.34525080553505705,47.59318784694347,0.3945667266504243,51.21692367184211,0.4246089584772624,52.91079619122298,0.43865184498204063,53.11844320763676,0.4403733225142579,52.751474196035964,0.43733100137041875,52.751474196035964,0.43733100137041875,51.10660029079517,0.4236943331432191,50.18061947624833,0.4160175786439866,48.90111900031452,0.4054100035397422,48.09918956268135,0.39876168499825043,49.96416106403376,0.4142230510860067,50.23786556183612,0.41649217178694986,50.23786556183612,0.41649217178694986,50.459812915224646,0.4183322048815361,52.81003963514659,0.4378165324863221,52.543617322243776,0.4356077840358766,51.999387526503035,0.4310958994833724,52.575999701850904,0.4358762470260807,53.56840047970839,0.44410364981540046,51.67347848604007,0.42839398206412327,51.67347848604007,0.42839398206412327,52.362511845624525,0.4341063465755844,52.88947031586378,0.4384750448723171,53.67391609231279,0.4449784168095703,55.63916772419969,0.46127114563310967,56.15066862470612,0.46551169444107376,56.15066862470612,0.46551169444107376,56.15066862470612,0.46551169444107376,61.769773259237525,0.5120963386444284,64.42642203641135,0.5341210287164688,64.42642203641135,0.5341210287164688,64.42642203641135,0.5341210287164688,66.44761985389074,0.5508775739876224,67.74242253009206,0.5616120105050908,69.65855721053445,0.5774975399870599,69.65855721053445,0.5774975399870599,67.86604153490683,0.5626368619237099,69.01810330248321,0.5721879187260734,71.41159566329243,0.5920309359474538,70.04874980399231,0.580732393993037,67.82861160891903,0.5623265527377973,69.7985219740955,0.5786579043396701,67.7189539997513,0.5614174469212093,61.54640244068147,0.5102445044493683,63.542235211225204,0.5267907632490016,63.542235211225204,0.5267907632490016,61.386953858875046,0.5089226113836057,57.38728551697621,0.47576374733723137,57.38728551697621,0.47576374733723137,57.38728551697621,0.47576374733723137,55.64501977447415,0.4613196614906398,55.64501977447415,0.4613196614906398,52.78854884411568,0.437638365159152,52.16871229212353,0.43249967009707,52.16871229212353,0.43249967009707,52.16871229212353,0.43249967009707,50.99269146097228,0.4227499829924299,47.48389532199911,0.3936606475293253,45.10223961386588,0.37391576093361106,45.10223961386588,0.37391576093361106,46.99466607048209,0.38960473967601045
Sosis,100.0,0.001860093316346,0.0,100.0,0.18600933163459998,100.44754557369238,0.1868418081649854,100.44754557369238,0.1868418081649854,100.44754557369238,0.1868418081649854,100.44754557369238,0.1868418081649854,100.44754557369238,0.1868418081649854,100.44754557369238,0.1868418081649854,100.44754557369238,0.1868418081649854,100.41570920925464,0.18678258955627802,100.41570920925464,0.18678258955627802,100.41570920925464,0.18678258955627802,100.41570920925464,0.18678258955627802,99.81589001609689,0.18566686988406925,99.81589001609689,0.18566686988406925,99.83954506254248,0.18571087047786056,98.99682919757696,0.18414334032985943,98.99682919757696,0.18414334032985943,98.99682919757696,0.18414334032985943,98.99682919757696,0.18414334032985943,99.20843952021116,0.18453695527666114,98.85412366478184,0.18387789472210164,98.3790842566645,0.1829942770940616,99.02608151365932,0.1841977523674919,99.02608151365932,0.1841977523674919,99.02608151365932,0.1841977523674919,99.02608151365932,0.1841977523674919,100.40630598874756,0.18676509868866067,100.40630598874756,0.18676509868866067,100.40630598874756,0.18676509868866067,100.46547683733127,0.18687516198863374,100.85454842619734,0.18759887145066365,100.85454842619734,0.18759887145066365,101.43861947831658,0.18868529811098184,101.43861947831658,0.18868529811098184,101.97295691762508,0.189679215610513,101.35908207669794,0.18853735112183148,101.35908207669794,0.18853735112183148,101.17885979266792,0.1882021208558506,101.17885979266792,0.1882021208558506,101.17885979266792,0.1882021208558506,101.17885979266792,0.1882021208558506,101.17885979266792,0.1882021208558506,101.17885979266792,0.1882021208558506,101.17885979266792,0.1882021208558506,101.17885979266792,0.1882021208558506,101.17885979266792,0.1882021208558506,101.17885979266967,0.18820212085585386,101.1788598453009,0.18820212095375288,101.18055962207768,0.18820528269717465,101.1568784449469,0.18816123349787048,101.1568784449469,0.18816123349787048,101.1568784449469,0.18816123349787048,101.1568784449469,0.18816123349787048,101.1568784449469,0.18816123349787048,101.1568784449469,0.18816123349787048,101.1568784449469,0.18816123349787048,101.15687844494663,0.18816123349786998,101.15687844239527,0.1881612334931242,101.15687865309499,0.18816123388504535,0.18816123388504535,101.15687865309499,101.15687599412719,0.1881612289391171,101.15719813801543,0.18816182815681054,102.52628191648716,0.19070845174266352,102.52628191648716,0.19070845174266352,102.52628191648716,0.19070845174266352,102.52628191648716,0.19070845174266352,102.52628191648716,0.19070845174266352,102.52628191648716,0.19070845174266352,102.52628191648716,0.19070845174266352,102.52628191648716,0.19070845174266352,101.37931610256304,0.1885749882981059,101.37931610256304,0.1885749882981059,101.37931610256304,0.1885749882981059,101.37931610256304,0.1885749882981059,101.37931610256304,0.1885749882981059,101.37931610256304,0.1885749882981059,101.37931610256304,0.1885749882981059,101.37931610256304,0.1885749882981059,101.37931610256304,0.1885749882981059,101.37931610256304,0.1885749882981059,101.37931610256304,0.1885749882981059,101.37931610256304,0.1885749882981059,101.37931610256304,0.1885749882981059,101.37931610256304,0.1885749882981059,101.37931610256304,0.1885749882981059,101.51881070336306,0.18883446127272038,101.51881070336306,0.18883446127272038,101.51881070336306,0.18883446127272038,101.51881070336306,0.18883446127272038,101.51881070336306,0.18883446127272038,101.51881070336306,0.18883446127272038,101.51881070336306,0.18883446127272038,101.51881070336306,0.18883446127272038,101.94071665348918,0.1896192457106766,102.29267101495456,0.19027391366609717,102.29267101495456,0.19027391366609717,102.54897261417382,0.1907506585577737,103.12499279455363,0.19182210984537862,102.57604237834002,0.1908010108451743,103.86442764250332,0.19319752766392315,104.31360954682435,0.19403304792197426,104.31360954682435,0.19403304792197426,104.46251562784732,0.19431002712804837,104.8466382034003,0.1950245309634921,104.8466382034003,0.1950245309634921,105.56058378426894,0.1963525363667006,105.56058378426894,0.1963525363667006,106.07637556412264,0.19731195720903266,106.07637556412264,0.19731195720903266,106.09005764628736,0.19733740715862097,106.5154374249506,0.1981286532418212,108.97219420387931,0.20269845010619422,110.00664317492203,0.2046226217233318,110.85425217850158,0.2061992535657648,111.38032494066704,0.20717779799458044,111.38032494066704,0.20717779799458044,111.38032494066704,0.20717779799458044,111.4345782069807,0.20727871413264043,111.92778458888884,0.20819612402720694,112.71118943367809,0.2096533301429925,112.41426413871302,0.2091010213863739,112.41426413871302,0.2091010213863739,112.46831682014107,0.2092015644178288,112.02201185720979,0.2083713955392283,112.46831682014107,0.2092015644178288,112.46831682014107,0.2092015644178288,110.50816423336296,0.2055554976921445,110.50816423336296,0.2055554976921445,110.50816423336296,0.2055554976921445,110.50816423336296,0.2055554976921445,111.73081409841174,0.2078297405343531,112.02046189923828,0.20836851247276486,112.02046189923828,0.20836851247276486,111.2566869750179,0.20694781984102986,111.2566869750179,0.20694781984102986,111.2566869750179,0.20694781984102986,111.2566869750179,0.20694781984102986,111.2566869750179,0.20694781984102986,111.2566869750179,0.20694781984102986,111.2566869750179,0.20694781984102986,112.59311863848404,0.2094337074459964,112.59311863848404,0.2094337074459964,112.3020220421528,0.20889224061274958,112.3020220421528,0.20889224061274958,112.3020220421528,0.20889224061274958,112.3020220421528,0.20889224061274958,112.3020220421528,0.20889224061274958,112.3020220421528,0.20889224061274958,112.3020220421528,0.20889224061274958,111.97852289868158,0.2082905020181351,111.97852289868158,111.97852289868158,0.2082905020181351,0.2082905020181351,111.97852289868158,0.2082905020181351,111.97852289868158,0.2082905020181351,112.26349682838229,0.20882058012010424,112.26349682838229,0.20882058012010424,112.50479036564023,0.20926940861603524,112.50479036564023,0.20926940861603524,112.96133610316193,0.21011862629100558,112.50479036564023,0.20926940861603524,112.96133610316193,0.21011862629100558,111.78855531774504,0.20793714459051263,112.17755730110058,0.20866072457979762,112.17755730110058,0.20866072457979762,112.17755730110058,0.20866072457979762,112.17755730110058,0.20866072457979762,112.17755730110058,0.20866072457979762,111.95880330168524,0.20825382172756118,112.18161232938677,0.20866826731081034,112.18161232938677,0.20866826731081034,112.18161232938677,0.20866826731081034,112.18161232938677,0.20866826731081034,112.18161232938677,0.20866826731081034,113.6505037962554,0.21140054251077037,113.6505037962554,0.21140054251077037,114.52301243308052,0.21302348999458293,115.17640505424023,0.2142388612421519,115.17640505424023,0.2142388612421519,114.99464897661665,0.213900777976959,114.99464897661665,0.213900777976959,116.35646220168212,0.21643387765501487,116.35646220168212,0.21643387765501487,116.37702023747316,0.216472117519987,116.53755988350889,0.2167707362425866,116.53755988350889,0.2167707362425866,116.53755988350889,0.2167707362425866,116.53755988350889,0.2167707362425866,116.712651759871,0.21709642347155425,116.87606100309085,0.21740037991269665,116.53416993236665,0.2167644306171242,118.02978121864145,0.21954640717457558,118.02978121864145,0.21954640717457558,118.02978121864145,0.21954640717457558,118.02978121864145,0.21954640717457558,118.02978121864145,0.21954640717457558,118.02978121864145,0.21954640717457558,118.51068000066749,0.22044092378486116,118.19926967118002,0.2198616715123404,118.19926967118002,0.2198616715123404,118.19926967118002,0.2198616715123404,118.39362315768005,0.22022318713358766,118.39362315768005,0.22022318713358766,118.38462310323467,0.22020644619246707,119.38300478479331,0.22206352928549658,119.52808910045351,0.22233339965136273,119.52808910045351,0.22233339965136273,119.52808910045351,0.22233339965136273,120.03673989269781,0.22327953759037045,120.61231888883006,0.2243501682341052,120.61231888883006,0.2243501682341052,121.19672445850189,0.22543721712828715,121.19672445850189,0.22543721712828715,120.94199219112771,0.22496339134028676,120.94199219112771,0.22496339134028676,120.94199219112771,0.22496339134028676,120.94199219112771,0.22496339134028676,121.09608122442334,0.2252500113212422,121.09608122442334,0.2252500113212422,120.91233269617652,0.22490822191196186,120.91233269617652,0.22490822191196186,120.91233269617652,0.22490822191196186,120.91233269617652,0.22490822191196186,121.80902512309022,0.2265761535020821,121.34501487610771,0.2257130511429539,122.20516815237548,0.22731301650317268,121.87053336910256,0.22669056457938982,121.87053336910256,0.22669056457938982,121.87053336910256,0.22669056457938982,121.87053336910256,0.22669056457938982,121.87053336910256,0.22669056457938982,121.87053336910256,0.22669056457938982,121.34268998147,0.22570872662197708,121.34268998147,0.22570872662197708,120.86082763200254,0.22481241768633387,120.86082763200254,0.22481241768633387,120.86082763200254,0.22481241768633387,121.41037899782407,0.2258346345088873,121.41037899782407,0.2258346345088873,120.56497106374329,0.22426209686111775,121.14220161616338,0.2253357995536651,121.03670339048604,0.2251395630091963,121.03670339048604,0.2251395630091963,121.03670339048604,0.2251395630091963,121.53704677608887,0.22607024839663406,121.09443899832767,0.2252469566274577,120.84767415387152,0.22478795098957566,121.01191619631327,0.22509345651498455,121.28259025034134,0.22559693551379045,121.28259025034134,0.22559693551379045,122.55893318139273,0.22797105246920463,121.84150133941505,0.22663656229500811,122.13434285852138,0.22718127484744643,121.24676220879036,0.2255302920131637,121.24676220879036,0.2255302920131637,121.24676220879036,0.2255302920131637,121.24676220879036,0.2255302920131637,121.93942579088852,0.22681871091270078,122.23682992692699,0.2273719103583996,122.5044411853861,0.22786969227163834,123.6200765493424,0.22994487815561268,123.30576397295437,0.2293602274330298,122.41134775609488,0.227696529806018,122.41134775609488,0.227696529806018,122.41134775609488,0.227696529806018,122.72063983707491,0.2282718419386477,122.49706002485419,0.22785596262426605,122.46981012231979,0.2278052752626907,122.46981012231979,0.2278052752626907,122.7975308638868,0.22841486642370748,122.7975308638868,0.22841486642370748,122.7975308638868,0.22841486642370748,122.7975308638868,0.22841486642370748,122.95185178360558,0.22870191773504875,122.95185178360558,0.22870191773504875,122.50269700531071,0.2278664479339376,121.5096266709218,0.2260192444422793,121.5096266709218,0.2260192444422793,121.5096266709218,0.2260192444422793,121.36644174287008,0.2257529071146088,121.17544637338608,0.22539763790437858,121.0706019343306,0.22520261746403544,121.0706019343306,0.22520261746403544,121.0706019343306,0.22520261746403544
Soğuk Çay,101.0,0.0009800928961338,-0.17962742979675816,100.0,0.09800928961338001,100.0,0.09800928961338001,100.0,0.09800928961338001,100.0,0.09800928961338001,100.0,0.09800928961338001,100.0,0.09800928961338001,100.0,0.09800928961338001,100.0,0.09800928961338001,101.01110835505118,0.0990002697293872,100.74695378845739,0.09874137371518732,100.6195227818947,0.09861647949090806,100.62800743682192,0.09862479524092836,101.05922411018116,0.09904742763918221,99.90376995467504,0.09791497522956238,99.90350450967117,0.09791471506879977,99.90350450967117,0.09791471506879977,100.62148268871287,0.09861840038165763,100.61865441531464,0.0986156284109917,99.60678856942975,0.0976239058835995,101.34232743538124,0.09932489519708267,101.34232743538124,0.09932489519708267,102.59021006289085,0.10054793609551362,102.59021006289085,0.10054793609551362,102.64808056224386,0.10060465456082522,102.4580876987358,0.10041844390498485,102.6714134850981,0.10062752299276069,103.58881576678584,0.1015266624519398,105.35157290712137,0.10325432820279176,105.29528332228249,0.10319915918056487,105.41264340687056,0.1033141829657593,105.29528332228249,0.10319915918056487,105.28661851367704,0.1031906668632043,105.28959472971376,0.10319358383139925,105.28959472971376,0.10319358383139925,105.28959472971376,0.10319358383139925,105.2863178737651,0.10319037220816232,105.2672785431666,0.10317171189549558,105.273229881845,0.10317754476025677,105.2702708569165,0.10317464464094486,105.2702708569165,0.10317464464094486,105.6553167566694,0.10355202539197812,105.6465559509682,0.10354343898854598,105.65546450615426,0.10355217020019865,105.64378341555106,0.10354072164627935,105.65572866469346,0.10355242910010637,105.64404754488537,0.10354098051756358,105.64703386463734,0.10354390738833806,105.64703386463748,0.1035439073883382,105.64703385240999,0.10354390737635413,105.65034253040902,0.10354715018815656,105.65034254303127,0.10354715020052754,105.65034254303127,0.10354715020052754,105.4050515321519,0.1033067422232792,105.4050515321519,0.1033067422232792,105.4050515321519,0.1033067422232792,105.41393972268492,0.1033154534756801,105.41393972268492,0.1033154534756801,105.41393972268492,0.1033154534756801,105.41393972268492,0.1033154534756801,0.1033154534756801,105.41393972268492,105.41393972268492,0.1033154534756801,105.41393972268492,0.1033154534756801,105.41393972268492,0.1033154534756801,105.41393972268492,0.1033154534756801,105.4221354884851,0.10332348608751922,105.30947891446476,0.10321307217961913,105.30947891446476,0.10321307217961913,105.30947891446476,0.10321307217961913,105.30947891446476,0.10321307217961913,105.30947891446476,0.10321307217961913,105.30947891446476,0.10321307217961913,105.30947891446476,0.10321307217961913,105.30947891446476,0.10321307217961913,106.23266398035042,0.10411787930451047,106.4808434790467,0.10436111826814874,106.5389446087386,0.10441806277261713,106.5389446087386,0.10441806277261713,106.6252598261981,0.10450265970407742,106.6252598261981,0.10450265970407742,106.6252598261981,0.10450265970407742,106.6252598261981,0.10450265970407742,106.6252598261981,0.10450265970407742,106.6252598261981,0.10450265970407742,108.33340637434816,0.10617680200147477,108.33340637434816,0.10617680200147477,108.65571395303202,0.1064926933697129,110.0516327697002,0.10786082348550889,110.0516327697002,0.10786082348550889,110.0516327697002,0.10786082348550889,110.0516327697002,0.10786082348550889,113.08090796005119,0.11082979458000626,113.08090796005119,0.11082979458000626,113.0683095530379,0.11081744697078993,113.18176362912271,0.11092864250479809,113.18176362912271,0.11092864250479809,113.18176362912271,0.11092864250479809,114.89662130058234,0.11260936232647621,114.89662130058234,0.11260936232647621,115.27150860843065,0.11297678671374907,115.74026617118034,0.11343621267100902,117.20231241141906,0.11486915380488613,117.20231241141906,0.11486915380488613,117.20231241141906,0.11486915380488613,117.20231241141906,0.11486915380488613,117.35087623286991,0.1150147601509126,117.35087623286991,0.1150147601509126,117.12926342216792,0.11479755900945134,117.12926342216792,0.11479755900945134,118.13998004211848,0.11578815518866925,118.00143992766368,0.11565237300666253,118.07357157375864,0.11572306872058664,117.45701302679848,0.1151187840686604,117.57220004083895,0.11523167804284834,117.75876286150759,0.11541452693806836,116.93776737436615,0.11460987509336312,116.93776737436615,0.11460987509336312,117.09073018911478,0.11475979286147088,117.31446565223875,0.1149790743994919,117.34519975976339,0.1150091966799458,117.34519975976339,0.1150091966799458,117.34519975976339,0.1150091966799458,117.34519975976339,0.1150091966799458,117.93208339239463,0.11558439715914488,117.34519975976343,0.11500919667994584,117.34519975976343,0.11500919667994584,117.91773429479306,0.11557033371051965,117.88693891508142,0.11554015137763053,118.04409712272668,0.11569418102051278,118.04409712272668,0.11569418102051278,118.04409712272668,0.11569418102051278,118.04409712272668,0.11569418102051278,119.27907515320054,0.11690457421506151,119.99073376928908,0.1176020657691623,120.16450956676125,0.11777238219378476,120.16450956676125,0.11777238219378476,120.16450956676125,0.11777238219378476,120.16450956676125,0.11777238219378476,120.16450956676125,0.11777238219378476,120.16450956676125,0.11777238219378476,119.9801948263905,0.11759173662609465,120.34113833634612,0.11794549479610775,120.34113833634612,0.11794549479610775,119.85130700608873,0.11746541458901871,119.62558897183706,0.11724418994711937,119.62558897183706,0.11724418994711937,119.62558897183706,0.11724418994711937,119.62558897183706,0.11724418994711937,119.62558897183706,0.11724418994711937,119.62558897183706,0.11724418994711937,119.62558897183706,0.11724418994711937,119.62558897183706,119.62558897183706,0.11724418994711937,0.11724418994711937,119.62558897183706,0.11724418994711937,119.62558897183706,0.11724418994711937,120.43130703695954,0.11803386849903258,120.43130703695954,0.11803386849903258,120.43130703695954,0.11803386849903258,120.43130703695954,0.11803386849903258,120.43130703695954,0.11803386849903258,120.43130703695954,0.11803386849903258,120.43130703695954,0.11803386849903258,120.85720110877054,0.11845128425332004,120.85720110877054,0.11845128425332004,121.06014202007628,0.11865018519882571,121.06014202007628,0.11865018519882571,121.06014202007628,0.11865018519882571,121.06014202007628,0.11865018519882571,121.06014202007628,0.11865018519882571,121.06014202007628,0.11865018519882571,121.06014202007628,0.11865018519882571,120.5089243486144,0.1181099406748025,120.5089243486144,0.1181099406748025,120.5089243486144,0.1181099406748025,120.31341118773769,0.11791831961472657,120.31341118773769,0.11791831961472657,119.88365990779732,0.11749712343815262,119.88365990779732,0.11749712343815262,119.58081272121252,0.11720030506196674,119.58081272121252,0.11720030506196674,119.58081272121252,0.11720030506196674,119.85758292387922,0.11747156557146189,120.31769561836154,0.11792251875474499,119.69459564751259,0.11731182289973476,119.50299053453774,0.1171240320896452,119.69040597389645,0.11730771663038646,119.69040597389645,0.11730771663038646,119.69040597389645,0.11730771663038646,119.69040597389645,0.11730771663038646,119.14358766460327,0.11677178388997232,119.0113776033737,0.11664220574816381,119.0113776033737,0.11664220574816381,118.9065233429246,0.11653943883236828,118.9065233429246,0.11653943883236828,118.9065233429246,0.11653943883236828,118.9065233429246,0.11653943883236828,119.9851408336475,0.11759658417267146,119.7611772526491,0.11737707905794224,119.64017737524107,0.11725848793766157,121.13749428658112,0.11872599760572695,121.26009915575122,0.11884616176703199,121.26009915575122,0.11884616176703199,120.95559395067372,0.11854771837869975,120.946028991341,0.11853834383000594,121.56881224517424,0.119148729272919,121.57035755476511,0.11915024381987134,121.89952208080331,0.11947285563350063,121.89952208080331,0.11947285563350063,121.89952208080331,0.11947285563350063,122.50116672898857,0.12006252327918392,122.89649955495952,0.12044998617352655,123.29466038469982,0.12084022077427377,123.1258879372733,0.12067480809748792,122.47490897904547,0.12003678824499622,122.43555454620434,0.11999821724493727,122.52029118020855,0.12008126701796708,122.52029118020855,0.12008126701796708,124.44994924151128,0.1219725111758172,124.67620413190662,0.12219426198660921,125.44820419746851,0.12295089376668125,125.44820419746851,0.12295089376668125,125.44820419746851,0.12295089376668125,125.44820419746851,0.12295089376668125,125.05282189148,0.1225633823773249,126.45244663342017,0.12393514464415357,127.84534014794602,0.1253003096828112,127.87722833857829,0.12533156307192045,128.70099026732953,0.12613892628639503,128.74183110200343,0.12617895409833108,128.74183110200343,0.12617895409833108,128.80777912390764,0.12624358928611348,128.13920348395465,0.12558832305086742,128.61130944036537,0.12605103074496804,128.81891120175334,0.12625449975652925,128.6233295795085,0.12606281159795277,128.70412510333668,0.12614199871689616,129.51221225772682,0.1269339991963709,128.83259605223327,0.1262679121812693,128.2029089243339,0.12565076030042824,128.84793719661366,0.12628294792789507,128.94334552669514,0.12637645695443991,128.94334552669514,0.12637645695443991,128.94334552669514,0.12637645695443991,128.7198310337716,0.12615739198774262,129.0667891958401,0.1264974432176416,129.20256441587165,0.1266305155462655,129.958796617227,0.12737169335464152,130.2212730053963,0.12762894459808913,130.12260127735178,0.1275322371383834,130.74756985366815,0.12814476440033795,130.12260127735178,0.1275322371383834,129.95198119552077,0.1273650136082431,129.95198119552077,0.1273650136082431,130.26452551939101,0.12767133607979525,129.77415773189526,0.1271907300947778,129.77415773189526,0.1271907300947778,129.93603299521433,0.1273493828904166,130.93934273528623,0.12833271963928294,130.93934273528623,0.12833271963928294,130.93934273528623,0.12833271963928294,131.41596822192022,0.12879985689284923,131.7403142709957,0.12911774615143717,131.68279221143598,0.1290613691894917,131.68279221143598,0.1290613691894917,131.61586022574247,0.12899576962578937,131.53534683944815,0.12891685902783862,131.35113090682594,0.12873631030092095,130.4323610903105,0.12783583053057201,128.73142008774823,0.12616875033721803,129.21626580271777,0.12664394417818056,129.21626580271777,0.12664394417818056,129.21626580271777,0.12664394417818056,129.30723809233535,0.12673310547297978,129.30723809233535,0.12673310547297978,129.30723809233535,0.12673310547297978,129.43988111968733,0.12686310796180914,129.43988111968733,0.12686310796180914,129.43988111968733,0.12686310796180914,129.43988111968733,0.12686310796180914,129.31354940452903,0.12673929114522609,131.67232507968583,0.12905111042802048,133.92061703598813,0.13125464540282714,134.3450003955433,0.13167058051876457,134.10367992427234,0.13143406403918023
Su,102.0,0.0116354330987916,-0.9545578002816302,100.0,1.16354330987916,100.0,1.16354330987916,100.0,1.16354330987916,100.0,1.16354330987916,100.0,1.16354330987916,100.0,1.16354330987916,100.0,1.16354330987916,100.0,1.16354330987916,100.46127907894804,1.1689104917421322,100.23160565851288,1.1662381420240882,100.23160565851288,1.1662381420240882,100.23160565851288,1.1662381420240882,100.18109842462096,1.1656504684831337,100.19927186651203,1.1658619243504322,100.19927186651203,1.1658619243504322,100.19927186651203,1.1658619243504322,100.19927186651203,1.1658619243504322,100.19927186651203,1.1658619243504322,100.5109436177448,1.1694883601606842,100.5109436177448,1.1694883601606842,100.5109436177448,1.1694883601606842,100.48768307672005,1.169217713691749,100.48768307672005,1.169217713691749,100.48768307672005,1.169217713691749,100.48768307672005,1.169217713691749,100.48768307672005,1.169217713691749,100.48768307672005,1.169217713691749,100.48768307672005,1.169217713691749,100.48768307672005,1.169217713691749,100.55011924070448,1.169944185500735,100.48768307672005,1.169217713691749,100.48768307672005,1.169217713691749,100.48768307672005,1.169217713691749,100.48768307672005,1.169217713691749,100.48768307672005,1.169217713691749,100.48768307672005,1.169217713691749,100.48768307672005,1.169217713691749,100.48768307672005,1.169217713691749,100.48768307672005,1.169217713691749,100.48768307672005,1.169217713691749,100.48768307672005,1.169217713691749,100.65753855249173,1.1711940557165539,100.65753855249173,1.1711940557165539,100.65753855249173,1.1711940557165539,100.65753855249173,1.1711940557165539,100.65753855249173,1.1711940557165539,100.65753855249173,1.1711940557165539,100.65753855249173,1.1711940557165539,100.65753855249173,1.1711940557165539,100.65753855249173,1.1711940557165539,100.65753855249173,1.1711940557165539,100.65753855249173,1.1711940557165539,100.65753855249173,1.1711940557165539,100.65753855249173,1.1711940557165539,100.96885873580152,1.1748164008817583,101.10975370700098,1.176455774893106,101.40018542088032,1.1798350736697163,101.40018542088032,1.1798350736697163,102.0907998958509,1.1878706721902936,1.1878706721902936,102.0907998958509,102.0907998958509,1.1878706721902936,102.0907998958509,1.1878706721902936,102.23962030386234,1.1896022620914457,102.23962030386234,1.1896022620914457,102.3769294128004,1.191199913042349,102.3769294128004,1.191199913042349,102.3769294128004,1.191199913042349,102.3769294128004,1.191199913042349,102.3769294128004,1.191199913042349,102.3769294128004,1.191199913042349,102.3769294128004,1.191199913042349,102.3769294128004,1.191199913042349,102.3769294128004,1.191199913042349,102.3769294128004,1.191199913042349,102.3769294128004,1.191199913042349,102.3769294128004,1.191199913042349,102.3769294128004,1.191199913042349,102.3769294128004,1.191199913042349,102.3769294128004,1.191199913042349,102.3769294128004,1.191199913042349,102.3769294128004,1.191199913042349,102.3769294128004,1.191199913042349,102.3769294128004,1.191199913042349,102.3769294128004,1.191199913042349,102.3769294128004,1.191199913042349,102.99580029659711,1.1984007438075557,102.99580029659711,1.1984007438075557,102.99580029659711,1.1984007438075557,102.99580029659711,1.1984007438075557,103.09134804339146,1.1995124832231217,103.09134804339146,1.1995124832231217,103.09134804339146,1.1995124832231217,103.09134804339146,1.1995124832231217,103.38090617834364,1.2028816175305685,103.38090617834364,1.2028816175305685,103.38090617834364,1.2028816175305685,103.38090617834364,1.2028816175305685,104.5238144247732,1.2161798499699572,104.5238144247732,1.2161798499699572,104.5238144247732,1.2161798499699572,104.5238144247732,1.2161798499699572,104.5238144247732,1.2161798499699572,104.5238144247732,1.2161798499699572,105.24523559716464,1.2245738977573695,106.94276056468415,1.2443253359504711,107.47559183764663,1.25052505857997,107.47559183764663,1.25052505857997,107.59810205551568,1.2519505180239037,107.59810205551568,1.2519505180239037,107.61065967115306,1.2520966313205328,107.72989231500894,1.25348395477131,107.83845498735975,1.2547471284824738,108.22671424385794,1.259264693086445,109.30835242841901,1.2718500218200037,108.81994610009768,1.2661672026617945,108.81994610009768,1.2661672026617945,108.81994610009768,1.2661672026617945,108.81994610009768,1.2661672026617945,108.81994610009768,1.2661672026617945,108.6948199060284,1.2647113052017949,108.77173444999582,1.2656062392324519,108.47333484520883,1.2621342305942471,108.16950733033428,1.2585990658713522,108.47333484520883,1.2621342305942471,108.37573724443142,1.260998640239799,107.81751259292267,1.2545034546530727,108.11751492640691,1.2579941117338098,108.42830314029963,1.2616102672044516,108.3743281987086,1.2609822453825579,108.3743281987086,1.2609822453825579,108.3743281987086,1.2609822453825579,108.97192867217844,1.2679355857114223,108.97192867217844,1.2679355857114223,108.97192867217844,1.2679355857114223,108.97192867217844,1.2679355857114223,108.97192867217844,1.2679355857114223,108.97192867217844,1.2679355857114223,109.02536607643394,1.2685573530536105,109.14270225931115,1.2699226103595458,109.14270225931115,1.2699226103595458,109.14270225931115,1.2699226103595458,109.14270225931115,1.2699226103595458,108.6020358350231,1.2636317223509792,108.6020358350231,1.2636317223509792,108.6020358350231,1.2636317223509792,108.6020358350231,1.2636317223509792,108.78184967672352,1.2657239342763213,108.78184967672352,1.2657239342763213,108.78184967672352,1.2657239342763213,108.66839060715702,1.2644037888629291,108.66839060715702,108.66839060715702,1.2644037888629291,1.2644037888629291,108.66839060715702,1.2644037888629291,108.66839060715702,1.2644037888629291,109.11889680031295,1.2696456235339861,109.32619528580874,1.2720576311934533,109.32619528580874,1.2720576311934533,109.32619528580874,1.2720576311934533,109.32619528580874,1.2720576311934533,109.32619528580874,1.2720576311934533,110.265312377326,1.282984665283734,110.265312377326,1.282984665283734,110.265312377326,1.282984665283734,110.265312377326,1.282984665283734,110.265312377326,1.282984665283734,110.265312377326,1.282984665283734,110.265312377326,1.282984665283734,110.265312377326,1.282984665283734,110.265312377326,1.282984665283734,110.265312377326,1.282984665283734,109.79829945264392,1.2775507676423248,109.68709794597622,1.2762568899510078,109.68709794597622,1.2762568899510078,109.45131119704948,1.2735134090082891,109.45131119704948,1.2735134090082891,109.45131119704948,1.2735134090082891,109.45131119704948,1.2735134090082891,109.56783922548534,1.2748692630872889,109.45058328671202,1.2735049394562559,109.45058328671202,1.2735049394562559,109.45058328671202,1.2735049394562559,110.1052672781929,1.2811224712399814,110.01453450567698,1.2800667561355046,111.69067361083911,1.299569360557887,111.94849542061615,1.302569228976957,111.94849542061615,1.302569228976957,111.94849542061615,1.302569228976957,113.11688702689932,1.3161639713450546,114.40088949220308,1.33110389612878,114.86117785983384,1.3364595506364998,115.23791922433757,1.3408430995787304,112.67874104150934,1.3110659530445452,112.80253812542489,1.31250638573227,112.80253812542489,1.31250638573227,112.80253812542489,1.31250638573227,112.80253812542489,1.31250638573227,113.28310427666015,1.318097981034512,113.07636217233508,1.3156924471109341,114.09530735078089,1.3275483155660766,114.322320769524,1.33018971501239,114.08823492980515,1.3274660248849668,114.1675372899336,1.3283887421908178,114.61076227284626,1.333545856827211,114.19418130153676,1.3286987568053097,114.33324881490259,1.330316867553293,114.3879555270999,1.3309534038431199,114.3879555270999,1.3309534038431199,114.5434409950751,1.3327625446035796,114.7237983027474,1.3348610799908787,114.88114126238895,1.3366918334713538,114.51377781124555,1.3324174006126337,114.48754799714492,1.332112205365472,114.3820398421497,1.330884572286648,114.52845818049609,1.3325882130669138,114.60368213063346,1.3334634763061641,114.60368213063346,1.3334634763061641,113.83237140356914,1.3244889419430268,113.57330165797302,1.3214745532502221,113.84406032225985,1.3246249475744498,113.84406032225985,1.3246249475744498,113.84406032225985,1.3246249475744498,113.84406032225985,1.3246249475744498,114.2972444918597,1.3298979416612604,116.2977559829899,1.3531747592796695,116.23783268948253,1.3524775258070054,114.38547340390241,1.3309245232647124,114.05893052370517,1.3271250554282907,114.05893052370517,1.3271250554282907,114.15454643838838,1.328237588006767,114.1984167402843,1.3287480379695007,114.08937062935875,1.3274792392411432,114.08937062935875,1.3274792392411432,113.8586175447908,1.324794327163313,116.45601223070618,1.355016139262438,116.48410186652254,1.3553429743407488,118.09655037033609,1.374104511032118,116.66616690434462,1.3574613799079567,116.66616690434462,1.3574613799079567,117.82892696915148,1.3709905968519633,115.87532433499987,1.3482595841006693,115.87532433499987,1.3482595841006693,115.87532433499987,1.3482595841006693,115.87532433499987,1.3482595841006693,117.80416338885189,1.370702461870101,116.03753720005601,1.3501470010397933,116.04563701209034,1.3502412458608315,115.87674145269662,1.348276072878823,115.97630171769929,1.3494344996815595,116.36310603751474,1.3539351354670957,118.9940749030637,1.3845475976871944,118.54400434410024,1.3793108318086393,118.03106017629823,1.3733425042607634,118.13018715253266,1.3744958895610249,120.34127635495418,1.400222870051261,120.0475210802482,1.3968049002050023,120.0475210802482,1.3968049002050023,119.87325129314772,1.394777195756054,119.53122487397552,1.3907975702377566,121.91376352937438,1.418519439367935,121.32149998728048,1.411628196547048,122.25610455684746,1.4225027254900695,122.20740304208036,1.4219360622731871,121.70262965338678,1.4160628052789928,121.85061377620087,1.4177846646396794,122.17787186357567,1.4215924542213674,121.40831383894508,1.41263831331014,120.73908140092213,1.4048515040499827,120.81994088779912,1.4057923391999425,120.91702296273066,1.4069219311879002,120.91702296273066,1.4069219311879002,120.91702296273066,1.4069219311879002,121.05642966650794,1.4085439885632238,120.94845690437523,1.4072876787129371,120.39146595179768,1.4008068477475888,123.1558984013671,1.4329722165706822,123.21050379941548,1.433607574026507,123.21050379941548,1.433607574026507,123.27569736101682,1.4343661293509915,124.1476411965562,1.4445115735153136,124.0284076209328,1.443124239223018,125.25012382925318,1.4573394364306391,122.07575604369198,1.4204042924307825,120.91047239212416,1.4068457124618494
Sucuk,103.0,0.0170064591819055,-0.18468673453774231,100.0,1.70064591819055,99.0884345175336,1.685143417021351,99.0884345175336,1.685143417021351,99.0884345175336,1.685143417021351,99.0884345175336,1.685143417021351,99.0884345175336,1.685143417021351,99.0884345175336,1.685143417021351,99.15230648932835,1.6862296531025465,100.043643079306,1.7013881324373399,100.0698741314401,1.701834229754757,100.0698741314401,1.701834229754757,100.0698741314401,1.701834229754757,100.35336810748439,1.7066554584866702,100.35336810748439,1.7066554584866702,100.35336810748439,1.7066554584866702,98.81893610829823,1.6805602033251013,98.96977848369262,1.6831254980251478,100.33171698452408,1.7062872495478034,100.9705043287701,1.7171507604436413,101.80048410586475,1.7312657776446085,100.8703256830013,1.7154470763934755,100.39920641904445,1.707435005861184,100.4519399580711,1.708331816640158,99.7914077848119,1.69709850319729,99.93287819269354,1.699504413914377,101.76102726762612,1.730594756535656,101.94115228344056,1.7336580452647445,101.94115228344056,1.7336580452647445,101.94115228344056,1.7336580452647445,102.06546660049001,1.7357721916233724,101.94115228344047,1.733658045264743,103.2470395280542,1.7558665633864374,103.2470395280542,1.7558665633864374,103.36093587612709,1.757803536980907,103.85519020189464,1.7662090529975532,103.77687803115094,1.764877240262354,102.25534861061082,1.73900141227787,102.08561864420955,1.7361149065323207,102.08561864420955,1.7361149065323207,102.08561864420955,1.7361149065323207,103.10703177383738,1.7534855272291987,103.10703177383738,1.7534855272291987,102.69302524685786,1.746444742127079,102.69302524685786,1.746444742127079,102.66306832335685,1.7459352809303437,102.57104288130682,1.7443702540064232,102.57104288130682,1.7443702540064232,102.472947442807,1.7427019979356446,102.472947442807,1.7427019979356446,101.8983150685719,1.732929535918614,101.8983150685719,1.732929535918614,101.8983150685719,1.732929535918614,101.8983150685719,1.732929535918614,101.93183700789868,1.7334996254114732,101.93183700789868,1.7334996254114732,101.7866349608789,1.7310302527257022,101.7866349608789,1.7310302527257022,101.7800800632748,1.7309187771271566,101.7800800632748,1.7309187771271566,1.7309187771271566,101.7800800632748,101.78667916075032,1.7310310044090116,101.78667916075032,1.7310310044090116,103.2560080408853,1.756019086033822,106.92801223824486,1.8184668755320028,106.92801223824486,1.8184668755320028,107.4290953872979,1.8269885256531142,107.34591502853984,1.8255739222771588,107.34591502853984,1.8255739222771588,107.34591502853984,1.8255739222771588,107.34591502853984,1.8255739222771588,106.91067894252764,1.8181720975459001,106.72256993386613,1.8149730293683493,106.93452017001124,1.8185775524079464,107.38080292313983,1.8261672418326163,107.38080292313983,1.8261672418326163,107.38080292313983,1.8261672418326163,107.38080292313983,1.8261672418326163,107.38080292313983,1.8261672418326163,108.07184633825642,1.837919443464721,108.07184633825642,1.837919443464721,108.07184633825642,1.837919443464721,108.07184633825642,1.837919443464721,108.07184633825642,1.837919443464721,108.07184633825642,1.837919443464721,108.56997725783619,1.8463908866157994,109.73908618361918,1.8662732898413292,110.41826646574854,1.8778237415865173,110.41826646574854,1.8778237415865173,110.41826646574854,1.8778237415865173,110.50042259115918,1.879220926379857,110.38764874943922,1.8773030426438597,110.50042259115926,1.8792209263798583,110.7268169870646,1.8830710934328345,111.44573909681506,1.895297412947275,111.44573909681506,1.895297412947275,111.44573909681506,1.895297412947275,111.68387037287903,1.8993471827735922,112.00860267307795,1.9048697293819712,112.20616508514499,1.9082295664786681,112.5225528118504,1.9136102014385397,112.63697637129158,1.9155561410316244,112.63697637129158,1.9155561410316244,112.63697637129158,1.9155561410316244,112.83927509806814,1.9189965260711015,112.83927509806814,1.9189965260711015,112.83927509806814,1.9189965260711015,112.83927509806814,1.9189965260711015,113.69391815077998,1.9335309782621444,113.69391815077998,1.9335309782621444,113.70298977917123,1.9336852545400938,114.05097013399433,1.9396031682404977,115.53051403807987,1.9647649712531656,116.43728752497309,1.9801859775452493,117.02156588418772,1.9901224836121036,116.35029788263115,1.9787065917435125,116.44323308571161,1.9802870904812624,116.44323308571161,1.9802870904812624,116.63958275390883,1.983626303098839,116.28244409668231,1.9775526391024358,107.12138293143836,1.8217554263327749,107.11859394385918,1.8217079955293507,106.35815630339272,1.8087756438363733,106.67377785715631,1.8141432489073834,106.67377785715631,1.8141432489073834,112.68388389970528,1.9163538719989162,115.75675508430763,1.9686125303711095,116.10090080884714,1.974465230588118,116.10090080884714,1.974465230588118,116.28339211087695,1.9775687614671407,116.28339211087695,1.9775687614671407,117.08798896545703,1.9912521050324465,117.86259253061519,2.004425368945467,117.86259253061519,2.004425368945467,118.19279348811807,2.010040918051066,118.19279348811807,2.010040918051066,118.19279348811807,2.010040918051066,118.19279348811807,2.010040918051066,118.19279348811807,2.010040918051066,117.81684174806763,2.003647310129532,117.52833733704801,1.998740871639727,117.42335010967193,1.9969554106427343,117.42335010967193,1.9969554106427343,115.32814337667287,1.9613233628603322,115.32814337667287,1.9613233628603322,115.32814337667287,1.9613233628603322,115.5519858099559,1.9651301300651383,115.40390852367553,1.962611859740244,115.62339464490306,1.9663445415018947,115.77040398419358,1.968844649829898,115.21876464531373,1.9594632179301044,115.21876464531373,115.21876464531373,1.9594632179301044,1.9594632179301044,116.67816932417934,1.9842825240311142,116.67816932417934,1.9842825240311142,118.20157273237206,2.0101902219101193,118.12932633560693,2.0089615665124936,118.995767748671,2.0236966670372802,118.995767748671,2.0236966670372802,118.995767748671,2.0236966670372802,119.02721702540254,2.0242315078783153,119.02721702540254,2.0242315078783153,119.57734160576798,2.0335871790992632,120.59875131942277,2.0509577417025353,120.59875131942277,2.0509577417025353,120.59875131942277,2.0509577417025353,120.74085156745382,2.053374363770414,120.74085156745382,2.053374363770414,120.74085156745382,2.053374363770414,120.89954299861454,2.0560731431169668,111.83018975110272,1.901835557306875,111.18808209075506,1.8909155795907837,110.61369639830303,1.8811473127574279,110.61369639830303,1.8811473127574279,117.7068296829358,2.0017763944343505,117.70683834950246,2.0017765418219624,119.21438664770965,2.027414600420174,120.13975020657226,2.0431517580123937,120.13975020657226,2.0431517580123937,120.15067176555587,2.0433374950594514,120.46961573794535,2.048761602707208,120.72476967593411,2.053100867738716,121.55013225733016,2.0671373627895004,122.48582711973694,2.0830502192737397,122.48582711973694,2.0830502192737397,122.38514352339051,2.081337947802187,122.38514352339051,2.081337947802187,121.97778444057978,2.074410212187988,122.4278370770109,2.0820640139791626,121.46417894909168,2.065675601361393,122.41193407861128,2.0817935602860094,123.81351992326921,2.1056295727431213,123.92234890992144,2.1074803684624306,123.92234890992144,2.1074803684624306,123.60143160349821,2.1020227013899766,124.11583846544376,2.110770940690546,124.40972434491586,2.1157688989039265,124.05467239118468,2.109730722345341,123.82573433838857,2.105837296695279,123.82573433838857,2.105837296695279,123.82573433838857,2.105837296695279,124.20294768454356,2.112252360069534,124.2801940699985,2.1135660475707234,124.38738146958703,2.11538892570664,123.67096864474539,2.1032052802435772,124.02850062028912,2.1092856331918877,123.06501663886,2.0929001821892936,123.06501663886,2.0929001821892936,122.8077217889391,2.0885245078263996,123.01021360344,2.0919681766043787,122.67914463738563,2.0863378657467795,122.66048663938318,2.086020559265335,122.3598589500836,2.080907946738311,120.92625834723916,2.056527476602882,122.18204238958002,2.07788391666024,121.20826962600772,2.061323489904096,121.20826962600772,2.061323489904096,120.74252604338078,2.0534028406769167,119.59012921671346,2.033804651082842,120.21168855758732,2.0443751746425454,120.21168855758732,2.0443751746425454,120.21168855758732,2.0443751746425454,120.47534562009608,2.0488590477141213,121.77323662714194,2.070931578148009,122.36195271123972,2.080943554201949,123.29404766198108,2.0967951889353924,123.09391375266732,2.0933916197757325,122.70074534363926,2.0867052172759823,122.70074534363926,2.0867052172759823,123.00892817393331,2.0919463159999423,123.93244242104473,2.1076520233473506,123.35628181208378,2.0978535714688347,123.09568144813991,2.0934216820166336,123.1843002254047,2.0949287736349373,122.63308381554556,2.0855545342602713,122.63308381554556,2.0855545342602713,115.78352324182258,1.9690677619492623,114.9049042842402,1.9541255645106894,122.06557011295686,2.0759031356420246,122.41820685009093,2.0819002379181355,122.62523614381497,2.0854210731513123,121.82230095381553,2.071765988616871,121.90328988753971,2.0731433236124377,121.75517783409676,2.0706244620212115,123.86744853843994,2.1065467075357587,123.37120728006434,2.0981074008308167,122.7318767619918,2.0872346524714698,123.15581660662822,2.0944443681348623,122.55572026630558,2.0842388542179546,123.74285547167172,2.1044278206314164,122.38970787864933,2.081415571323588,121.9591977678864,2.0740941186975004,121.82909509949025,2.0718815329779643,121.54433636172088,2.0670387951273983,122.00717001045022,2.0749099566825264,121.79803189212446,2.0713532578098386,121.79803189212446,2.0713532578098386,123.04463706404194,2.092553597782006,122.9323676374677,2.090644292361595,122.67583843059622,2.0862816388759686,122.83494169555374,2.0889874220571767,122.47698387957028,2.08289982707081,121.90573198743881,2.0731848550846896,121.90573198743881,2.0731848550846896,121.82976871839169,2.071892988850316,121.98185660767054,2.0744794653313985,122.15702663845896,2.077458487309895,121.64578541283728,2.0687640842742527,115.90941065859728,1.9712086611641568,116.32234616921568,1.978231232070248,116.32234616921568,1.978231232070248,116.79050824153498,1.9861930112436623,116.86565318075932,1.987470960585308,121.24406372769982,2.061932220833476,122.14370032640205,2.077231853927854,124.1847524951677,2.1119429243241066,123.27674663073998,2.0965009596537856,123.27674663073998,2.0965009596537856,123.27674663073998,2.0965009596537856,124.72766040394832,2.121175865514318,123.32452516086447,2.097313503276119,124.29489525266871,2.11381606263373,124.13783229146232,2.1111449777949844,123.90856618267728,2.107245973074137
Süt,104.0,0.0233665523722657,-1.1744310135432756,100.0,2.33665523722657,100.19441157692432,2.341197965520547,100.19441157692432,2.341197965520547,100.19441157692432,2.341197965520547,100.19441157692432,2.341197965520547,100.2291319829113,2.342009261705428,100.2291319829113,2.342009261705428,100.28277921942734,2.343262812667107,100.1465259314966,2.3400790430787803,99.94822946961641,2.3354455384170216,99.94822946961641,2.3354455384170216,100.1903089387818,2.341102101011525,100.04809039034916,2.337778943851266,100.04809039034916,2.337778943851266,100.24767723031994,2.3424426002002585,99.83571876471416,2.3328165511384826,99.89057935509771,2.3340984539968535,99.94142863191875,2.335286626286784,100.36976038673431,2.3452952626683867,100.34258883728262,2.344660357235088,100.38237129008614,2.3455899360020185,100.5582001238271,2.349698449654181,100.0204273482962,2.3371325539303593,100.1515487519457,2.3401964090758605,100.25911483561518,2.342709857603403,101.03346305862802,2.3608037059108034,101.03346305862802,2.3608037059108034,100.8655630551637,2.356880461686551,100.8655630551637,2.356880461686551,101.01027299208958,2.3602618340065167,101.64712590311349,2.3751428909053867,102.23675644393086,2.388920523817683,102.60236801513922,2.3974636057442296,102.85975444771265,2.403477839300867,102.794143709442,2.401944742548883,102.93947972197269,2.405340744097258,103.02407013193393,2.4073173303418085,103.07996030650332,2.4086232910329795,103.2110833978796,2.4116871856148365,103.37177709734053,2.4154420433591834,103.29489112185468,2.4136454831863006,103.34829669710845,2.4148933873574387,103.34968784392089,2.4149258936622893,103.39645240855613,2.4160186203110046,103.50515252917036,2.4185585673722088,103.3683484963265,2.4153619287740256,103.52518057277638,2.419026553702043,103.47424703123296,2.417836412436064,103.40729644037883,2.4162720079485163,103.3211894902146,2.414259985387888,103.02379882618442,2.4073109908618036,103.0704159297257,2.4084002718531443,103.21174096168733,2.4117025506139877,103.38453488420912,2.4157401488542027,103.4255233660423,2.416697908361617,103.49803706741278,2.4183923035623973,103.63311157966793,2.4215485292271657,103.63311157966793,2.4215485292271657,103.71589766839668,2.423482954705141,2.423482954705141,103.71589766839668,103.92203179437512,2.4282995985555273,103.92203179437512,2.4282995985555273,103.99922126447534,2.4301032503512117,103.94157839984382,2.428756335335912,103.9161840075462,2.428162955938328,104.6103805526444,2.4443839358660107,104.6280465357054,2.444796728984413,104.6280465357054,2.444796728984413,104.7184261434004,2.4469085888210027,104.7184261434004,2.4469085888210027,104.7184261434004,2.4469085888210027,105.17891953850231,2.4576687318547346,105.1493947216508,2.4569788386754916,105.49038882590078,2.464946695271083,107.01892134478794,2.500663230426371,107.01892134478794,2.500663230426371,109.07580846788247,2.548725591111998,109.1138652894239,2.549614847825668,109.1138652894239,2.549614847825668,109.1138652894239,2.549614847825668,109.1138652894239,2.549614847825668,111.00659447945395,2.5938414035710213,111.16622326061803,2.5975713778462124,111.32608158983646,2.601306715868038,111.39825131354755,2.602993073496825,114.80909165832412,2.682692653046484,116.32493990760327,2.718112800551672,116.32493990760327,2.718112800551672,116.51204657071463,2.7224848381944637,116.67680848001822,2.7263347559771605,116.73885967230446,2.7277846784114783,116.73885967230446,2.7277846784114783,116.94214394839433,2.7325347310951904,117.51436643124498,2.7459055977093083,117.66553599186345,2.749437909164592,117.66553599186345,2.749437909164592,117.18537036307069,2.738218093852044,117.38895672430816,2.7429752052241785,117.46887922869882,2.7448427186087456,118.50819866398827,2.76912803062495,118.95328999555394,2.7795282805344206,118.95328999555394,2.7795282805344206,118.95328999555394,2.7795282805344206,118.89705888110116,2.7782143532536088,119.05019724398802,2.781792668830208,119.05019724398802,2.781792668830208,118.90672899753324,2.778440310535665,118.90672899753324,2.778440310535665,118.90672899753324,2.778440310535665,118.99160564042639,2.78042358505701,119.36412675747168,2.7891281192482236,120.0698893332266,2.805619357436986,120.53068941363432,2.8163866666489774,121.26284745045355,2.833494675761089,120.74085706551372,2.8212975600935732,120.74085706551372,2.8212975600935732,120.74085706551372,2.8212975600935732,120.35995118391412,2.8123971028622723,120.25509785975683,2.809947042171945,120.18098183748296,2.8082152062558583,120.18098183748296,2.8082152062558583,120.18098183748296,2.8082152062558583,120.1960387232854,2.8085670337665243,120.53321499004286,2.816445680662398,120.65797935745344,2.8193609937876896,120.81494580573218,2.8230287585220832,121.51443792236496,2.83937347769937,121.60234097154682,2.84142746890176,121.60234097154682,2.84142746890176,121.60234097154682,2.84142746890176,121.8027013850912,2.8461092009981734,122.18105962311118,2.8549501285823453,122.18105962311118,2.8549501285823453,122.18105962311118,2.8549501285823453,123.21553033169694,2.8791221425720894,123.21553033169694,2.8791221425720894,123.21553033169694,2.8791221425720894,123.21553033169694,2.8791221425720894,123.21553033169694,2.8791221425720894,123.13825090924053,2.8773163888999633,123.33336754791522,2.8818755920562555,123.60400952492027,2.888199561986078,122.58632009374735,2.8644196685938743,122.58632009374735,2.8644196685938743,122.58632009374735,2.8644196685938743,122.58632009374735,2.8644196685938743,122.48155508626235,2.8619716715596955,122.48155508626235,2.8619716715596955,122.48155508626235,2.8619716715596955,122.40542652898195,2.860192809638978,122.40542652898195,122.40542652898195,2.860192809638978,2.860192809638978,122.40542652898195,2.860192809638978,122.3172940223954,2.8581334568081243,123.58355684142714,2.887721653286082,123.58355684142714,2.887721653286082,123.58355684142714,2.887721653286082,123.60259565535226,2.8881665247287693,123.60259565535226,2.8881665247287693,123.60259565535226,2.8881665247287693,123.71486500807445,2.890789872438953,123.60259565535203,2.888166524728764,123.66420234949491,2.889606060773936,123.55392136756522,2.887029174434011,123.55392136756522,2.887029174434011,123.66278786804263,2.8895730092190015,123.51570129401495,2.8861361030837265,123.51570129401495,2.8861361030837265,123.62453411781419,2.8886791509608534,123.62453411781419,2.8886791509608534,121.61832875180758,2.841801048206539,121.61832875180758,2.841801048206539,121.61847256870692,2.8418044087116496,121.51186118423034,2.839313268212798,121.29516273729033,2.8342497726033855,121.07099753195014,2.8290118045927644,121.0775816964466,2.8291656538172982,122.32014898128631,2.8582001673545694,122.25973939919726,2.856788603690899,122.25973939919726,2.856788603690899,122.25973939919726,2.856788603690899,123.42486340241096,2.884013534732176,122.92071789189838,2.8722333922575407,123.27970366086846,2.8806216520290784,123.29973663578942,2.8810897535867412,123.08788108864258,2.8761394198489794,123.08788108864258,2.8761394198489794,123.25066530692119,2.8799431258107653,123.19070966147207,2.8785421690813653,123.5758017598446,2.8875404437661327,123.4834709056818,2.8853829900267614,123.37059278240932,2.882745417447632,123.33490124512072,2.881911429272331,123.33490124512072,2.881911429272331,123.40083440084997,2.883452059808748,123.10356132718414,2.8765058129640706,123.30887337465852,2.8813032476740377,122.83591239879605,2.8702517802615097,122.72527848305805,2.8676666470752687,122.76049258457277,2.868489479222555,122.68679238161472,2.866767359570289,122.33598235532486,2.858570138718271,121.44549506442355,2.8377625207985884,121.4524186113079,2.8379243002194636,121.51685871309328,2.8394300432327055,121.48105767978987,2.8385934965130404,121.48105767978987,2.8385934965130404,121.5181703442221,2.8394606915301703,122.14932597202481,2.8542086225622727,122.34447274082221,2.8587685297556553,121.98778956825254,2.8504340737235,121.7672031097085,2.8452797286873186,121.62904910905444,2.8420515459955973,121.97101908710289,2.850042205397409,122.2825788988035,2.857322284054604,122.2825788988035,2.857322284054604,122.23251345604965,2.856152427264456,121.80987022803227,2.8462767121422043,121.90336824895462,2.8484614385447897,121.90336824895462,2.8484614385447897,121.90336824895462,2.8484614385447897,121.74483625658246,2.844757092442346,121.05333290027136,2.828599043051505,120.94234771158257,2.8260057018274627,121.30501826011961,2.834480062193732,121.26396898267937,2.833520882102581,121.2800039217123,2.83389556334528,121.2800039217123,2.83389556334528,121.90921500373373,2.848598057046544,121.95592234906954,2.8496894466775022,121.0419448849878,2.828332944395966,121.01946302073247,2.8278076207374174,120.75356028340056,2.8215943904996226,120.75356028340056,2.8215943904996226,120.75356028340056,2.8215943904996226,120.94921054649122,2.826166062618778,120.65375629648354,2.819262315412365,120.56715576410136,2.8172387595369908,120.45902079783193,2.814712018184383,120.59816509008185,2.8179633405765427,120.84420662427226,2.8237124829709552,120.97433226822749,2.82675307064541,120.59023568536222,2.81777805772588,122.14690156509693,2.8541519725308206,121.91686299028947,2.8487767641249406,121.70634259422333,2.843857628264831,121.03582051035437,2.828189838875346,120.45795871504352,2.8146872009712838,121.53881581578464,2.8399431050226864,121.34085743680927,2.8353175001928297,121.41577671368049,2.8370681053995335,121.48026928522032,2.838575074450041,122.12862281786563,2.853724861226341,121.67490233241607,2.843122977740714,121.28051392398676,2.833907480340136,121.28051392398676,2.833907480340136,121.5122912357921,2.8393233170351384,121.58454934915963,2.841011740025462,121.94672088982874,2.849474440298251,122.06168851876566,2.8521608374209206,121.70988832480522,2.843940479764171,120.46651981239593,2.814887244300933,120.54797476055121,2.8167905656129837,120.51433239434981,2.8160044595012117,120.97720593940808,2.826820218433552,120.62004654036996,2.8184746346306806,120.36716979293432,2.8125657768679977,120.01330714219978,2.8042972267070203,118.85299501305715,2.777184732573234,118.85299501305715,2.777184732573234,119.32185140748228,2.7881402900686405,120.10963655673214,2.8065481130166803,120.10944269974885,2.8065435832473278,120.43886960557421,2.8142411542951296,122.18987062929445,2.855156011419779,122.25357276228368,2.8566445106464973,122.286459549686,2.857412961486689,122.47859163775536,2.861902425984954,124.88759253280004,2.918192471563851,125.45367866141244,2.9314199527352858,125.90605559264054,2.941990441990832,127.7637134403956,2.985397501380151,126.26321676569705,2.9503360672463965
Tahin,105.0,0.0019200319384529,1.014929538418441,100.0,0.19200319384529,100.0,0.19200319384529,100.0,0.19200319384529,100.0,0.19200319384529,100.0,0.19200319384529,100.0,0.19200319384529,100.0,0.19200319384529,100.0,0.19200319384529,106.8059764855587,0.20507088606992213,106.8059764855587,0.20507088606992213,106.8059764855587,0.20507088606992213,106.8059764855587,0.20507088606992213,106.8059764855587,0.20507088606992213,106.8059764855587,0.20507088606992213,106.8059764855587,0.20507088606992213,106.8059764855587,0.20507088606992213,106.8059764855587,0.20507088606992213,106.8059764855587,0.20507088606992213,106.8059764855587,0.20507088606992213,106.8059764855587,0.20507088606992213,106.8059764855587,0.20507088606992213,106.8059764855587,0.20507088606992213,106.8059764855587,0.20507088606992213,106.8059764855587,0.20507088606992213,106.8059764855587,0.20507088606992213,106.8059764855587,0.20507088606992213,106.8059764855587,0.20507088606992213,106.8059764855587,0.20507088606992213,106.8059764855587,0.20507088606992213,106.93516428122808,0.20531893076366567,106.8059764855587,0.20507088606992213,106.8059764855587,0.20507088606992213,106.8059764855587,0.20507088606992213,106.8059764855587,0.20507088606992213,106.8059764855587,0.20507088606992213,107.17121877498523,0.20577216293089473,107.17121877498523,0.20577216293089473,107.17121877498523,0.20577216293089473,107.17121877498523,0.20577216293089473,107.17121877498523,0.20577216293089473,107.17121877498523,0.20577216293089473,107.17121877498523,0.20577216293089473,107.17121877498523,0.20577216293089473,107.17121877498523,0.20577216293089473,107.17121877498523,0.20577216293089473,107.17121877498523,0.20577216293089473,107.17121877498523,0.20577216293089473,107.17121877498523,0.20577216293089473,107.17121877498523,0.20577216293089473,107.17121877498523,0.20577216293089473,107.17121877498523,0.20577216293089473,107.17121877498523,0.20577216293089473,107.17121877498523,0.20577216293089473,107.17121877498523,0.20577216293089473,107.17121877498523,0.20577216293089473,107.17121877498523,0.20577216293089473,107.17121877498523,0.20577216293089473,107.17121877498523,0.20577216293089473,107.17121877498523,0.20577216293089473,0.20577216293089473,107.17121877498523,107.17121877498523,0.20577216293089473,107.17121877498523,0.20577216293089473,107.17121877498523,0.20577216293089473,110.84348442608479,0.21282303026748942,110.84348442608479,0.21282303026748942,110.84348442608479,0.21282303026748942,110.84348442608479,0.21282303026748942,110.84348442608479,0.21282303026748942,110.84348442608479,0.21282303026748942,110.84348442608479,0.21282303026748942,110.84348442608479,0.21282303026748942,110.84348442608479,0.21282303026748942,110.84348442608479,0.21282303026748942,110.84348442608479,0.21282303026748942,110.84348442608479,0.21282303026748942,110.84348442608479,0.21282303026748942,110.84348442608479,0.21282303026748942,110.84348442608479,0.21282303026748942,110.84348442608479,0.21282303026748942,110.84348442608479,0.21282303026748942,110.84348442608479,0.21282303026748942,110.84348442608479,0.21282303026748942,110.84348442608479,0.21282303026748942,110.84348442608479,0.21282303026748942,110.84348442608479,0.21282303026748942,113.78375198922444,0.21846843789631462,113.78375198922444,0.21846843789631462,113.78375198922444,0.21846843789631462,113.78375198922444,0.21846843789631462,113.78375198922444,0.21846843789631462,113.78375198922444,0.21846843789631462,113.78375198922444,0.21846843789631462,113.78375198922444,0.21846843789631462,114.46484224497675,0.21977615294032812,114.46484224497675,0.21977615294032812,114.46484224497675,0.21977615294032812,114.46484224497675,0.21977615294032812,114.46484224497675,0.21977615294032812,114.46484224497675,0.21977615294032812,114.46484224497675,0.21977615294032812,114.46484224497675,0.21977615294032812,114.46484224497675,0.21977615294032812,114.46484224497675,0.21977615294032812,114.46484224497675,0.21977615294032812,114.46484224497675,0.21977615294032812,114.46484224497675,0.21977615294032812,114.46484224497675,0.21977615294032812,114.46484224497675,0.21977615294032812,114.46484224497675,0.21977615294032812,114.46484224497675,0.21977615294032812,114.46484224497675,0.21977615294032812,115.4319490708031,0.2216330289338105,115.83962474157448,0.22241577924222178,116.86512340481437,0.22438476942848312,115.78073445356225,0.2223027080083736,115.78073445356225,0.2223027080083736,115.78073445356225,0.2223027080083736,115.78073445356225,0.2223027080083736,115.78073445356225,0.2223027080083736,115.78073445356225,0.2223027080083736,115.78073445356225,0.2223027080083736,115.78073445356225,0.2223027080083736,115.78073445356225,0.2223027080083736,115.78073445356225,0.2223027080083736,115.78073445356225,0.2223027080083736,116.6697672288472,0.22400967933125213,116.6697672288472,0.22400967933125213,116.6697672288472,0.22400967933125213,116.6697672288472,0.22400967933125213,116.6697672288472,0.22400967933125213,116.6697672288472,0.22400967933125213,117.69388919587347,0.22597602621681376,117.69388919587347,0.22597602621681376,117.69388919587347,0.22597602621681376,117.69388919587347,0.22597602621681376,117.69388919587347,0.22597602621681376,117.69388919587347,0.22597602621681376,117.69388919587347,0.22597602621681376,117.69388919587347,0.22597602621681376,117.69388919587347,0.22597602621681376,117.69388919587347,0.22597602621681376,117.69388919587347,0.22597602621681376,116.78330527406602,0.22422767600430177,116.78330527406602,0.22422767600430177,116.78330527406602,0.22422767600430177,116.78330527406602,0.22422767600430177,116.78330527406602,0.22422767600430177,116.78330527406602,0.22422767600430177,116.78330527406602,0.22422767600430177,116.78330527406602,0.22422767600430177,116.78330527406602,116.78330527406602,0.22422767600430177,0.22422767600430177,116.78330527406602,0.22422767600430177,116.78330527406602,0.22422767600430177,117.69388919587351,0.22597602621681384,117.69388919587351,0.22597602621681384,117.69388919587351,0.22597602621681384,117.69388919587351,0.22597602621681384,117.69388919587351,0.22597602621681384,117.69388919587351,0.22597602621681384,117.69388919587351,0.22597602621681384,117.69388919587351,0.22597602621681384,117.69388919587351,0.22597602621681384,117.69388919587351,0.22597602621681384,117.69388919587351,0.22597602621681384,117.69388919587351,0.22597602621681384,117.69388919587351,0.22597602621681384,117.69388919587351,0.22597602621681384,117.69388919587351,0.22597602621681384,117.69388919587351,0.22597602621681384,116.98065711280128,0.22460659783778586,116.98065711280128,0.22460659783778586,116.98065711280128,0.22460659783778586,116.98065711280128,0.22460659783778586,116.98065711280128,0.22460659783778586,116.98065711280128,0.22460659783778586,116.98065711280128,0.22460659783778586,116.98065711280128,0.22460659783778586,116.98065711280128,0.22460659783778586,116.98065711280128,0.22460659783778586,116.98065711280128,0.22460659783778586,117.69388919587342,0.22597602621681367,117.69388919587342,0.22597602621681367,117.69388919587342,0.22597602621681367,117.69388919587342,0.22597602621681367,117.69388919587342,0.22597602621681367,117.69388919587342,0.22597602621681367,117.78692035690106,0.2261546490172581,117.85546052003998,0.2262862483195516,116.95644835990258,0.22456011625903025,116.95644835990258,0.22456011625903025,116.95644835990258,0.22456011625903025,116.95644835990258,0.22456011625903025,116.95644835990258,0.22456011625903025,116.94290905222628,0.22453412035586723,116.03149365468313,0.22278417368338663,116.37061068176533,0.22343528920625763,114.96667401469081,0.22073968596590945,114.96667401469081,0.22073968596590945,114.9222431351884,0.22065437725821127,116.0724645979827,0.22286283920307035,117.09959106873325,0.2248349548317418,117.09959106873325,0.2248349548317418,117.84450577254655,0.22626521485448653,118.44213774239378,0.22741268732403372,118.81220352094375,0.22812322543817812,118.81220352094375,0.22812322543817812,118.81220352094375,0.22812322543817812,119.4776396509485,0.22940088406078774,119.4776396509485,0.22940088406078774,120.03642603221851,0.23047377175959866,120.03642603221851,0.23047377175959866,120.03642603221851,0.23047377175959866,118.91879941542338,0.22832789296008693,118.91879941542338,0.22832789296008693,118.91879941542338,0.22832789296008693,119.00663152464756,0.22849653341501905,119.00663152464756,0.22849653341501905,118.16064430898577,0.22687221094142557,118.16064430898577,0.22687221094142557,118.16064430898577,0.22687221094142557,118.16064430898577,0.22687221094142557,118.16064430898577,0.22687221094142557,118.25043346369344,0.227044608986191,118.74973805239478,0.22800328974351364,119.40134076968967,0.22925438777190255,120.04685798590742,0.23049380144386183,120.04685798590742,0.23049380144386183,120.04685798590742,0.23049380144386183,119.99564053780432,0.2303954623076978,119.99564053780432,0.2303954623076978,119.99564053780432,0.2303954623076978,119.99564053780432,0.2303954623076978,119.99564053780432,0.2303954623076978,119.99564053780432,0.2303954623076978,119.99564053780432,0.2303954623076978,120.23832116334181,0.23086141685957354,120.87316848637906,0.23208034399584637,121.59271159142106,0.2334618897386206,120.66176319349988,0.23167443908156035,120.66176319349988,0.23167443908156035,120.66176319349988,0.23167443908156035,120.66176319349988,0.23167443908156035,120.66176319349988,0.23167443908156035,120.66176319349988,0.23167443908156035,120.66176319349988,0.23167443908156035,120.66176319349988,0.23167443908156035,120.66176319349988,0.23167443908156035,120.66176319349988,0.23167443908156035,120.66176319349988,0.23167443908156035,120.66176319349988,0.23167443908156035,120.66176319349988,0.23167443908156035,119.02304469430511,0.2285280472249728,119.02304469430511,0.2285280472249728,119.02304469430511,0.2285280472249728,119.02304469430511,0.2285280472249728,119.02304469430511,0.2285280472249728,119.02304469430511,0.2285280472249728,119.02304469430511,0.2285280472249728,117.35610912068728,0.22532747768428327,117.35610912068728,0.22532747768428327,117.35610912068728,0.22532747768428327,117.35610912068728,0.22532747768428327,117.35610912068728,0.22532747768428327,117.35610912068728,0.22532747768428327,117.35610912068728,0.22532747768428327,118.96391813074646,0.22841452233452922,118.96391813074646,0.22841452233452922,118.96391813074646,0.22841452233452922,118.96391813074646,0.22841452233452922,118.96391813074646,0.22841452233452922,118.96391813074646,0.22841452233452922,118.96391813074646,0.22841452233452922,118.96391813074646,0.22841452233452922,117.70433379845994,0.22599608018736425,117.70433379845994,0.22599608018736425,117.70433379845994,0.22599608018736425,117.70433379845994,0.22599608018736425,117.99710173621409,0.2265582039784072,117.99710173621409,0.2265582039784072,117.94264044443065,0.2264536365587736,117.94264044443065,0.2264536365587736,119.13967514069184,0.22875198140703132
Tahin Helvası,106.0,0.0018746366461747,0.0,100.0,0.18746366461747,100.75332741792369,0.1888758798016779,100.75332741792369,0.1888758798016779,100.75332741792369,0.1888758798016779,100.75332741792369,0.1888758798016779,100.95250502263518,0.18924926543856738,100.95250502263518,0.18924926543856738,103.71284887977575,0.1944239071892063,94.69434028153435,0.17751748047710136,93.87091123560799,0.17597385021208312,93.87091123560799,0.17597385021208312,93.87091123560799,0.17597385021208312,93.87091123560799,0.17597385021208312,93.87091123560799,0.17597385021208312,93.87091123560799,0.17597385021208312,93.87091123560799,0.17597385021208312,93.87091123560799,0.17597385021208312,93.87091123560799,0.17597385021208312,93.87091123560799,0.17597385021208312,93.87091123560799,0.17597385021208312,93.87091123560799,0.17597385021208312,93.87091123560799,0.17597385021208312,93.87091123560799,0.17597385021208312,95.13805416334263,0.17834928278035558,95.13805416334263,0.17834928278035558,95.13805416334263,0.17834928278035558,95.13805416334263,0.17834928278035558,94.72441044958893,0.17757385111609308,94.72441044958893,0.17757385111609308,94.83969739491445,0.17778997224862586,95.75402360664965,0.17950400167170275,96.79482821106976,0.18145513212465603,96.79482821106976,0.18145513212465603,96.79482821106976,0.18145513212465603,96.79482821106976,0.18145513212465603,96.79482821106976,0.18145513212465603,96.79482821106976,0.18145513212465603,96.79482821106976,0.18145513212465603,96.79482821106976,0.18145513212465603,96.79482821106976,0.18145513212465603,97.84694590901611,0.18342747051731526,97.64067735541889,0.18304079192778844,97.64067735541889,0.18304079192778844,97.64067735541889,0.18304079192778844,97.64067735541889,0.18304079192778844,98.17133321061137,0.18403557884043942,98.70487306501678,0.18503577220370254,98.70487306501678,0.18503577220370254,98.70487306501678,0.18503577220370254,98.70487306501678,0.18503577220370254,98.70487306501678,0.18503577220370254,99.2413125925439,0.18604140140046152,99.2413125925439,0.18604140140046152,99.47298629217478,0.18647570540774444,99.47298629217478,0.18647570540774444,99.47298629217478,0.18647570540774444,99.47298629217478,0.18647570540774444,99.47298629217478,0.18647570540774444,99.47298629217478,0.18647570540774444,0.18647570540774444,99.47298629217478,99.47298629217478,0.18647570540774444,99.47298629217478,0.18647570540774444,99.47298629217478,0.18647570540774444,99.47298629217478,0.18647570540774444,99.47298629217478,0.18647570540774444,99.47298629217478,0.18647570540774444,99.47298629217478,0.18647570540774444,99.47298629217478,0.18647570540774444,99.47298629217478,0.18647570540774444,99.47298629217478,0.18647570540774444,100.18215011462708,0.18780512989745485,100.18215011462708,0.18780512989745485,100.18215011462708,0.18780512989745485,100.18215011462708,0.18780512989745485,100.18215011462708,0.18780512989745485,100.18215011462708,0.18780512989745485,100.18215011462708,0.18780512989745485,100.18215011462708,0.18780512989745485,100.18215011462708,0.18780512989745485,100.18215011462708,0.18780512989745485,103.50699377195032,0.19403800366027452,103.50699377195032,0.19403800366027452,104.72734162950894,0.19632571247513467,104.72734162950894,0.19632571247513467,104.72734162950894,0.19632571247513467,104.72734162950894,0.19632571247513467,104.72734162950894,0.19632571247513467,105.94628328152646,0.19861078516555544,105.94628328152646,0.19861078516555544,105.94628328152646,0.19861078516555544,105.94628328152646,0.19861078516555544,105.94628328152646,0.19861078516555544,105.94628328152646,0.19861078516555544,105.94628328152646,0.19861078516555544,105.94628328152646,0.19861078516555544,105.94628328152646,0.19861078516555544,105.94628328152646,0.19861078516555544,105.94628328152646,0.19861078516555544,105.94628328152646,0.19861078516555544,108.4059588323111,0.20322178309075628,108.4059588323111,0.20322178309075628,108.4059588323111,0.20322178309075628,108.4059588323111,0.20322178309075628,108.4059588323111,0.20322178309075628,108.4059588323111,0.20322178309075628,108.4059588323111,0.20322178309075628,108.4059588323111,0.20322178309075628,108.4059588323111,0.20322178309075628,108.4059588323111,0.20322178309075628,108.40739294098059,0.20322447152342268,108.41251911676804,0.2032340812404086,108.41251911676804,0.2032340812404086,108.41251911676804,0.2032340812404086,108.41251911676804,0.2032340812404086,108.41251911676804,0.2032340812404086,108.41251911676804,0.2032340812404086,108.41251911676804,0.2032340812404086,108.41251911676804,0.2032340812404086,108.41251911676804,0.2032340812404086,108.41251911676804,0.2032340812404086,108.41251911676804,0.2032340812404086,108.41251911676804,0.2032340812404086,108.41251911676804,0.2032340812404086,108.41251911676804,0.2032340812404086,107.8219383860613,0.2021269569601011,108.91373765773534,0.20417368388504809,108.32042652269362,0.20306144108871538,108.32042652269362,0.20306144108871538,108.32042652269362,0.20306144108871538,108.32042652269362,0.20306144108871538,108.32042652269362,0.20306144108871538,108.32042652269362,0.20306144108871538,108.32042652269362,0.20306144108871538,108.32042652269362,0.20306144108871538,108.32042652269362,0.20306144108871538,108.32042652269362,0.20306144108871538,108.32042652269362,0.20306144108871538,108.32042652269362,0.20306144108871538,108.32042652269362,0.20306144108871538,109.563761804723,0.20539224297188963,109.563761804723,0.20539224297188963,109.563761804723,0.20539224297188963,109.563761804723,0.20539224297188963,109.563761804723,0.20539224297188963,109.563761804723,0.20539224297188963,109.563761804723,0.20539224297188963,109.563761804723,0.20539224297188963,109.563761804723,0.20539224297188963,109.563761804723,0.20539224297188963,109.563761804723,0.20539224297188963,109.563761804723,109.563761804723,0.20539224297188963,0.20539224297188963,109.563761804723,0.20539224297188963,109.563761804723,0.20539224297188963,109.563761804723,0.20539224297188963,109.563761804723,0.20539224297188963,109.563761804723,0.20539224297188963,109.563761804723,0.20539224297188963,109.563761804723,0.20539224297188963,110.91903355099797,0.20793288505298185,110.91903355099797,0.20793288505298185,110.91903355099797,0.20793288505298185,110.91903355099797,0.20793288505298185,110.91903355099797,0.20793288505298185,110.91903355099797,0.20793288505298185,110.91903355099797,0.20793288505298185,110.91903355099797,0.20793288505298185,110.91903355099797,0.20793288505298185,110.91903355099797,0.20793288505298185,107.49109886168608,0.2015067530637043,110.919033550998,0.2079328850529819,110.919033550998,0.2079328850529819,110.919033550998,0.2079328850529819,107.49109886168613,0.20150675306370439,107.49109886168613,0.20150675306370439,107.49109886168613,0.20150675306370439,107.49109886168613,0.20150675306370439,107.49109886168613,0.20150675306370439,107.49109886168613,0.20150675306370439,107.49109886168613,0.20150675306370439,107.49109886168613,0.20150675306370439,107.49109886168613,0.20150675306370439,107.49109886168613,0.20150675306370439,110.919033550998,0.2079328850529819,110.919033550998,0.2079328850529819,110.919033550998,0.2079328850529819,110.919033550998,0.2079328850529819,111.28250369360234,0.20861425950209833,111.28250369360234,0.20861425950209833,111.28250369360234,0.20861425950209833,111.28250369360234,0.20861425950209833,111.65949715297478,0.2093209852564061,111.65949715297478,0.2093209852564061,111.65949715297478,0.2093209852564061,111.65949715297478,0.2093209852564061,112.60003155311962,0.21108414550990556,112.60003155311962,0.21108414550990556,112.60003155311962,0.21108414550990556,112.76305833394353,0.21138976148754596,112.76305833394353,0.21138976148754596,112.76305833394353,0.21138976148754596,112.17854202023241,0.21029400578557614,112.19437017767378,0.21032367782955713,110.73488555640023,0.20758767447398935,110.73488555640023,0.20758767447398935,110.73488555640023,0.20758767447398935,110.73488555640023,0.20758767447398935,110.73488555640023,0.20758767447398935,110.73488555640023,0.20758767447398935,110.73488555640023,0.20758767447398935,110.73488555640023,0.20758767447398935,110.73488555640023,0.20758767447398935,110.73488555640023,0.20758767447398935,112.15299581862648,0.21024611593987508,111.4611127352709,0.20894908655694838,111.4611127352709,0.20894908655694838,111.11677345419272,0.20830357552192177,111.11677345419272,0.20830357552192177,111.11677345419272,0.20830357552192177,111.11677345419272,0.20830357552192177,111.11677345419272,0.20830357552192177,111.11677345419272,0.20830357552192177,111.11677345419272,0.20830357552192177,111.11677345419272,0.20830357552192177,111.19224838198578,0.20844506358743004,111.19224838198578,0.20844506358743004,112.55337794997826,0.21099668695578067,112.55337794997826,0.21099668695578067,112.55337794997826,0.21099668695578067,112.55337794997826,0.21099668695578067,112.55337794997826,0.21099668695578067,112.55337794997826,0.21099668695578067,112.55337794997826,0.21099668695578067,112.55337794997826,0.21099668695578067,112.55337794997826,0.21099668695578067,112.55337794997826,0.21099668695578067,113.36929017261141,0.21252622590839063,113.36929017261141,0.21252622590839063,113.23900021516108,0.21228197957952571,112.21923805161842,0.21037029605736624,112.21923805161842,0.21037029605736624,112.21923805161842,0.21037029605736624,112.21923805161842,0.21037029605736624,108.57010969745915,0.20352950631806407,109.04098740086819,0.20441223091674127,107.97176405842615,0.202407825656054,107.97176405842615,0.202407825656054,107.97176405842615,0.202407825656054,107.97176405842615,0.202407825656054,107.97176405842615,0.202407825656054,107.97176405842615,0.202407825656054,109.04098740086819,0.20441223091674127,109.98345969588999,0.2061790240189935,109.98345969588999,0.2061790240189935,109.98345969588999,0.2061790240189935,109.98345969588999,0.2061790240189935,109.98345969588999,0.2061790240189935,109.56738022053972,0.20539902618678074,109.56738022053972,0.20539902618678074,109.56738022053972,0.20539902618678074,109.56738022053972,0.20539902618678074,109.56738022053972,0.20539902618678074,109.56738022053972,0.20539902618678074,109.56738022053972,0.20539902618678074,109.7400217671882,0.20572266635678024,109.7400217671882,0.20572266635678024,111.20629931201589,0.2084714039757773,111.20629931201589,0.2084714039757773,111.20629931201589,0.2084714039757773,111.20629931201589,0.2084714039757773,111.20629931201589,0.2084714039757773,111.20629931201589,0.2084714039757773,111.20629931201589,0.2084714039757773,111.20629931201589,0.2084714039757773,111.20629931201589,0.2084714039757773,111.20629931201589,0.2084714039757773,111.20629931201589,0.2084714039757773,111.20629931201589,0.2084714039757773,113.20323099547215,0.21221492528949176,113.20323099547215,0.21221492528949176,113.20323099547215,0.21221492528949176,113.20323099547215,0.21221492528949176,113.20323099547215,0.21221492528949176
Tahıl Gevreği,107.0,0.0017520418960515,-0.09863551837130391,100.0,0.17520418960515,100.44907202473745,0.17599098260683468,100.44907202473745,0.17599098260683468,100.44907202473745,0.17599098260683468,100.44907202473745,0.17599098260683468,100.44907202473745,0.17599098260683468,100.44907202473745,0.17599098260683468,101.37819398066723,0.17761884320016497,103.49258334856091,0.18132334195728056,103.38102469515316,0.18112788652264308,103.63404274058124,0.18157118473869013,103.67326753654478,0.18163990822458234,104.17926480544722,0.18252643663898704,104.2798503912182,0.18270266679939667,103.80295477337702,0.1818671256968956,103.9984992024022,0.18220972772908714,104.0924256128001,0.18237429073525,104.09405288202665,0.18237714177911107,103.95158357749582,0.18212752958867173,104.91433568269647,0.18381431161249506,105.24480324720606,0.18439330463080197,104.98074481722055,0.18393066319846177,104.7915495202399,0.18359918511161574,105.15962459924523,0.18424406807092558,105.15962459924523,0.18424406807092558,105.43337933774492,0.18472369784201964,105.59387435986322,0.18500489184487862,105.59387435986322,0.18500489184487862,105.59635479533556,0.1850092376717466,105.71333471185392,0.18521419138648337,105.80408593996611,0.18537319134025407,105.92518575949987,0.1855853632976815,106.17604511821366,0.18602487940416468,106.30366710013644,0.1862484784633505,106.30366710013644,0.1862484784633505,106.30118300394702,0.1862441262227528,106.55790090165,0.1866939067349947,106.56040398242858,0.18669829223738799,106.56040398242858,0.18669829223738799,106.55791388683082,0.1866939294855755,106.55541080574716,0.18668954398264773,106.52105764501474,0.18662935580578274,106.52355986033292,0.18663373979185313,106.42306049023009,0.18645766068490618,106.95441875835566,0.18738862263247555,107.18882601972943,0.1877993139751411,107.18882601972943,0.1877993139751411,107.18882601972943,0.1877993139751411,107.1888260197213,0.18779931397512686,107.18882601966035,0.18779931397502006,107.9044916169277,0.1890531900849952,108.145096894346,0.18947474061144312,108.145096894346,0.18947474061144312,108.25293857238248,0.18966368374950354,108.35305922860275,0.18983909933386162,108.47275454080612,0.1900488105356029,108.63284375111779,0.19032929353917474,108.69783945453206,0.1904431687346199,108.82081112457702,0.19065862025256608,0.19065862025256608,108.82081112457702,108.82081112457702,0.19065862025256608,108.81787819686193,0.19065348164033113,108.8124211248779,0.19064392062158536,108.9933973391793,0.1909609985312302,109.09489607021865,0.1911388285604072,109.46854341835702,0.19179347436869418,109.46854341835702,0.19179347436869418,109.46854341835702,0.19179347436869418,109.46854341835702,0.19179347436869418,109.46854341835702,0.19179347436869418,109.46854341835702,0.19179347436869418,109.46854341835702,0.19179347436869418,109.46854341835702,0.19179347436869418,109.46854341835702,0.19179347436869418,109.46854341835702,0.19179347436869418,109.46854341835702,0.19179347436869418,109.46854341835702,0.19179347436869418,109.46854341835702,0.19179347436869418,109.46854341835702,0.19179347436869418,109.46854341835702,0.19179347436869418,109.46854341835702,0.19179347436869418,109.46854341835702,0.19179347436869418,109.46854341835702,0.19179347436869418,109.46854341835702,0.19179347436869418,109.46854341835702,0.19179347436869418,110.94344075593867,0.19437755629651204,110.94344075593867,0.19437755629651204,110.94344075593867,0.19437755629651204,110.94344075593867,0.19437755629651204,110.94344075593867,0.19437755629651204,110.94344075593867,0.19437755629651204,110.94344075593867,0.19437755629651204,111.10131000822685,0.19465414984061924,111.10131000822685,0.19465414984061924,111.10131000822685,0.19465414984061924,111.10131000822685,0.19465414984061924,111.10131000822685,0.19465414984061924,111.10131000822685,0.19465414984061924,112.84532922715525,0.1977097445797008,113.05332239522497,0.19807415732425146,113.05332239522497,0.19807415732425146,113.05332239522497,0.19807415732425146,113.05332239522497,0.19807415732425146,113.05332239522497,0.19807415732425146,113.40664913193719,0.19869320056996642,113.40664913193719,0.19869320056996642,113.25363457153091,0.19842511264942872,113.25363457153091,0.19842511264942872,113.25363457153091,0.19842511264942872,113.27008444325544,0.19845393351387478,113.33010683138566,0.19855909525257998,113.33010683138566,0.19855909525257998,112.98408313155366,0.19795284723344755,112.98408313155366,0.19795284723344755,113.48911007049051,0.19883767558909957,113.48911007049051,0.19883767558909957,113.48911007049051,0.19883767558909957,113.94959227590802,0.19964445970537723,113.94959227590802,0.19964445970537723,113.94959227590802,0.19964445970537723,117.13536306239422,0.205226063594518,117.33595538995564,0.2055775097564321,117.33595538995564,0.2055775097564321,117.33595538995564,0.2055775097564321,117.33595538995564,0.2055775097564321,117.33595538995564,0.2055775097564321,117.33595538995564,0.2055775097564321,116.3361888462161,0.2038258768855298,116.89641414613403,0.20480741508221406,116.89641414613403,0.20480741508221406,116.89641414613403,0.20480741508221406,116.89641414613403,0.20480741508221406,116.89641414613403,0.20480741508221406,117.1774314244173,0.2052997691272807,117.1774314244173,0.2052997691272807,117.1774314244173,0.2052997691272807,117.38594828764039,0.2056650994076808,117.38594828764039,0.2056650994076808,117.38594828764039,0.2056650994076808,117.38594828764039,0.2056650994076808,119.14661758769476,0.20874986578646773,119.41331053144025,0.20921712299729112,119.00612059792302,0.2085037091741185,119.00612059792302,0.2085037091741185,119.00612059792302,0.2085037091741185,119.00612059792302,0.2085037091741185,119.00612059792302,0.2085037091741185,119.00612059792302,0.2085037091741185,119.00612059792302,0.2085037091741185,119.00612059792302,0.2085037091741185,119.00612059792302,119.00612059792302,0.2085037091741185,0.2085037091741185,119.00612059792302,0.2085037091741185,119.00612059792302,0.2085037091741185,119.64531417155237,0.20962360309480402,119.81896973213901,0.2099278549124341,119.81896973213901,0.2099278549124341,119.81896973213901,0.2099278549124341,121.69966238591331,0.21322290723544296,121.69966238591331,0.21322290723544296,122.1411840520566,0.21399647169254046,121.4226536613171,0.21273757634437862,121.4226536613171,0.21273757634437862,121.57920826755321,0.2130118665735241,121.57920826755321,0.2130118665735241,121.57920826755321,0.2130118665735241,121.57920826755321,0.2130118665735241,121.57920826755321,0.2130118665735241,124.28455240655565,0.21775174284829377,124.28455240655565,0.21775174284829377,124.28455240655565,0.21775174284829377,124.28455240655565,0.21775174284829377,122.94811759129469,0.2154102530606147,124.28374411338245,0.21775032668479002,124.28374411338245,0.21775032668479002,125.32055086855244,0.21956685555795707,126.04297032643146,0.2208325647146839,126.04297032643146,0.2208325647146839,126.04297032643146,0.2208325647146839,126.04297032643146,0.2208325647146839,126.04297032643146,0.2208325647146839,126.31332411208112,0.22130623587389825,124.3787257734847,0.2179167385326457,124.3787257734847,0.2179167385326457,124.3787257734847,0.2179167385326457,124.3787257734847,0.2179167385326457,124.3787257734847,0.2179167385326457,124.3787257734847,0.2179167385326457,125.4993318894585,0.21988008739680334,126.59594482032976,0.22180139919544162,126.59594482032976,0.22180139919544162,127.48246936514498,0.22335462733983585,127.48246936514498,0.22335462733983585,127.48246936514498,0.22335462733983585,127.75805385804972,0.22383746291730708,127.75805385804972,0.22383746291730708,127.55330230901491,0.22347872962511664,127.55330230901491,0.22347872962511664,127.55330230901491,0.22347872962511664,127.65786812206494,0.223661933310475,127.65786812206494,0.223661933310475,127.91234315035014,0.22410778422152955,128.1411834749455,0.22450872205772665,129.81947764439582,0.22744916375650256,129.60135737569937,0.22706700790736836,129.60135737569937,0.22706700790736836,129.60135737569937,0.22706700790736836,129.60135737569937,0.22706700790736836,130.07402799040705,0.22789514662736862,129.98972147679893,0.2277474380834172,130.34545356400363,0.22837069560396966,129.6342751951844,0.22712468130623278,129.6342751951844,0.22712468130623278,130.57843005310016,0.22877888017366177,130.35589903100697,0.22838899649978334,130.35589903100697,0.22838899649978334,130.32367115945797,0.22833253191860892,130.15016110510493,0.22802853503399623,130.52867947584963,0.2286917150779661,130.62325186060684,0.22885740985827022,130.62325186060684,0.22885740985827022,130.62325186060684,0.22885740985827022,131.23626029922534,0.22993142632536293,122.06645880755494,0.21386554993348086,121.96257486109243,0.21368354090695138,121.96257486109243,0.21368354090695138,119.63188283603267,0.20960007083225357,119.63188283603267,0.20960007083225357,128.68170647238455,0.2254557409950192,129.9020041384732,0.22759375363166034,129.7660434382842,0.22735554478871278,129.78374584902687,0.22738656015399503,128.9260380579052,0.22588382016938008,129.20305256023178,0.22636916118327008,129.20305256023178,0.22636916118327008,130.02645995605883,0.22781180543827773,129.8058465949257,0.22742528158674374,129.87114274284505,0.22753968317354922,127.41038385915881,0.22322833051325003,126.01792810706173,0.22078868969717805,126.01792810706173,0.22078868969717805,125.90793660273509,0.22059597997338803,124.88868894207725,0.21881021536946302,125.42655952488057,0.21975258716518808,125.42655952488057,0.21975258716518808,125.4721654125725,0.21983249059113094,126.91011511071042,0.2223518387066832,126.91037025770844,0.22235228573491336,126.91037025770844,0.22235228573491336,126.91037025770844,0.22235228573491336,127.69884692696378,0.22373372989350787,127.88037122749496,0.22405176807318994,129.5446689318422,0.22696768737870865,129.3180890850788,0.22657070999437826,130.47158697599036,0.22859168662626234,130.47158697599036,0.22859168662626234,130.47158697599036,0.22859168662626234,130.31676671579498,0.22832043504404242,129.6417974659728,0.22713786063980748,118.07284403302012,0.2068685695318056,118.16027363652972,0.2070217498601096,118.1907023904322,0.20707506231179137,118.1907023904322,0.20707506231179137,127.5772626161245,0.2235207090870149,127.4480902468932,0.22329439368430945,127.5198631065316,0.22342014274139535,125.221301475221,0.21939296646268266,125.3897507650114,0.2196880966757556,125.3897507650114,0.2196880966757556,125.3897507650114,0.2196880966757556,129.4084042972956,0.22672894603003282,130.18310399035775,0.228086252349136,130.18310399035775,0.228086252349136,130.18310399035775,0.228086252349136,130.68192885902087,0.22896021441782616,130.44978093307952,0.22855348152549546,130.44978093307952,0.22855348152549546,131.93268942186023,0.23115159932584967,132.84074403029194,0.23274254904372466,132.0040051970107,0.2312765475517627,132.3319362568659,0.23185109650764557,132.40914571145328,0.23198637070685393,132.27854326420976,0.2317575497475564
Tavuk Eti,108.0,0.0521153738032306,0.0806055224144675,100.0,5.21153738032306,100.14381877026932,5.219032549295567,100.18012696804257,5.220924764594641,100.47723867979337,5.2364088525138515,100.4225924518388,5.2335609439170625,100.81739741620343,5.254136352214297,100.81739741620343,5.254136352214297,101.17834873357585,5.272947465043928,100.2158816419303,5.222788132789512,100.2158816419303,5.222788132789512,100.2158816419303,5.222788132789512,100.17849041905144,5.220839475232221,100.71758547511756,5.24893461559458,100.93058126493015,5.260034970799178,101.06780096918153,5.267186226979407,99.95829515186982,5.2093639165733485,100.37562074132748,5.231112995665589,100.54001613661336,5.239680523142441,100.54001613661336,5.239680523142441,102.53990982381109,5.343905730217473,102.9787716398182,5.3667771778066475,102.86349603248281,5.360769546439969,101.29057686616191,5.27879627612489,101.09617105384127,5.268664744546279,100.97588802066704,5.262396149310217,100.92827260564579,5.259914654157589,102.12367991437239,5.32221375289899,102.71896428476914,5.353237220381438,102.83873239361188,5.359478980143482,102.8970792138433,5.362519746490073,103.16907929820167,5.376695132560919,103.0795375904362,5.372028632989743,103.0795375904362,5.372028632989743,103.04932674034508,5.37045418324433,102.83386379997997,5.35922525156646,102.61084593989094,5.347602592423123,101.90645806771434,5.310893155162177,101.93429545922454,5.312343911226439,102.02097655421467,5.3168613288935225,102.68997731159979,5.351726553439292,102.85275451419922,5.360209748199406,102.85275451419922,5.360209748199406,103.96497939271715,5.418173763496621,103.76975273011637,5.407999452998824,103.72796198929043,5.405821512919166,103.68858033510328,5.403769123290213,103.74516185764632,5.4067178904879,103.9269262701061,5.416190610787365,104.1045777013102,5.425448981531246,104.05064681764773,5.422638353369638,103.24175546641297,5.380482678233838,103.23006352023474,5.379873348088272,103.23006352023474,5.379873348088272,103.18138514351006,5.377336456289131,103.44760971175305,5.391210849178718,103.58897791484654,5.398578305926827,103.58246294871441,5.398238776031535,103.30380590377992,5.38371645997187,103.04568700896886,5.370264497283115,5.370264497283115,103.04568700896886,103.24168703714398,5.380479112016905,103.24168703714398,5.380479112016905,103.30454589452384,5.383755024866101,103.8157152759124,5.4103948082539315,104.6510094850692,5.453926478199812,104.69327467605709,5.4561291444270115,104.78984574230807,5.461161981643258,104.78984574230807,5.461161981643258,104.78984574230807,5.461161981643258,104.89765320133293,5.466780407669114,105.00963026539658,5.47261613422018,104.85780549817667,5.464703729723926,104.84462271497723,5.464016704049721,104.75051974927882,5.459112492816355,105.22354328063042,5.483764290970468,105.34098636862778,5.489884881402056,105.34098636862778,5.489884881402056,105.34098636862778,5.489884881402056,105.34098636862778,5.489884881402056,105.34098636862778,5.489884881402056,105.34098636862778,5.489884881402056,105.43884340966818,5.494984737675154,105.43884340966818,5.494984737675154,105.43884340966818,5.494984737675154,105.43884340966818,5.494984737675154,105.39387067487344,5.492640966790373,105.30972205438249,5.488255529978461,105.24948192380916,5.485116093055677,105.65364810243751,5.506179364533517,105.65364810243751,5.506179364533517,105.57105134571798,5.501874803682143,105.9744951178618,5.522900426676005,105.36303674399166,5.4910340449566455,105.63816073517181,5.505372234599236,105.72023455482086,5.509649542389705,105.79623494433548,5.513610331098451,105.89305402291178,5.5186560935697395,106.16016124611912,5.532576486352733,105.87827890250648,5.51788608264683,105.15360188786048,5.480119269141944,105.11541065321839,5.478128918672565,105.30396341136903,5.487955416145215,105.00511980660188,5.4723810699740705,104.55571544037363,5.448960193439281,103.87188288687528,5.413322004294897,103.8093906276251,5.410065196844266,104.175969334075,5.429169583159207,104.6639059283144,5.454598581160268,105.31244439223131,5.488397405633071,105.78076964269239,5.512804351122342,105.4533584354628,5.495741193670205,105.83542646572535,5.515652811885602,106.28887778184355,5.539284596726668,106.01863716296516,5.525200905857004,106.08413233206895,5.528614211077154,105.77475228750282,5.51249075440733,105.15252928467287,5.480063370025879,105.34342685537214,5.4900120682810005,105.6499877756058,5.50598860523244,105.82227328191922,5.514967328794842,106.00111497735712,5.5242877306041915,105.60706894482324,5.503751874323009,105.92662771260038,5.520405798957814,105.92662771260038,5.520405798957814,105.92662771260038,5.520405798957814,106.65267786320078,5.558244173956246,107.43213348825734,5.598865795219099,107.56760251995013,5.6059258144445305,107.55520708348531,5.605279821639713,107.89042620804481,5.622749891622123,107.19655268818262,5.586588413762342,107.30726531648341,5.592358243770975,108.0557844673141,5.631367599115393,108.50070206204082,5.65455464587621,108.54964170889774,5.657105153865957,108.59620087082256,5.659531601993634,108.4975907849484,5.654392500507534,109.42395907860072,5.702670530410685,109.8130835394476,5.722949897143701,110.15465372841962,5.740750955222017,110.27245838806188,5.746890389095037,110.23415075961445,5.744893972718984,110.69285882496516,5.768799715011292,110.6293627794018,5.765490594861731,110.55236673930678,5.761477917450811,110.48439742825424,5.757935671398159,110.58164312503465,5.763003667236625,110.95900728833934,5.782670141667193,111.1901159058884,5.7947144536599104,111.08663557239345,5.789321537398538,111.08663557239345,111.08663557239345,5.789321537398538,5.789321537398538,111.50051466197151,5.810891000861239,111.40347697501099,5.805833845532291,111.63372399881662,5.817833255245003,111.84039744135039,5.828604118957851,111.8416446759612,5.828669119055814,111.98650263794956,5.836218445893211,111.71237231098232,5.821932041432511,112.5625828142893,5.866241079623787,113.4295464903236,5.911423215674138,113.65693328660686,5.923273563560359,113.74518610523236,5.927872892192216,113.77197253740864,5.929268877117938,113.87792530472902,5.934790645192326,113.79655410610458,5.930549954759196,114.47453644703,5.965883257888514,114.6110347379229,5.9729969173418995,114.44928455774162,5.964567246239012,115.33622225661107,6.01079033595577,115.01270056153527,5.993929881883441,114.93110017840303,5.989677247414017,114.89445200957663,5.987767314396425,115.12085434370123,5.999566356669252,114.6310934422746,5.974042284217197,114.21027414238407,5.952111129099787,113.94865788452806,5.938476900028619,113.6866969492028,5.9248247079622995,113.54408097670922,5.917392223245486,113.56036752497008,5.918241002796065,113.69865365923859,5.925447836375271,113.43474986473919,5.9116943914768445,113.3516052717118,5.9073612799315045,113.01789891234111,5.889970048272386,113.01789891234111,5.889970048272386,112.97319242188647,5.887640152810912,113.56793562899131,5.918635417366112,112.93692202853303,5.885749907703307,112.47736565324755,5.861799955421646,112.88343765481244,5.882962549574227,112.28116059566187,5.851574655503485,112.26240961018522,5.850597440886189,112.18437734765064,5.846530760355488,112.49506655136146,5.862722444343506,112.45546606399999,5.860658650141873,112.22515423410051,5.848655863035356,112.12712613130876,5.843547091815141,110.68793141801163,5.768542921356029,110.44784929262006,5.756030951647773,110.25532254738815,5.745997348352892,110.4236927768211,5.754772025797126,111.50793022069607,5.811277465476129,110.72756532290624,5.770608457124893,111.01958226194589,5.785827029059819,110.4284208001558,5.7550184285005646,111.11197666628239,5.7906421979791425,111.09288035536315,5.789646986597324,111.03149866188295,5.786448056696928,111.46334862301399,5.808954078848182,111.26120622330346,5.798419352125786,111.3687916664839,5.804026207712921,110.72348325083891,5.770395718413212,110.68556266948717,5.768419473141231,110.97827590513201,5.783674332834014,111.00805047193545,5.785226045512805,111.00805047193545,5.785226045512805,109.3039397673073,5.696415679139022,110.32428915082622,5.749591568671007,110.53628004807392,5.760639553523953,110.41937748315274,5.75454713265453,110.57433496075588,5.762622799523422,109.87146708546753,5.725992577468488,110.97353777169975,5.783427403239063,111.54555484911106,5.813238287050185,111.2299513427084,5.7967904923404,111.3009880482372,5.800492596802783,111.31744913729074,5.801350472612016,111.42925639039301,5.807177349401353,111.52329522153441,5.812078218238307,111.85601845471946,5.829418213908765,110.4652094671276,5.756935683631522,111.44171022778471,5.807826385792307,110.77170339080679,5.7729087290324825,111.32725166562523,5.801861335040385,111.26737096291947,5.798740629835274,110.90098732624851,5.779646409654781,111.04339185830983,5.78706787507443,110.14693027142903,5.7403484443738995,110.59580157926567,5.763741540371352,110.20950269987591,5.743609429872185,110.07850183669771,5.736782270919107,110.38779709443803,5.75290130889181,111.26942962302269,5.798847917676087,112.22183040662806,5.848482640524171,112.25248094355776,5.850080004713532,112.8595785899891,5.881719125492363,111.55232206592125,5.813590963083855,111.42995825200626,5.807213927181686,111.7158917317135,5.822115457359487,112.05146403068949,5.839603933158631,112.33231453704877,5.8542405622803715,111.14984024177632,5.792615472369536,111.3533043082434,5.8032190782489925,108.64528714125063,5.6620897513256,108.82416765629053,5.671412176233018,108.6085569373188,5.660175543017823,108.5302056652409,5.656092237185525,110.08638482226264,5.737193095658509,109.52456748701978,5.707913775223193,111.13237755061094,5.791705397691842,108.4048429174628,5.649558910724069,107.87206018069122,5.62179273924131,107.73692801425724,5.614750275874763,107.69209124394277,5.612413590829695,108.63668838810557,5.661641624091203,107.82478375814217,5.619328910808087,108.06141918692825,5.631661254634361,106.14431083630475,5.531750436320323,105.94134692461805,5.521172896194204,106.08851458803554,5.528842593984955,105.88913420996553,5.518451811052807,106.66585215557657,5.558930757128003,105.97863957067408,5.523116416383526,106.98303184065784,5.575460694978805,106.97909067214061,5.575255299508308,107.12466293109173,5.582841852198927,107.504279446396,5.6026257087958875,108.41689854462638,5.650187194240131,108.63372886737397,5.661487387561998,108.03508609635311,5.630288895775643,108.58305626380545,5.65884656588544,109.1931082099015,5.6906396510956245,109.2811238852147,5.695226620915116
Taze Fasulye,109.0,0.0055334419698066,3.253094404457535,100.0,0.55334419698066,100.0,0.55334419698066,100.0,0.55334419698066,100.0,0.55334419698066,101.24223602484473,0.5602180379369415,107.26855959775214,0.5935643497189023,108.2269135653904,0.5988673457853625,103.67956425592024,0.5737048522649693,100.49550477967148,0.5560860439247339,100.49550477967148,0.5560860439247339,100.49550477967148,0.5560860439247339,110.60807419067702,0.6120433599261743,110.60807419067702,0.6120433599261743,110.60807419067702,0.6120433599261743,111.53810088024798,0.6171896086432866,111.53810088024798,0.6171896086432866,111.53810088024798,0.6171896086432866,111.53810088024798,0.6171896086432866,111.53810088024798,0.6171896086432866,111.53810088024798,0.6171896086432866,111.53810088024798,0.6171896086432866,107.55459727738197,0.595147122620312,110.62912303389969,0.6121598324786786,110.62912303389969,0.6121598324786786,110.62912303389969,0.6121598324786786,110.62912303389969,0.6121598324786786,113.2631497728021,0.626735066585314,113.2631497728021,0.626735066585314,113.2631497728021,0.626735066585314,113.80038316949472,0.6297078164101547,113.2631497728021,0.626735066585314,113.2631497728021,0.626735066585314,113.2631497728021,0.626735066585314,113.2631497728021,0.626735066585314,115.06197689537501,0.6366887720817853,115.06197689537501,0.6366887720817853,115.06197689537501,0.6366887720817853,115.06197689537501,0.6366887720817853,115.06197689537501,0.6366887720817853,116.88937270090784,0.6468005607275693,118.22525124606105,0.6541925671358843,118.22525124606105,0.6541925671358843,122.44969386901758,0.6775682752447918,122.44969386901758,0.6775682752447918,122.44969386901758,0.6775682752447918,123.1788649156979,0.6816031009176604,123.1788649156979,0.6816031009176604,123.1788649156979,0.6816031009176604,122.55040131918922,0.6781255340762437,122.55040131918922,0.6781255340762437,122.55040131918922,0.6781255340762437,122.55040131918922,0.6781255340762437,122.55040131918922,0.6781255340762437,122.55040131918922,0.6781255340762437,121.9019864973946,0.6745375682874807,124.51547866842422,0.6889991755544169,124.51547866842422,0.6889991755544169,124.51547866842422,0.6889991755544169,124.51547866842422,0.6889991755544169,0.6889991755544169,124.51547866842422,124.51547866842422,0.6889991755544169,124.51547866842422,0.6889991755544169,126.42501063215047,0.699565459865187,126.84047491372512,0.7018644073578078,127.24867251667797,0.7041231451059615,127.00199011475661,0.7027581423499571,127.00199011475661,0.7027581423499571,127.00199011475661,0.7027581423499571,128.8668914182085,0.7130774654920248,131.67079650137669,0.7285927115585817,138.88996812718088,0.7685395788200436,137.91739360991122,0.7631578941674193,136.62823183575037,0.7560243923004073,136.22886215404293,0.753814503342179,136.22886215404293,0.753814503342179,132.86671516482141,0.7352102580833618,131.7364585105534,0.728956048475982,130.82811342325752,0.7239297736468714,129.3693748408356,0.7158579283519217,128.6825999242125,0.712057699204469,128.6825999242125,0.712057699204469,128.6825999242125,0.712057699204469,127.74331735689135,0.7068602336249464,128.20170523790046,0.7093966963641729,127.64054272104039,0.7062915361414972,121.56629899885547,0.6726800609943249,118.8074794080524,0.6574142928834505,120.56362609203796,0.667131828649753,120.49296096478608,0.6667408072688156,117.70461073550189,0.6513116330835746,118.00546982358308,0.6529764193885609,117.56759542769709,0.6505534668288615,115.32732821765221,0.6381570782252177,116.90847545875623,0.6469062647295866,117.709832660188,0.6513405283007959,117.67366638370544,0.6511404043086156,114.32266204264833,0.6325978162468062,116.78952548696238,0.6462480619633552,116.78342272394644,0.6462142926783511,115.67610925290481,0.640087037843957,114.21438783826127,0.6319986872200034,114.21438783826127,0.6319986872200034,114.21438783826127,0.6319986872200034,115.81941728448723,0.6408800245205255,116.65969329833965,0.6455296430817983,117.11867359569175,0.6480693839224807,116.05119088035978,0.6421625302634197,117.53719104381113,0.6503852259350009,117.2638648537087,0.6488727913232407,117.43497778665774,0.6498196348079976,118.69554788867329,0.6567949263163739,124.04117014239392,0.6863746168498438,123.99981056567704,0.6861457560321852,125.97778375077313,0.6970907558697479,126.05907607921661,0.6975405822517804,126.20462530743318,0.6983459704598669,125.14075185264663,0.6924590884345878,128.17348095308796,0.7092405189220238,130.11747451060126,0.7199974944622014,130.63037266698063,0.7228355866469475,132.1335594144611,0.731153383283913,134.50788008200877,0.7442915489155005,134.57302985799976,0.7446520514202926,134.69726397985661,0.7453394937242573,136.90001696998686,0.7575282995689611,141.9338987311899,0.785382992177446,143.0013467898655,0.79128965406591,142.84736020656533,0.7904375782430897,144.28671195979422,0.7984021476437212,144.06040026213836,0.7971498649976541,143.15637737433272,0.7921475068086046,143.96775586732872,0.796637222615147,145.48743905182522,0.8050463013290493,145.2414324869644,0.8036850382782006,143.53097025411182,0.794220294771165,142.4011053003283,0.7879682526156857,142.6535485149947,0.7893651324947136,142.1621608718827,0.7866460674868733,143.80319687253433,0.7957266449668426,144.2088563085982,0.7979713379158065,143.64595599990076,0.794856561722843,141.93240302069105,0.7853747157501969,140.80490846728614,0.7791357900676578,140.80490846728614,0.7791357900676578,140.80490846728614,0.7791357900676578,140.38759613129105,0.7768266164731445,142.098440558458,0.7862934748302399,141.92189126644163,0.7853165495680569,142.0916919047623,0.7862561315466404,141.16375621025958,0.7811214532293974,141.16375621025958,141.16375621025958,0.7811214532293974,0.7811214532293974,140.41517870400705,0.7769792430386464,140.9476242321461,0.7799254994706869,138.30534252846692,0.7653045869954965,135.13287137308532,0.7477499019563071,133.52298746012227,0.7388417027458009,133.2837031793924,0.7375176370640952,132.07989646305828,0.7308564424563969,130.8182433096225,0.7238751579458365,130.7313009875203,0.7233940676517638,129.59085977685504,0.7170835023925716,128.48098461354104,0.710942072582644,126.8019726324517,0.701651357218676,126.11515425560114,0.6978508875865768,125.24923458699332,0.6930593713498212,126.47946236419865,0.6998667653646311,125.26870208751022,0.6931670936342287,124.87619019379828,0.6909951518479147,122.96375020819144,0.6804127761668215,122.3040916460021,0.6767625937930608,120.87722199879538,0.668867093401764,123.67669518326258,0.6843578158140429,123.04444667696666,0.6808593053939574,120.49072747471794,0.6667284483811334,120.21039947312948,0.6651772696518319,119.30601596326815,0.6601729159815641,119.26736563371914,0.6599590466258908,117.92725344910515,0.6525436136192986,116.48308139583136,0.6445523713680916,114.35720948890426,0.6327889825358683,112.74250376150067,0.6238541020949663,100.22926377223742,0.5546128147601147,93.11926021158614,0.5152700226521325,89.05638681628454,0.49278834848856,88.14652907392122,0.4877537034704133,88.14652907392122,0.4877537034704133,86.2251576503335,0.477121906195546,83.55589982385135,0.4623517229102549,83.55589982385135,0.4623517229102549,80.60091445901718,0.44600048287231725,80.60091445901718,0.44600048287231725,80.60091445901718,0.44600048287231725,80.60091445901718,0.44600048287231725,80.60091445901718,0.44600048287231725,77.9228327776793,0.43118147329823203,77.9228327776793,0.43118147329823203,77.9228327776793,0.43118147329823203,72.1461533447158,0.3992165528777532,70.39454007553104,0.3895241024991761,69.4785124244071,0.38445531664894356,69.4785124244071,0.38445531664894356,70.68047079288415,0.3911062835310347,68.84414516778548,0.3809450822468824,63.787298727527485,0.3529633159194917,63.29388311444897,0.35023302925752514,62.863768576652646,0.34785301542225905,63.02771340610164,0.3487601946222649,62.45044777185107,0.34556592873397574,59.86084263952821,0.3312364990095539,58.010377062891,0.3209970551241072,56.78742590318328,0.31422992584995685,55.866957769794254,0.3091365688487924,55.866957769794254,0.3091365688487924,56.51089403436339,0.3126997528010398,56.51089403436339,0.3126997528010398,54.42912242837884,0.30118039042493316,54.42912242837884,0.30118039042493316,54.00782781426533,0.29884918112554404,54.00782781426533,0.29884918112554404,54.00782781426533,0.29884918112554404,54.00782781426533,0.29884918112554404,56.052764579654855,0.31016472004875095,57.454663460185884,0.3179220461517062,59.1552821564473,0.32733232102023696,59.1552821564473,0.32733232102023696,58.84353865265096,0.32560730643251573,60.639777666995165,0.335546690782292,60.72134068962831,0.3359980150349145,61.1435345016461,0.3383341999937264,61.31363841186681,0.3392754601097699,61.155156008395416,0.3383985069269254,59.71583168372627,0.33043408930063767,59.71583168372627,0.33043408930063767,59.71583168372627,0.33043408930063767,61.14847554835093,0.33836154098893767,58.97374846805414,0.32632781488994844,61.38773157483385,0.33968545032740743,61.39348520469484,0.33971728770435894,61.39348520469484,0.33971728770435894,61.39348520469484,0.33971728770435894,65.11056378405772,0.36028552632047456,65.11056378405772,0.36028552632047456,62.48504292488432,0.3457573590057218,62.48504292488432,0.3457573590057218,62.48504292488432,0.3457573590057218,63.61504097083165,0.3520101376189662,62.21331668922904,0.34425377764904935,62.21331668922904,0.34425377764904935,62.21331668922904,0.34425377764904935,62.44819621086036,0.34555346985189217,61.52789220187469,0.3404610210235896,57.165805694742986,0.3163236684691,56.290677490893195,0.31148119733695606,56.25833630786213,0.3113022392774188,56.25833630786213,0.3113022392774188,57.04839572934664,0.3156739872389023,57.04839572934664,0.3156739872389023,56.35960145823983,0.31186258411059753,53.799639050466006,0.29769718068229467,53.440214399989294,0.29570832523636376,52.829705891147746,0.2923301118306159,52.829705891147746,0.2923301118306159,55.12838182262176,0.3050497017048185,55.772925518436,0.30861624684261124,54.77805989487098,0.3031112156468588,53.56747147375577,0.29641249486929794,53.56747147375577,0.29641249486929794,54.91592815920971,0.3038741016870551,56.198525179172435,0.3109712778676657,56.198525179172435,0.3109712778676657,56.198525179172435,0.3109712778676657,56.198525179172435,0.3109712778676657,56.808758721435495,0.3143479697618079,51.854648266102835,0.28693468704521247,53.20040541267902,0.2943813561212443,53.20040541267902,0.2943813561212443,53.20040541267902,0.2943813561212443,53.20040541267902,0.2943813561212443,55.10269581074433,0.30490756964865895,52.26534984540837,0.2892072804012076,52.19103242784918,0.2887960492837979,53.88885598338816,0.29819085740334356
Tereyağı (Kahvaltılık),110.0,0.0127787890197132,0.0,100.0,1.27787890197132,100.0,1.27787890197132,100.0,1.27787890197132,100.0,1.27787890197132,100.07309941520472,1.2788130239756856,100.07309941520472,1.2788130239756856,100.07309941520472,1.2788130239756856,100.07309941520472,1.2788130239756856,100.25341269692538,1.281117209360246,100.25341269692538,1.281117209360246,100.25341269692538,1.281117209360246,100.25341269692538,1.281117209360246,100.25341269692538,1.281117209360246,100.25341269692538,1.281117209360246,100.25341269692538,1.281117209360246,100.25341269692538,1.281117209360246,100.25341269692538,1.281117209360246,100.25341269692538,1.281117209360246,100.25341269692538,1.281117209360246,100.34864700423698,1.2823341884808195,100.34864700423698,1.2823341884808195,100.23904040440443,1.2809335488663913,100.23904040440443,1.2809335488663913,100.23904040440443,1.2809335488663913,100.23904040440443,1.2809335488663913,100.7312600880643,1.2872235203552307,100.7312600880643,1.2872235203552307,100.6481621998544,1.2861616299738126,100.6481621998544,1.2861616299738126,100.76578694322764,1.287664731752877,100.6481621998544,1.2861616299738126,100.6481621998544,1.2861616299738126,100.6481621998544,1.2861616299738126,100.6481621998544,1.2861616299738126,100.6481621998544,1.2861616299738126,100.53664069049168,1.2847365201345065,100.97376802646454,1.2903224781356528,100.97376802646454,1.2903224781356528,100.97376802646454,1.2903224781356528,100.97376802646454,1.2903224781356528,100.97376802646454,1.2903224781356528,100.99222101436192,1.2905582849747768,100.99222101436192,1.2905582849747768,100.99222101436192,1.2905582849747768,100.99222101436192,1.2905582849747768,100.99222101436192,1.2905582849747768,100.99222101436192,1.2905582849747768,100.99222101436192,1.2905582849747768,100.99222101436192,1.2905582849747768,100.67933845750517,1.286560024792756,100.35799749022836,1.282453676368535,100.35799749022836,1.282453676368535,100.35799749022836,1.282453676368535,100.35799749022836,1.282453676368535,100.35799749022836,1.282453676368535,100.35799749022836,1.282453676368535,100.35799749022836,1.282453676368535,100.78089579830734,1.2878578046242701,100.78089579830734,1.2878578046242701,1.2878578046242701,100.78089579830734,100.78089579830734,1.2878578046242701,100.78089579830734,1.2878578046242701,100.78089579830734,1.2878578046242701,100.8987681910539,1.2893640710624272,100.8987681910539,1.2893640710624272,100.8987681910539,1.2893640710624272,100.8987681910539,1.2893640710624272,100.8987681910539,1.2893640710624272,100.8987681910539,1.2893640710624272,100.8987681910539,1.2893640710624272,101.92767719495998,1.3025122821438262,101.92767719495998,1.3025122821438262,101.92767719495998,1.3025122821438262,101.92767719495998,1.3025122821438262,103.01544428209158,1.3164126282528688,103.01544428209158,1.3164126282528688,104.38923910329112,1.3339680624293524,104.38923910329112,1.3339680624293524,104.91218896537002,1.3406507283847469,104.91218896537002,1.3406507283847469,105.30145476610902,1.3456250739249802,107.28135405741013,1.3709257892487967,107.51890827448128,1.373961444469492,107.51890827448128,1.373961444469492,107.51890827448128,1.373961444469492,111.55445621480591,1.4255308601778387,111.41563262144174,1.4237568627672796,111.41563262144174,1.4237568627672796,111.45583500145588,1.4242706004995707,111.45583500145588,1.4242706004995707,111.45583500145588,1.4242706004995707,111.7172658522087,1.427611370184585,112.38679034181594,1.436167082380807,112.89882956845562,1.4427103236278527,112.89882956845562,1.4427103236278527,112.89882956845562,1.4427103236278527,113.07442663041094,1.4449542414350611,113.34122318410031,1.4483635783058444,113.12679388943612,1.4456234315896845,113.94644511799537,1.456097581709192,113.94644511799537,1.456097581709192,113.94644511799537,1.456097581709192,113.94644511799537,1.456097581709192,113.94644511799537,1.456097581709192,113.94644511799537,1.456097581709192,113.94644511799537,1.456097581709192,114.19521530033172,1.459276563383664,114.94281439336558,1.4688299744648725,114.94281439336558,1.4688299744648725,114.9466898669154,1.4688794983237172,114.96054262375117,1.4690565197806627,114.96054262375117,1.4690565197806627,114.98001952526202,1.4693054109958277,115.35285236226738,1.4740697631595403,115.62582661293514,1.477558043516638,115.62582661293514,1.477558043516638,116.03056561355014,1.4827301178135466,116.03056561355014,1.4827301178135466,116.03056561355014,1.4827301178135466,116.03056561355014,1.4827301178135466,116.03056561355014,1.4827301178135466,116.41184782163612,1.4876024427076475,116.41184782163612,1.4876024427076475,116.26492036607421,1.4857248877518188,116.26492036607421,1.4857248877518188,116.26492036607421,1.4857248877518188,116.58288977173798,1.4897881517015197,116.26650296623018,1.4857451114653144,116.6379330256566,1.490491537830304,116.6379330256566,1.490491537830304,116.6379330256566,1.490491537830304,116.6379330256566,1.490491537830304,116.6379330256566,1.490491537830304,116.6379330256566,1.490491537830304,116.37732548982936,1.4871612891130206,116.37732548982936,1.4871612891130206,116.37732548982936,1.4871612891130206,116.37732548982936,1.4871612891130206,116.37732548982936,1.4871612891130206,116.79824009455464,1.492540068042121,116.77091494320628,1.4921908856981085,117.26035726825721,1.498445365907252,117.26035726825721,1.498445365907252,117.26035726825721,1.498445365907252,117.26035726825721,1.498445365907252,117.59574251401766,1.5027311832031496,117.59574251401766,1.5027311832031496,117.59574251401766,1.5027311832031496,117.68435472337984,1.5038635399311595,117.68435472337984,1.5038635399311595,117.68435472337984,117.68435472337984,1.5038635399311595,1.5038635399311595,117.68435472337984,1.5038635399311595,117.82288358159066,1.5056337709833774,117.82288358159066,1.5056337709833774,117.82288358159066,1.5056337709833774,119.5076308437096,1.5271628007975349,119.5076308437096,1.5271628007975349,119.5076308437096,1.5271628007975349,119.5076308437096,1.5271628007975349,119.5076308437096,1.5271628007975349,119.5076308437096,1.5271628007975349,120.0738521985777,1.5343984240298505,120.14739968216286,1.535338271805516,120.14739968216286,1.535338271805516,120.14739968216286,1.535338271805516,120.0178847410147,1.533683227697683,120.0178847410147,1.533683227697683,120.0178847410147,1.533683227697683,120.24152669086992,1.5365411009908403,120.24152669086992,1.5365411009908403,120.24152669086992,1.5365411009908403,121.0336396963241,1.5466633459673103,120.80528450364503,1.5437452431385084,120.80528450364503,1.5437452431385084,121.20041511186163,1.5487945338161393,121.20041511186163,1.5487945338161393,121.20041511186163,1.5487945338161393,121.20041511186163,1.5487945338161393,121.20041511186163,1.5487945338161393,121.20041511186163,1.5487945338161393,121.20041511186163,1.5487945338161393,120.73984639533246,1.542909023358533,120.6209572091249,1.541389763531261,120.05743436201124,1.5341886239602074,120.05743436201124,1.5341886239602074,120.24897134579837,1.5366362346654954,120.24897134579837,1.5366362346654954,120.24897134579837,1.5366362346654954,120.24897134579837,1.5366362346654954,119.69698887942306,1.5295825671851044,119.517545265503,1.5272894951018852,119.517545265503,1.5272894951018852,120.06870022794926,1.5343325880841538,119.92731395770171,1.5325258427663764,119.92731395770171,1.5325258427663764,120.73023057601915,1.5427861448322764,120.56401509042732,1.5406621122100892,120.28934585242573,1.5371521719674615,120.28934585242573,1.5371521719674615,120.42690210997648,1.538909974361044,120.24264516927576,1.5365553937904115,120.63409956197606,1.5415577068855686,120.65924651659918,1.5418790545131857,120.65924651659918,1.5418790545131857,120.38407233303914,1.5383626616778003,120.38407233303914,1.5383626616778003,120.38407233303914,1.5383626616778003,120.84212254618177,1.5442159887119846,120.50029312269233,1.5398478226284829,120.86083572598278,1.5444551204885497,120.53612248147604,1.5403056784450915,120.63476708748988,1.541566237053275,119.79134952461841,1.5307883819618198,119.989569800746,1.5333213970498836,119.989569800746,1.5333213970498836,119.91064274237996,1.5323128048230774,119.91064274237996,1.5323128048230774,120.01521968618654,1.5336491715243081,120.01521968618654,1.5336491715243081,120.12487503572189,1.5350504341009032,120.28467451658248,1.5370924779522805,119.94274380403513,1.5327230175172777,120.16946855771104,1.5356202853100485,119.97730851526454,1.5331647126696055,119.97730851526454,1.5331647126696055,119.4205635891401,1.5260501867208656,119.4205635891401,1.5260501867208656,119.4205635891401,1.5260501867208656,120.23917515669606,1.53651105123176,120.53436594703312,1.5402832320620397,120.53436594703312,1.5402832320620397,119.84372751547549,1.531457709256259,119.69654346996525,1.5295768753916157,119.60509860856405,1.5284083208008328,119.59133848642284,1.5282324831031049,119.73367089668146,1.530051318944467,119.82011803676144,1.5311560087089067,120.36481300374697,1.5381165507721144,119.84991335366108,1.5315367567773426,119.47473732843434,1.5267424615057157,119.47473732843434,1.5267424615057157,119.64434550617426,1.528909848625072,118.75746202255361,1.5175765517028155,118.24603838543881,1.511041176944431,117.93746680950281,1.5070980058780645,118.10525510049168,1.5092421370485896,117.99028286854785,1.5077729311534538,117.99028286854785,1.5077729311534538,117.99028286854785,1.5077729311534538,118.07302723206965,1.5088303039174693,118.20496139282628,1.5105162627222712,117.75502152268335,1.5047665760501576,117.46361738564346,1.5010427840634533,117.5036440653803,1.50155427655897,117.5036440653803,1.50155427655897,117.5036440653803,1.50155427655897,117.63443250721646,1.5032255944634112,117.56033192942878,1.5022786788136238,118.5857818578312,1.5153826870989582,118.4903655038645,1.5141633816425875,118.43933554116452,1.5135112805155606,118.43933554116452,1.5135112805155606,118.90811204355245,1.519501676536975,118.97039949162738,1.5202976346945007,118.953606466545,1.5200830401699703,120.6122915233246,1.541279026560708,120.40398159769103,1.5386170779703243,120.40398159769103,1.5386170779703243,120.34834842643558,1.5379061534123533,120.08304654605604,1.5345159166564502,120.60164480756322,1.5411429744262404,120.52701457700633,1.5401892904554613,120.59613209945846,1.5410725286924423,120.84209013480114,1.5442155745337895,120.742525854558,1.542943263602663,120.742525854558,1.542943263602663,121.31582115358448,1.5502692832749156,121.1336744889547,1.5479416694769672,120.43685410682947,1.5390371488291532,119.89387432975927,1.5320985248160022,120.61469029529195,1.541309679961585,120.61469029529195,1.541309679961585
Toz Şeker,111.0,0.011700675615228,0.12160220385992737,100.0,1.1700675615228,100.0,1.1700675615228,100.0,1.1700675615228,100.0,1.1700675615228,100.0,1.1700675615228,100.0,1.1700675615228,100.0,1.1700675615228,99.94189094728418,1.169387646346664,99.98196387869854,1.1698565267180947,99.98196387869854,1.1698565267180947,99.98196387869854,1.1698565267180947,99.98196387869854,1.1698565267180947,99.98196387869854,1.1698565267180947,99.98196387869854,1.1698565267180947,101.0728982538579,1.1826211959593358,101.0728982538579,1.1826211959593358,101.0728982538579,1.1826211959593358,101.0728982538579,1.1826211959593358,101.0728982538579,1.1826211959593358,101.8129812999582,1.191280667610085,101.8129812999582,1.191280667610085,101.8129812999582,1.191280667610085,102.37365624472324,1.1978409432643669,102.37365624472324,1.1978409432643669,101.93139738881445,1.1926662158534163,102.43481441619753,1.1985565351900078,102.77801098962944,1.2025721669679925,104.12526420320766,1.218335939791645,104.12526420320766,1.218335939791645,104.19793985505063,1.2191862940189846,104.12526420320766,1.218335939791645,104.12526420320766,1.218335939791645,104.12526420320766,1.218335939791645,104.36230866138705,1.2211095201031892,104.47801908396963,1.2224634102231289,105.42908242152542,1.2335914938254053,105.31583065516908,1.2322663716444182,105.31583065516908,1.2322663716444182,105.31583065516908,1.2322663716444182,105.31583065516908,1.2322663716444182,105.31583065516908,1.2322663716444182,105.31583065516908,1.2322663716444182,105.80611873544213,1.238003073429706,106.2209772431048,1.2428571982540846,106.2209772431048,1.2428571982540846,106.2209772431048,1.2428571982540846,106.55426134853955,1.2467568474594881,106.55426134853955,1.2467568474594881,106.55426134853955,1.2467568474594881,106.90502850847518,1.2508610602143697,106.90502850847518,1.2508610602143697,106.90502850847518,1.2508610602143697,106.90502850847518,1.2508610602143697,106.90502850847518,1.2508610602143697,106.90502850847518,1.2508610602143697,106.90502850847518,1.2508610602143697,106.90502850847518,1.2508610602143697,106.90502850847518,1.2508610602143697,106.90502850847518,1.2508610602143697,1.2508610602143697,106.90502850847518,106.90502850847518,1.2508610602143697,106.90502850847518,1.2508610602143697,106.90502850847521,1.25086106021437,106.90502850847521,1.25086106021437,106.90502850847521,1.25086106021437,106.90502850847521,1.25086106021437,106.90502850847521,1.25086106021437,106.90502850847521,1.25086106021437,106.90502850847521,1.25086106021437,106.90502850847521,1.25086106021437,106.18781382868197,1.2424691638996297,106.18781382868197,1.2424691638996297,106.18781382868197,1.2424691638996297,106.18781382868197,1.2424691638996297,106.18781382868197,1.2424691638996297,106.18781382868197,1.2424691638996297,106.18781382868197,1.2424691638996297,106.18781382868197,1.2424691638996297,106.18781382868197,1.2424691638996297,106.18781382868197,1.2424691638996297,106.18781382868197,1.2424691638996297,106.18781382868197,1.2424691638996297,106.18781382868197,1.2424691638996297,106.18781382868197,1.2424691638996297,106.18781382868197,1.2424691638996297,106.62687562601761,1.247606483565293,106.62687562601761,1.247606483565293,106.62687562601761,1.247606483565293,106.62687562601761,1.247606483565293,106.62687562601761,1.247606483565293,106.62687562601761,1.247606483565293,106.62687562601761,1.247606483565293,106.62687562601761,1.247606483565293,107.09223232797333,1.2530514713802492,107.09223232797333,1.2530514713802492,107.09223232797333,1.2530514713802492,107.09223232797333,1.2530514713802492,107.09223232797333,1.2530514713802492,107.19401297772289,1.254242373746876,106.39242370181061,1.2448632376527808,106.39242370181061,1.2448632376527808,106.39242370181061,1.2448632376527808,107.29901237977697,1.2554709376901036,107.29901237977697,1.2554709376901036,107.29901237977697,1.2554709376901036,107.29901237977697,1.2554709376901036,107.29901237977697,1.2554709376901036,107.29901237977697,1.2554709376901036,107.29901237977697,1.2554709376901036,107.29901237977697,1.2554709376901036,107.29901237977697,1.2554709376901036,107.29901237977697,1.2554709376901036,107.91637627842381,1.2626945124047229,108.76990502540838,1.2726813754014612,108.11174639474304,1.2649804747606834,108.11174639474304,1.2649804747606834,108.11174639474304,1.2649804747606834,108.11174639474304,1.2649804747606834,108.11174639474304,1.2649804747606834,108.11174639474304,1.2649804747606834,108.11174639474304,1.2649804747606834,108.11174639474304,1.2649804747606834,108.11174639474304,1.2649804747606834,108.11174639474304,1.2649804747606834,108.11174639474304,1.2649804747606834,108.11174639474304,1.2649804747606834,108.39021796072,1.2682387802222443,108.62250082190303,1.2709566466319242,108.62250082190303,1.2709566466319242,108.62250082190303,1.2709566466319242,109.2115662498951,1.2778491101210048,109.86551399086288,1.28550074050738,109.86551399086288,1.28550074050738,109.86551399086288,1.28550074050738,109.86551399086288,1.28550074050738,109.86551399086288,1.28550074050738,109.86551399086288,1.28550074050738,110.08914397670534,1.2881173624295605,110.08914397670534,1.2881173624295605,110.08914397670534,1.2881173624295605,110.47509119234904,1.2926332056044079,110.95995401312435,1.2983064281881842,110.31552657416115,1.2907661917673239,110.31552657416115,1.2907661917673239,111.03707901516955,1.299208842818939,109.88656906654086,1.285747099117942,109.88656906654086,1.285747099117942,111.03707901516948,1.2992088428189381,111.03707901516948,1.2992088428189381,111.03707901516948,1.2992088428189381,111.03707901516948,111.03707901516948,1.2992088428189381,1.2992088428189381,111.03707901516948,1.2992088428189381,111.03707901516948,1.2992088428189381,111.7140091721252,1.3071293829996424,111.7140091721252,1.3071293829996424,111.7140091721252,1.3071293829996424,111.7140091721252,1.3071293829996424,111.7140091721252,1.3071293829996424,111.7140091721252,1.3071293829996424,111.7140091721252,1.3071293829996424,110.5609974628781,1.2936383670091827,110.5609974628781,1.2936383670091827,110.5609974628781,1.2936383670091827,110.5609974628781,1.2936383670091827,110.5609974628781,1.2936383670091827,110.5609974628781,1.2936383670091827,110.5609974628781,1.2936383670091827,110.5609974628781,1.2936383670091827,110.5609974628781,1.2936383670091827,109.9444124595392,1.2864239058958997,109.9444124595392,1.2864239058958997,109.9444124595392,1.2864239058958997,109.9444124595392,1.2864239058958997,109.9444124595392,1.2864239058958997,112.0836165360478,1.3114540388699003,112.0836165360478,1.3114540388699003,112.0836165360478,1.3114540388699003,112.0836165360478,1.3114540388699003,112.0836165360478,1.3114540388699003,112.0836165360478,1.3114540388699003,112.68795723289162,1.3185252333247506,112.68795723289162,1.3185252333247506,112.68795723289162,1.3185252333247506,112.77547551776412,1.3195492563864448,112.77547551776412,1.3195492563864448,112.77547551776412,1.3195492563864448,112.84491769857026,1.3203617768180715,112.2041857474772,1.3128647801020195,112.62557829450606,1.317795357601479,112.62557829450606,1.317795357601479,112.62557829450606,1.317795357601479,112.62557829450606,1.317795357601479,112.62557829450606,1.317795357601479,112.1089480274652,1.3117504344338253,112.12894536813178,1.311984416830132,112.69336507390963,1.3185885087182811,111.73210815096029,1.3073411532799586,111.73210815096029,1.3073411532799586,111.73210815096029,1.3073411532799586,111.83822907200967,1.3085828397531467,111.89640130611555,1.3092634941942327,111.37657851126359,1.3031812162942686,112.10734834376154,1.3117317170537217,112.1953054247447,1.3127608743263681,112.1953054247447,1.3127608743263681,112.16857587099858,1.312448120488645,112.1919141550795,1.3127211941800918,112.09273248651898,1.311560701649288,112.41818602995257,1.3153687279888309,112.50535307953488,1.31638864136033,112.46770277961733,1.3159481074141788,112.28790224636136,1.3138443196991056,112.10423710917546,1.311695313507067,112.0789864889109,1.3113998641902682,112.0789864889109,1.3113998641902682,112.0351053679629,1.310886425428423,112.0351053679629,1.310886425428423,112.22511841139689,1.3131097064123065,112.22511841139689,1.3131097064123065,112.1526060980669,1.3122612633559223,112.1526060980669,1.3122612633559223,112.20666751991143,1.3128938185162233,112.03461167299578,1.3108806488637599,112.30668989241175,1.314064147851115,112.79556099471995,1.3197842700368823,112.76838951036787,1.3194663453124942,112.76838951036787,1.3194663453124942,112.76838951036787,1.3194663453124942,112.8832704547889,1.3208105299775357,112.8832704547889,1.3208105299775357,112.51883716519026,1.3165464142725516,112.25969605114608,1.3135142881585518,112.25291475566435,1.3134349424198692,112.25291475566435,1.3134349424198692,112.37318006637965,1.3148421278083133,112.37318006637965,1.3148421278083133,112.07394129488839,1.311340832011595,112.32597048161695,1.3142897437710754,112.65562794356283,1.3181469587974437,112.45649132151034,1.3158169257796952,112.45649132151034,1.3158169257796952,112.45649132151034,1.3158169257796952,113.22526235936321,1.324812066315994,113.22526235936321,1.324812066315994,113.22526235936321,1.324812066315994,113.22526235936321,1.324812066315994,113.22526235936321,1.324812066315994,113.22526235936321,1.324812066315994,113.22526235936321,1.324812066315994,113.22526235936321,1.324812066315994,112.83794958783382,1.3202802452146936,111.80134721210777,1.3081512970743483,112.08278708449618,1.3114443337263562,112.08278708449618,1.3114443337263562,112.08278708449618,1.3114443337263562,112.08278708449618,1.3114443337263562,112.08278708449618,1.3114443337263562,112.08278708449618,1.3114443337263562,112.15793927975093,1.3123236651848043,112.03421760350314,1.3108760379844566,111.3488044312192,1.3028562407931579,111.3488044312192,1.3028562407931579,111.45831862260671,1.304137630821847,111.45831862260671,1.304137630821847,111.45831862260671,1.304137630821847,111.45831862260671,1.304137630821847,111.59235184882728,1.3057059101235164,111.59235184882728,1.3057059101235164,111.59235184882728,1.3057059101235164,111.33350706240222,1.302677251242864,110.52717509412228,1.293242622443832,110.7140032512848,1.2954286381065814,110.43985044114466,1.2922208650061284,111.34190638387904,1.302775528978852,112.154503902314,1.312283468947799,112.154503902314,1.312283468947799,112.154503902314,1.312283468947799,112.154503902314,1.312283468947799,112.154503902314,1.312283468947799,112.46404733063844,1.3159053361914488,112.46404733063844,1.3159053361914488,112.60080609074257,1.317505506080968
Tulum Peyniri,112.0,0.0054992888912832,1.7190968115321947,100.0,0.5499288891283199,100.0,0.5499288891283199,100.0,0.5499288891283199,100.0,0.5499288891283199,100.0,0.5499288891283199,100.0,0.5499288891283199,100.0,0.5499288891283199,100.0,0.5499288891283199,99.64617425917736,0.547983099162364,99.64617425917736,0.547983099162364,101.08075209168564,0.5558722571003579,101.08075209168564,0.5558722571003579,101.08075209168564,0.5558722571003579,101.08075209168564,0.5558722571003579,101.08075209168564,0.5558722571003579,101.08075209168564,0.5558722571003579,101.08075209168564,0.5558722571003579,101.08075209168564,0.5558722571003579,101.08075209168564,0.5558722571003579,101.08075209168564,0.5558722571003579,101.08075209168564,0.5558722571003579,100.70864245777555,0.5538259187242567,100.70864245777555,0.5538259187242567,100.70864245777555,0.5538259187242567,100.70864245777555,0.5538259187242567,100.70864245777555,0.5538259187242567,100.70864245777555,0.5538259187242567,100.70864245777555,0.5538259187242567,100.70864245777555,0.5538259187242567,100.76671881036256,0.5541452973648847,100.70864245777555,0.5538259187242567,100.70864245777555,0.5538259187242567,100.70864245777555,0.5538259187242567,100.70864245777555,0.5538259187242567,101.32104079711172,0.5571936741088084,101.32104079711172,0.5571936741088084,101.32104079711172,0.5571936741088084,101.32104079711172,0.5571936741088084,101.32104079711172,0.5571936741088084,101.32104079711172,0.5571936741088084,101.32104079711172,0.5571936741088084,101.32104079711172,0.5571936741088084,101.32104079711172,0.5571936741088084,101.873000532559,0.5602290601503892,101.873000532559,0.5602290601503892,101.873000532559,0.5602290601503892,101.873000532559,0.5602290601503892,101.873000532559,0.5602290601503892,100.12999322597658,0.550643759431875,99.76138363066067,0.5486166687791338,99.76138363066067,0.5486166687791338,99.76138363066067,0.5486166687791338,99.76138363066067,0.5486166687791338,99.76138363066067,0.5486166687791338,99.76138363066067,0.5486166687791338,99.76138363066067,0.5486166687791338,100.4511682233598,0.5524099935271425,100.4511682233598,0.5524099935271425,100.4511682233598,0.5524099935271425,0.5524099935271425,100.4511682233598,100.4511682233598,0.5524099935271425,100.4511682233598,0.5524099935271425,100.4511682233598,0.5524099935271425,100.4511682233598,0.5524099935271425,100.4511682233598,0.5524099935271425,100.4511682233598,0.5524099935271425,100.4511682233598,0.5524099935271425,100.4511682233598,0.5524099935271425,100.4511682233598,0.5524099935271425,100.4511682233598,0.5524099935271425,100.4511682233598,0.5524099935271425,100.4511682233598,0.5524099935271425,100.4511682233598,0.5524099935271425,100.4511682233598,0.5524099935271425,100.4511682233598,0.5524099935271425,100.4511682233598,0.5524099935271425,100.4511682233598,0.5524099935271425,100.4511682233598,0.5524099935271425,100.4511682233598,0.5524099935271425,100.4511682233598,0.5524099935271425,100.4511682233598,0.5524099935271425,100.4511682233598,0.5524099935271425,100.4511682233598,0.5524099935271425,100.4511682233598,0.5524099935271425,100.4511682233598,0.5524099935271425,100.4511682233598,0.5524099935271425,100.4511682233598,0.5524099935271425,100.4511682233598,0.5524099935271425,100.4511682233598,0.5524099935271425,100.4511682233598,0.5524099935271425,100.4511682233598,0.5524099935271425,100.4511682233598,0.5524099935271425,100.4511682233598,0.5524099935271425,100.4511682233598,0.5524099935271425,100.4511682233598,0.5524099935271425,100.4511682233598,0.5524099935271425,100.4511682233598,0.5524099935271425,100.4511682233598,0.5524099935271425,100.4511682233598,0.5524099935271425,100.4511682233598,0.5524099935271425,100.4511682233598,0.5524099935271425,100.4511682233598,0.5524099935271425,100.4511682233598,0.5524099935271425,101.49254034565362,0.558136799670965,101.49254034565362,0.558136799670965,101.49254034565362,0.558136799670965,101.49254034565362,0.558136799670965,101.49254034565362,0.558136799670965,101.49254034565362,0.558136799670965,101.49254034565362,0.558136799670965,101.49254034565362,0.558136799670965,101.49254034565362,0.558136799670965,102.84307054907518,0.5655637554159836,104.21153484495487,0.5730893359164324,101.81188503234829,0.5598929683589952,101.81188503234829,0.5598929683589952,101.81188503234829,0.5598929683589952,101.81188503234829,0.5598929683589952,101.81188503234829,0.5598929683589952,101.81188503234829,0.5598929683589952,101.81188503234829,0.5598929683589952,101.81188503234829,0.5598929683589952,101.81188503234829,0.5598929683589952,101.81188503234829,0.5598929683589952,99.8684377084032,0.54920539007963,99.8684377084032,0.54920539007963,99.8684377084032,0.54920539007963,99.8684377084032,0.54920539007963,99.8684377084032,0.54920539007963,99.8684377084032,0.54920539007963,99.8684377084032,0.54920539007963,101.62866985814718,0.5588854151867966,101.62866985814718,0.5588854151867966,101.62866985814718,0.5588854151867966,101.62866985814718,0.5588854151867966,101.62866985814718,0.5588854151867966,101.62866985814718,0.5588854151867966,101.62866985814718,0.5588854151867966,101.62866985814718,0.5588854151867966,101.62866985814718,0.5588854151867966,101.62866985814718,0.5588854151867966,101.62866985814718,0.5588854151867966,101.62866985814718,0.5588854151867966,101.62866985814718,0.5588854151867966,101.62866985814718,0.5588854151867966,101.62866985814718,0.5588854151867966,101.62866985814718,0.5588854151867966,101.62866985814718,0.5588854151867966,101.62866985814718,0.5588854151867966,101.62866985814718,0.5588854151867966,101.62866985814718,101.62866985814718,0.5588854151867966,0.5588854151867966,103.55583691773278,0.5694834635892225,101.35630369115248,0.5573875949502812,101.35630369115248,0.5573875949502812,101.35630369115248,0.5573875949502812,101.35630369115248,0.5573875949502812,103.55583691773278,0.5694834635892225,103.55583691773278,0.5694834635892225,101.62866985814716,0.5588854151867965,103.55583691773276,0.5694834635892224,103.55583691773276,0.5694834635892224,103.55583691773276,0.5694834635892224,103.55583691773276,0.5694834635892224,103.55583691773276,0.5694834635892224,103.55583691773276,0.5694834635892224,103.55583691773276,0.5694834635892224,103.55583691773276,0.5694834635892224,103.55583691773276,0.5694834635892224,103.55583691773276,0.5694834635892224,101.76198789429671,0.5596185695820013,101.76198789429671,0.5596185695820013,101.76198789429671,0.5596185695820013,101.76198789429671,0.5596185695820013,101.76198789429671,0.5596185695820013,101.76198789429671,0.5596185695820013,101.76198789429671,0.5596185695820013,101.76198789429671,0.5596185695820013,101.76198789429671,0.5596185695820013,102.90320220820006,0.5658944367810234,102.90320220820006,0.5658944367810234,104.21930263846295,0.5731320532569811,104.21930263846295,0.5731320532569811,105.89668567371062,0.5823564671491456,105.89668567371062,0.5823564671491456,105.89668567371062,0.5823564671491456,105.89668567371062,0.5823564671491456,105.51483623828098,0.5802565667907446,105.51483623828098,0.5802565667907446,103.731948711424,0.5704519532198926,103.731948711424,0.5704519532198926,103.731948711424,0.5704519532198926,103.731948711424,0.5704519532198926,103.731948711424,0.5704519532198926,103.17093713243992,0.5673667884757042,103.38972875584122,0.5685699868197808,103.38972875584122,0.5685699868197808,103.38972875584122,0.5685699868197808,103.38972875584122,0.5685699868197808,103.38972875584122,0.5685699868197808,103.38972875584122,0.5685699868197808,104.73878952425349,0.5759888617171764,105.10463187049311,0.5780007344678129,105.43905000864319,0.5798397964199853,106.193989566125,0.5839914271420352,105.5191370144866,0.580280218001556,105.5191370144866,0.580280218001556,105.5191370144866,0.580280218001556,104.80977885127164,0.5763792525346471,104.71892533175708,0.5758796227840466,104.80117032283292,0.5763319117498336,105.10909443585503,0.5780252754039343,105.10909443585503,0.5780252754039343,104.90052375180908,0.5768782849581131,104.76639354062746,0.5761406641777765,104.76639354062746,0.5761406641777765,104.00172850015932,0.5719355502151775,104.00172850015932,0.5719355502151775,104.00172850015932,0.5719355502151775,104.00172850015932,0.5719355502151775,104.00172850015932,0.5719355502151775,104.58189128414574,0.57512603296829,104.57420537771726,0.5750837659484483,103.92657030514698,0.5715222335882573,103.92657030514698,0.5715222335882573,103.92657030514698,0.5715222335882573,103.82017133835512,0.5709371149321348,103.82017133835512,0.5709371149321348,103.82017133835512,0.5709371149321348,103.93989970763198,0.5715955358232705,103.3555540228268,0.568382050090152,104.03260007424615,0.5721053219196096,104.16061349579292,0.5728093047066569,103.92302514964626,0.5715027377539943,103.40830390680998,0.5686721369411573,100.98246424233055,0.5553317438222514,100.98246424233055,0.5553317438222514,104.25010392299225,0.5733014384188304,104.54608633158118,0.5749291311903988,104.34348888633971,0.57381498931038,104.76550317189819,0.5761357677829145,104.76550317189819,0.5761357677829145,104.76550317189819,0.5761357677829145,104.76550317189819,0.5761357677829145,105.12595233597015,0.5781179818667678,104.52573103561788,0.574817191537429,104.52573103561788,0.574817191537429,103.54288249142482,0.5694122234565342,103.54288249142482,0.5694122234565342,103.54288249142482,0.5694122234565342,103.85275979579882,0.5711163282741389,103.15915747232232,0.5673020087216765,104.5525745226151,0.5749648116272761,103.90860705101062,0.5714234484643339,103.90860705101062,0.5714234484643339,103.90860705101062,0.5714234484643339,103.90860705101062,0.5714234484643339,103.90860705101062,0.5714234484643339,104.93128065115502,0.5770474260330166,104.93128065115502,0.5770474260330166,104.93128065115502,0.5770474260330166,103.73951361273161,0.5704935547976172,103.73951361273161,0.5704935547976172,103.73951361273161,0.5704935547976172,104.09286038941636,0.5724367108014103,104.09286038941636,0.5724367108014103,104.11500670170962,0.5725584997705876,104.11500670170962,0.5725584997705876,104.10130312225488,0.5724831398283213,104.10130312225488,0.5724831398283213,103.0429635473251,0.5666630247607046,102.43283200822356,0.563307735165502,102.14866775003588,0.5617450338171508,102.14866775003588,0.5617450338171508,103.09675214889806,0.5669588238198124,102.57137459684151,0.5640696208840583,102.57137459684151,0.5640696208840583,102.57137459684151,0.5640696208840583,102.57137459684151,0.5640696208840583,102.57137459684151,0.5640696208840583,102.57137459684151,0.5640696208840583,102.57137459684151,0.5640696208840583,104.33467582708056,0.573766523751498
Turşu,113.0,0.0012199818432859,-1.042844780873231,100.0,0.12199818432859001,100.0,0.12199818432859001,100.0,0.12199818432859001,100.0,0.12199818432859001,100.3532689862777,0.12242916607764481,100.49333895858943,0.12260004890065469,100.49333895858943,0.12260004890065469,100.49333895858943,0.12260004890065469,101.06072024552104,0.12329224376893144,101.06072024552104,0.12329224376893144,101.06072024552104,0.12329224376893144,101.06072024552104,0.12329224376893144,101.06072024552104,0.12329224376893144,101.62261433688803,0.12397774435824879,101.62261433688803,0.12397774435824879,101.62261433688803,0.12397774435824879,104.49886039210054,0.12748671232243075,104.49886039210054,0.12748671232243075,104.49886039210054,0.12748671232243075,104.6804093611554,0.12770819876834494,105.04228570050486,0.12814968133186608,105.60675531346794,0.12883832401076764,105.60675531346794,0.12883832401076764,105.86676907324177,0.12915553607669622,105.86676907324177,0.12915553607669622,105.97530695970087,0.12928795032748494,106.0793872752949,0.12941492642275312,106.0793872752949,0.12941492642275312,106.0793872752949,0.12941492642275312,106.22273372571493,0.12958980648956506,106.0793872752949,0.12941492642275312,106.0793872752949,0.12941492642275312,106.09924405412461,0.1294391513323915,106.27530207933393,0.12965393892651164,106.27530207933393,0.12965393892651164,106.24588669828385,0.12961805269571722,106.24588669828385,0.12961805269571722,106.24588669828385,0.12961805269571722,106.24588669828385,0.12961805269571722,106.24588669828385,0.12961805269571722,106.52931522002245,0.12996383034610767,106.50771599583004,0.12993747968476388,106.50771599583004,0.12993747968476388,106.50771599583004,0.12993747968476388,107.24171953957912,0.13083295068104525,107.24171953957912,0.13083295068104525,107.24171953957912,0.13083295068104525,107.26179389295645,0.1308574410276813,107.26179389295645,0.1308574410276813,107.27216095315765,0.13087008865289504,107.27216095315765,0.13087008865289504,107.25252922971285,0.13084613830673997,107.2324528528923,0.1308216454915399,107.25299458157629,0.1308467060275641,107.25299458157629,0.1308467060275641,107.25299458157629,0.1308467060275641,107.25299458157629,0.1308467060275641,107.54593775596202,0.13120409138142922,107.54593775596202,0.13120409138142922,0.13120409138142922,107.54593775596202,107.54593775596202,0.13120409138142922,107.54593775596202,0.13120409138142922,107.52357935097001,0.13117681453329413,107.52357935097001,0.13117681453329413,107.52357935097001,0.13117681453329413,107.52393241283708,0.13117724526236152,107.54737091178188,0.13120583980550804,107.54737091178188,0.13120583980550804,107.54737091178188,0.13120583980550804,107.54737091178188,0.13120583980550804,107.54737091178188,0.13120583980550804,107.54737091178188,0.13120583980550804,107.54737091178188,0.13120583980550804,107.48046744674429,0.13112421879290928,107.48046744674429,0.13112421879290928,107.48046744674429,0.13112421879290928,107.48046744674429,0.13112421879290928,107.48046744674429,0.13112421879290928,107.48046744674429,0.13112421879290928,107.48046744674429,0.13112421879290928,107.48046744674429,0.13112421879290928,107.48046744674429,0.13112421879290928,107.48046744674429,0.13112421879290928,107.48046744674429,0.13112421879290928,107.48046744674429,0.13112421879290928,111.50557167046426,0.13603477286318102,111.78615624901632,0.13637708095452056,111.78615624901632,0.13637708095452056,111.78615624901632,0.13637708095452056,112.2600011070299,0.1369551630778315,112.34369963356482,0.1370572737605139,112.34369963356482,0.1370572737605139,112.62797273838356,0.13740408178692728,113.81268489113356,0.1388494091028024,113.81268489113356,0.1388494091028024,113.81268489113356,0.1388494091028024,113.93646260845529,0.1390004156705383,114.19405643121064,0.13931467545724244,114.18357866658604,0.13930189277464222,114.56802736623828,0.1397709132078928,114.61128902689764,0.13982369164840763,114.61128902689764,0.13982369164840763,114.78175463578992,0.1400316565961609,114.78175463578992,0.1400316565961609,114.78175463578992,0.1400316565961609,114.78175463578992,0.1400316565961609,114.78175463578992,0.1400316565961609,114.78175463578992,0.1400316565961609,114.78175463578992,0.1400316565961609,114.79476995955524,0.14004753505483908,114.9643347924189,0.14025440107219253,115.89317321223926,0.14138756707971975,116.347866403908,0.14194228451782132,116.87055542336266,0.14257995563124093,115.50026954909931,0.1409082317445285,115.50026954909931,0.1409082317445285,115.50026954909931,0.1409082317445285,115.52594827943928,0.14093955932930188,115.5527488791664,0.14097225557435816,115.5527488791664,0.14097225557435816,115.5527488791664,0.14097225557435816,115.5527488791664,0.14097225557435816,115.5527488791664,0.14097225557435816,115.5527488791664,0.14097225557435816,115.42942854639028,0.1408218070074633,115.42942854639028,0.1408218070074633,115.42942854639028,0.1408218070074633,115.53331192443852,0.14094854284250136,115.53331192443852,0.14094854284250136,115.53331192443852,0.14094854284250136,115.53331192443852,0.14094854284250136,117.13522611411524,0.142902849068409,117.13522611411524,0.142902849068409,117.439411245966,0.14327394940626445,116.66332052193324,0.1423271328142019,116.66332052193324,0.1423271328142019,116.66332052193324,0.1423271328142019,116.66332052193324,0.1423271328142019,116.78699185001031,0.14247800958899096,116.78699185001031,0.14247800958899096,116.78748949782982,0.14247861671029513,116.78748949782982,0.14247861671029513,116.17964815401949,0.141737061307248,116.17964815401949,0.141737061307248,116.17964815401949,0.141737061307248,116.17964815401949,0.141737061307248,116.42059574533957,0.142031012993842,116.42059574533957,0.142031012993842,116.42059574533957,0.142031012993842,116.53949338817931,0.14217606595931595,116.53949338817931,116.53949338817931,0.14217606595931595,0.14217606595931595,117.30283327966826,0.14310732676718832,117.30283327966826,0.14310732676718832,117.54794998878072,0.1434063647017915,117.54794998878072,0.1434063647017915,117.70155683143611,0.14359376226083553,117.70155683143611,0.14359376226083553,117.70155683143611,0.14359376226083553,117.86308157419263,0.14379081951423994,117.86308157419263,0.14379081951423994,117.86308157419263,0.14379081951423994,117.86308157419263,0.14379081951423994,117.86308157419263,0.14379081951423994,117.86308157419263,0.14379081951423994,117.86308157419263,0.14379081951423994,117.86308157419263,0.14379081951423994,117.86308157419263,0.14379081951423994,117.86308157419263,0.14379081951423994,117.86308157419263,0.14379081951423994,116.71901180279691,0.1423950751656849,116.71901180279691,0.1423950751656849,116.80655607250034,0.1425018775852068,118.29025014713186,0.14431195741724814,118.29025014713186,0.14431195741724814,118.29025014713186,0.14431195741724814,118.36648377208472,0.1444049610555385,118.36648377208472,0.1444049610555385,118.36648377208472,0.1444049610555385,118.36648377208472,0.1444049610555385,118.36648377208472,0.1444049610555385,118.46687284738266,0.14452743390466624,117.94016301572094,0.14388485747335877,117.82191445634234,0.14374059637792216,117.82191445634234,0.14374059637792216,117.828124197949,0.14374817214993377,117.828124197949,0.14374817214993377,117.828124197949,0.14374817214993377,117.9232955680543,0.1438642794934629,117.9232955680543,0.1438642794934629,117.8434589418107,0.1437668802590165,117.9641401037046,0.1439141090853537,117.9641401037046,0.1439141090853537,117.9641401037046,0.1439141090853537,117.9641401037046,0.1439141090853537,117.26740398972642,0.14306410367673875,119.4255407786293,0.1456969913745276,116.38864197565135,0.14199202997499782,115.85046010459851,0.14133545786392773,115.85046010459851,0.14133545786392773,115.85046010459851,0.14133545786392773,115.74134264360367,0.14120233654272857,115.80149121041012,0.1412757167021321,115.94469647145982,0.14145042452047574,115.94355679020036,0.14144903413003207,115.91867978213257,0.1414186846318741,115.84453523126177,0.14132822962603314,115.84453523126177,0.14132822962603314,115.97748326737549,0.1414904238161924,115.97748326737549,0.1414904238161924,116.88922774545489,0.14260273552516542,119.87593810054268,0.14624646792952653,116.4379008072463,0.14205212485516513,116.30386013098976,0.14188859766387038,116.21345481225582,0.14177830481647852,116.21345481225582,0.14177830481647852,116.21345481225582,0.14177830481647852,116.21345481225582,0.14177830481647852,116.21345481225582,0.14177830481647852,116.21345481225582,0.14177830481647852,116.21345481225582,0.14177830481647852,116.21345481225582,0.14177830481647852,116.57133600535951,0.1422149133741185,116.74020598349031,0.14242093168131417,116.26771617133275,0.14184450268934437,116.15545701929715,0.14170754856211826,116.19654576287913,0.1417576760832517,116.19654576287913,0.1417576760832517,116.19654576287913,0.1417576760832517,116.48166201516148,0.14210551273426192,116.96565117288984,0.14269597071903775,116.91446584844525,0.14263352555257264,117.07144376315262,0.1428250357583125,117.08005072196201,0.1428355360917859,117.08005072196201,0.1428355360917859,117.08005072196201,0.1428355360917859,117.21840307516361,0.14300432345066771,117.23162172515246,0.14302044996364688,116.80819991723648,0.14250388304593808,113.40578799270074,0.13835300227462505,114.02779876278288,0.13911184412045352,114.02779876278288,0.13911184412045352,114.02779876278288,0.13911184412045352,114.5669427177816,0.13976958995646932,114.69061279477692,0.13992046520496138,114.99407664613295,0.14029068559370936,114.99407664613295,0.14029068559370936,114.99407664613295,0.14029068559370936,114.99407664613295,0.14029068559370936,115.03725626915238,0.140343363949793,117.85387148503767,0.14377958337269583,120.81087017621863,0.14738706808655677,121.07427367838022,0.14770841557665185,120.86117278901227,0.14744843636083485,120.71780368155535,0.14727352865284932,120.71780368155535,0.14727352865284932,120.86349909587209,0.14745127441296574,120.50254658589992,0.14701091890451123,120.38275261579523,0.14686477243604837,120.86891049208266,0.14745787621808948,121.22599949561862,0.1478935183188404,120.2715030456276,0.1467290499803705,120.2715030456276,0.1467290499803705,120.2715030456276,0.1467290499803705,120.29832168267684,0.14676176823063225,120.6253943369517,0.14716079093028292,122.72247920940605,0.14971919639850673,125.20748927837064,0.1527508635630262,126.91110271100234,0.15482924101881482,126.91110271100234,0.15482924101881482,126.91110271100234,0.15482924101881482,127.876136252804,0.15600656441797472,127.87805933271812,0.15600891054055316,127.87805933271812,0.15600891054055316,131.21040942764986,0.16007431715184192,131.24316962709236,0.1601142840003442,131.24316962709236,0.1601142840003442,131.41193905394658,0.1603201796368081,132.7143175872861,0.16190905780056764,133.28699608264668,0.16260771516694783,134.41417281162248,0.16398285031047272,134.66126390459024,0.16428429695753105,133.2569559421033,0.16257106674091515
Tuz,114.0,0.0014877771761778,0.4875452549499837,100.0,0.14877771761778,99.84782774100285,0.1485513192039966,99.84782774100285,0.1485513192039966,99.84782774100285,0.1485513192039966,99.84782774100285,0.1485513192039966,99.84782774100285,0.1485513192039966,99.84782774100285,0.1485513192039966,99.84782774100285,0.1485513192039966,99.99849108677125,0.14877547269111743,99.99849108677125,0.14877547269111743,100.17115532071197,0.14903235859751668,100.17115532071197,0.14903235859751668,100.41414372205469,0.1493938711951103,100.41414372205469,0.1493938711951103,100.73610969425009,0.1498728848200485,100.73610969425009,0.1498728848200485,101.38210632959743,0.15083398387000593,101.38210632959743,0.15083398387000593,101.38210632959743,0.15083398387000593,101.38210632959743,0.15083398387000593,101.38210632959743,0.15083398387000593,101.38210632959743,0.15083398387000593,101.52300583096043,0.15104361093226865,101.84852723721802,0.151527914250856,101.84852723721802,0.151527914250856,101.84852723721802,0.151527914250856,101.84852723721802,0.151527914250856,101.84852723721802,0.151527914250856,101.84852723721802,0.151527914250856,101.93177037563603,0.15165176149226772,101.84852723721802,0.151527914250856,101.84852723721802,0.151527914250856,101.84852723721802,0.151527914250856,101.84852723721802,0.151527914250856,101.84852723721802,0.151527914250856,101.84852723721802,0.151527914250856,101.84852723721802,0.151527914250856,101.84852723721802,0.151527914250856,101.84852723721802,0.151527914250856,104.48300931004457,0.1554474365498569,106.34474134280198,0.1582172789763525,106.34474134280198,0.1582172789763525,106.34474134280198,0.1582172789763525,106.34474134280198,0.1582172789763525,106.34474134280198,0.1582172789763525,106.34474134280198,0.1582172789763525,106.34474134280198,0.1582172789763525,106.34474134280198,0.1582172789763525,106.34474134280198,0.1582172789763525,106.34474134280198,0.1582172789763525,106.6633977313983,0.15869136867834932,106.6633977313983,0.15869136867834932,106.6633977313983,0.15869136867834932,106.6633977313983,0.15869136867834932,106.56044745354367,0.15853820160467605,106.56044745354367,0.15853820160467605,106.56044745354323,0.15853820160467538,106.56044745109656,0.1585382016010353,106.56044974522656,0.15853820501418955,0.15853820501418955,106.56044974522656,106.56046589886977,0.1585382290472112,106.59145779551471,0.15858433808368602,106.62980551964883,0.15864139095241112,106.62980551964883,0.15864139095241112,106.62980551964883,0.15864139095241112,106.36631936757455,0.1582493822691161,106.36631936757455,0.1582493822691161,106.36631936757455,0.1582493822691161,106.36631936757455,0.1582493822691161,106.36631936757455,0.1582493822691161,106.36631936757455,0.1582493822691161,106.36631936757455,0.1582493822691161,106.36631936757455,0.1582493822691161,106.36631936757455,0.1582493822691161,106.36631936757455,0.1582493822691161,106.36631936757455,0.1582493822691161,106.36631936757455,0.1582493822691161,106.36631936757455,0.1582493822691161,106.36631936757455,0.1582493822691161,106.36631936757455,0.1582493822691161,106.36631936757455,0.1582493822691161,106.36631936757455,0.1582493822691161,106.36631936757455,0.1582493822691161,106.36631936757455,0.1582493822691161,106.36631936757455,0.1582493822691161,106.83004180448752,0.15893929792683678,106.83004180448752,0.15893929792683678,106.83004180448752,0.15893929792683678,107.6478147144477,0.16015596179757205,107.6478147144477,0.16015596179757205,107.6478147144477,0.16015596179757205,107.6478147144477,0.16015596179757205,107.6478147144477,0.16015596179757205,107.6478147144477,0.16015596179757205,107.6478147144477,0.16015596179757205,107.6478147144477,0.16015596179757205,107.6478147144477,0.16015596179757205,107.6478147144477,0.16015596179757205,108.46239327714082,0.16136787319135057,108.71555256053176,0.16174451779511714,108.71555256053176,0.16174451779511714,108.71555256053176,0.16174451779511714,108.71555256053176,0.16174451779511714,108.71555256053176,0.16174451779511714,108.71555256053176,0.16174451779511714,108.71555256053176,0.16174451779511714,108.71555256053176,0.16174451779511714,108.71555256053176,0.16174451779511714,108.71555256053176,0.16174451779511714,110.50491911309317,0.16440669651183396,111.60808650970544,0.1660479637860172,115.35499081001903,0.17162252248534618,115.44647999868751,0.17175863801211416,115.85263964567065,0.17236291306478013,116.30163470052757,0.17303091765961295,116.30163470052757,0.17303091765961295,116.30163470052757,0.17303091765961295,116.30163470052757,0.17303091765961295,116.30163470052757,0.17303091765961295,116.72870770278314,0.1736663071249305,116.72870770278314,0.1736663071249305,116.72870770278314,0.1736663071249305,116.72870770278314,0.1736663071249305,117.10966580163615,0.1742330878894841,119.6997331054705,0.17808653090889323,119.6997331054705,0.17808653090889323,119.6997331054705,0.17808653090889323,119.75211097903498,0.17816445751371918,119.75211097903498,0.17816445751371918,119.75211097903498,0.17816445751371918,119.75211097903498,0.17816445751371918,120.17744121244158,0.1787972541273199,120.17744121244158,0.1787972541273199,120.17744121244158,0.1787972541273199,120.17744121244158,0.1787972541273199,120.17744121244158,0.1787972541273199,120.17744121244158,0.1787972541273199,120.17744121244158,0.1787972541273199,120.17744121244158,0.1787972541273199,120.17744121244158,0.1787972541273199,120.17744121244158,0.1787972541273199,120.17744121244158,0.1787972541273199,120.17744121244158,0.1787972541273199,120.17744121244158,0.1787972541273199,120.17744121244158,0.1787972541273199,120.63039596038737,0.17947114986315502,120.63039596038737,0.17947114986315502,120.63039596038737,0.17947114986315502,120.63039596038737,0.17947114986315502,121.09012160350629,0.18015511918229102,121.09012160350629,121.09012160350629,0.18015511918229102,0.18015511918229102,121.09012160350629,0.18015511918229102,121.09012160350629,0.18015511918229102,121.09012160350629,0.18015511918229102,121.09012160350629,0.18015511918229102,121.09012160350629,0.18015511918229102,121.09012160350629,0.18015511918229102,121.09012160350629,0.18015511918229102,121.09012160350629,0.18015511918229102,121.09012160350629,0.18015511918229102,121.30634755423921,0.1804768152166888,121.30634755423921,0.1804768152166888,121.30634755423921,0.1804768152166888,121.30634755423921,0.1804768152166888,121.30634755423921,0.1804768152166888,121.30634755423921,0.1804768152166888,121.30634755423921,0.1804768152166888,121.30634755423921,0.1804768152166888,121.30634755423921,0.1804768152166888,121.30634755423921,0.1804768152166888,121.30634755423921,0.1804768152166888,121.30634755423921,0.1804768152166888,121.30634755423921,0.1804768152166888,121.30634755423921,0.1804768152166888,121.25673447855564,0.1804030020150468,121.25673447855564,0.1804030020150468,121.25673447855564,0.1804030020150468,121.25673447855564,0.1804030020150468,121.25673447855564,0.1804030020150468,121.25673447855564,0.1804030020150468,121.25673447855564,0.1804030020150468,121.25673447855564,0.1804030020150468,121.25673447855564,0.1804030020150468,121.25673447855564,0.1804030020150468,120.89349864418637,0.17986258803110228,120.89349864418637,0.17986258803110228,121.27086401052114,0.18042402361021515,121.3163072520675,0.18049163302779936,122.09748241543406,0.1816538476064531,122.46598786080929,0.1822021015973796,122.46598786080929,0.1822021015973796,122.46598786080929,0.1822021015973796,122.46598786080929,0.1822021015973796,122.46598786080929,0.1822021015973796,122.46598786080929,0.1822021015973796,122.70138996447766,0.1825523274744416,122.70138996447766,0.1825523274744416,123.05492669519329,0.18307831135334085,123.05492669519329,0.18307831135334085,123.05492669519329,0.18307831135334085,123.12052922877297,0.18317591330550012,123.9306515065073,0.18438119474022646,124.39288174881852,0.18506889034487622,123.78884898313405,0.1841702241824273,123.78884898313405,0.1841702241824273,123.78884898313405,0.1841702241824273,123.52440107863714,0.18377678462582875,123.52440107863714,0.18377678462582875,122.96646277614953,0.1829466967536723,122.96646277614953,0.1829466967536723,122.96646277614953,0.1829466967536723,122.86735474741587,0.1827992460905464,122.89782561975953,0.18284457995895753,122.8094309538206,0.18271306839247772,122.8094309538206,0.18271306839247772,122.8094309538206,0.18271306839247772,123.12619163610785,0.1831843377058952,123.10608900208125,0.18315442946580937,123.10608900208125,0.18315442946580937,123.10608900208125,0.18315442946580937,123.10608900208125,0.18315442946580937,123.36579925416338,0.18354082045127654,123.47547930246768,0.18370399992382574,121.25117489879571,0.18039473059917083,121.25117489879571,0.18039473059917083,120.64812898818819,0.1794975326571816,120.64812898818819,0.1794975326571816,120.64812898818819,0.1794975326571816,120.64812898818819,0.1794975326571816,120.64812898818819,0.1794975326571816,120.67671845167595,0.17954006740843786,120.63780978521123,0.17948217998251614,120.63780978521123,0.17948217998251614,120.42890106986619,0.17917137036392114,120.42890106986619,0.17917137036392114,120.42890106986619,0.17917137036392114,120.42890106986619,0.17917137036392114,122.92777535622234,0.18288913849329944,122.92777535622234,0.18288913849329944,122.92777535622234,0.18288913849329944,123.60546144465847,0.18389738438828793,122.89488105566029,0.1828401991036969,123.27295829472989,0.18340269379081695,123.27295829472989,0.18340269379081695,123.22843413234668,0.18333645175823476,123.49502917784612,0.18373308578221093,123.49502917784612,0.18373308578221093,123.49502917784612,0.18373308578221093,123.49502917784612,0.18373308578221093,123.72148195757804,0.18406999705937807,123.82102854211072,0.18421810019581228,122.32695731699606,0.18199525512750267,122.43247758971079,0.1821522457808717,123.07191850466579,0.183103591379656,123.07191850466579,0.183103591379656,123.07191850466579,0.183103591379656,123.07191850466579,0.183103591379656,123.07191850466579,0.183103591379656,123.52598393228189,0.18377913955935465,122.76785291371223,0.18265120953337427,122.76785291371223,0.18265120953337427,122.76785291371223,0.18265120953337427,122.76785291371223,0.18265120953337427,122.76785291371223,0.18265120953337427,122.76785291371223,0.18265120953337427,124.47019132447596,0.18518390976703936,124.20680861132325,0.18479205497781095,123.92932151320525,0.1843792160065472,123.92932151320525,0.1843792160065472,123.92932151320525,0.1843792160065472,123.92932151320525,0.1843792160065472,123.92932151320525,0.1843792160065472,123.92932151320525,0.1843792160065472,124.3124070029124,0.18494916185465837,124.05463850119207,0.18456565976106135,124.05463850119207,0.18456565976106135,124.05463850119207,0.18456565976106135,123.65607514953642,0.18397268630320712,123.65607514953642,0.18397268630320712,122.41254443435032,0.18212258968727718,122.79796382368365,0.1826960078579837,123.39665946948118,0.1835867335752783
Yer Fıstığı,115.0,0.003611083121144,1.463918112120255,100.0,0.3611083121144,100.0,0.3611083121144,100.0,0.3611083121144,100.0,0.3611083121144,100.0,0.3611083121144,100.0,0.3611083121144,100.0,0.3611083121144,100.0,0.3611083121144,100.0,0.3611083121144,100.0,0.3611083121144,100.0,0.3611083121144,100.0,0.3611083121144,100.0,0.3611083121144,100.0,0.3611083121144,100.0,0.3611083121144,100.34491381466056,0.36235382456877013,100.82475241214826,0.36408656162903136,100.82475241214826,0.36408656162903136,100.82475241214826,0.36408656162903136,100.82475241214826,0.36408656162903136,100.82475241214826,0.36408656162903136,100.82475241214826,0.36408656162903136,100.82475241214826,0.36408656162903136,100.82475241214826,0.36408656162903136,100.82475241214826,0.36408656162903136,100.82475241214826,0.36408656162903136,100.82475241214826,0.36408656162903136,100.82475241214826,0.36408656162903136,100.82475241214826,0.36408656162903136,100.89938868251286,0.3643560794051701,100.8247524121483,0.3640865616290315,100.8247524121483,0.3640865616290315,100.8247524121483,0.3640865616290315,100.8247524121483,0.3640865616290315,100.8247524121483,0.3640865616290315,100.8247524121483,0.3640865616290315,100.8247524121483,0.3640865616290315,100.8247524121483,0.3640865616290315,100.8247524121483,0.3640865616290315,100.8247524121483,0.3640865616290315,100.8247524121483,0.3640865616290315,100.8247524121483,0.3640865616290315,100.8247524121483,0.3640865616290315,100.8247524121483,0.3640865616290315,100.8247524121483,0.3640865616290315,100.8247524121483,0.3640865616290315,100.8247524121483,0.3640865616290315,100.8247524121483,0.3640865616290315,100.8247524121483,0.3640865616290315,96.65185911298582,0.349017897070091,96.65185911298582,0.349017897070091,96.65185911298582,0.349017897070091,96.65185911298582,0.349017897070091,96.65185911298582,0.349017897070091,96.65185911298582,0.349017897070091,96.65185911298582,0.349017897070091,96.65185911298582,0.349017897070091,96.65185911298582,0.349017897070091,94.6517654574343,0.34179539262982167,0.34179539262982167,94.6517654574343,94.6517654574343,0.34179539262982167,94.6517654574343,0.34179539262982167,109.34645571837348,0.39485914060153826,109.34645571837348,0.39485914060153826,105.84666917807755,0.3822211204982687,105.84666917807755,0.3822211204982687,105.84666917807755,0.3822211204982687,105.84666917807755,0.3822211204982687,105.84666917807755,0.3822211204982687,105.84666917807755,0.3822211204982687,105.84666917807755,0.3822211204982687,105.84666917807755,0.3822211204982687,105.84666917807755,0.3822211204982687,105.84666917807755,0.3822211204982687,105.84666917807755,0.3822211204982687,105.84666917807755,0.3822211204982687,105.84666917807755,0.3822211204982687,105.84666917807755,0.3822211204982687,105.84666917807755,0.3822211204982687,105.84666917807755,0.3822211204982687,105.84666917807755,0.3822211204982687,105.84666917807755,0.3822211204982687,105.84666917807755,0.3822211204982687,105.84666917807755,0.3822211204982687,105.84666917807755,0.3822211204982687,105.84666917807755,0.3822211204982687,105.84666917807755,0.3822211204982687,105.84666917807755,0.3822211204982687,105.84666917807755,0.3822211204982687,105.84666917807755,0.3822211204982687,105.84666917807755,0.3822211204982687,105.84666917807755,0.3822211204982687,105.84666917807755,0.3822211204982687,105.84666917807755,0.3822211204982687,105.84666917807755,0.3822211204982687,105.84666917807755,0.3822211204982687,105.84666917807755,0.3822211204982687,105.84666917807755,0.3822211204982687,104.54497517072883,0.37752059523943743,104.54497517072883,0.37752059523943743,104.54497517072883,0.37752059523943743,104.54497517072883,0.37752059523943743,104.54497517072883,0.37752059523943743,104.54497517072883,0.37752059523943743,104.54497517072883,0.37752059523943743,104.54497517072883,0.37752059523943743,104.54497517072883,0.37752059523943743,104.54497517072883,0.37752059523943743,104.54497517072883,0.37752059523943743,104.54497517072883,0.37752059523943743,104.54497517072883,0.37752059523943743,104.54497517072883,0.37752059523943743,103.74014302068655,0.3746142794470657,102.5830058387158,0.37043576090040303,102.5830058387158,0.37043576090040303,102.5830058387158,0.37043576090040303,102.5830058387158,0.37043576090040303,101.8269719537932,0.3677056596995461,101.8269719537932,0.3677056596995461,101.8269719537932,0.3677056596995461,101.8269719537932,0.3677056596995461,103.84113486956797,0.3749789694079345,103.84113486956797,0.3749789694079345,103.84113486956797,0.3749789694079345,101.91372634329016,0.36801893701114374,101.91372634329016,0.36801893701114374,101.91372634329016,0.36801893701114374,101.91372634329016,0.36801893701114374,101.91372634329016,0.36801893701114374,101.91372634329016,0.36801893701114374,101.91372634329016,0.36801893701114374,101.91372634329016,0.36801893701114374,102.17511912755393,0.36896284808238744,102.17511912755393,0.36896284808238744,102.17511912755393,0.36896284808238744,102.17511912755393,0.36896284808238744,102.17511912755393,0.36896284808238744,104.02623160323974,0.3756473690986756,104.02623160323974,0.3756473690986756,104.02623160323974,0.3756473690986756,104.02623160323974,0.3756473690986756,104.02623160323974,0.3756473690986756,103.42140018192958,0.3734632725620449,103.42140018192958,0.3734632725620449,103.42140018192958,0.3734632725620449,103.42140018192958,0.3734632725620449,103.42140018192958,0.3734632725620449,103.42140018192958,0.3734632725620449,102.56971333159282,0.37038776055229355,102.56971333159282,0.37038776055229355,102.56971333159282,102.56971333159282,0.37038776055229355,0.37038776055229355,102.56971333159282,0.37038776055229355,102.56971333159282,0.37038776055229355,104.01265638954898,0.37559834787365093,103.12329726108662,0.37238679813622516,103.12329726108662,0.37238679813622516,103.12329726108662,0.37238679813622516,103.41786828799123,0.37345051859945844,103.41786828799123,0.37345051859945844,104.30976786501083,0.3766712421077894,104.30976786501083,0.3766712421077894,104.30976786501083,0.3766712421077894,104.30976786501083,0.3766712421077894,104.30976786501083,0.3766712421077894,104.30976786501083,0.3766712421077894,104.30976786501083,0.3766712421077894,104.30976786501083,0.3766712421077894,104.30976786501083,0.3766712421077894,103.48132171591395,0.37367965420200894,102.96682562064498,0.37182176603648864,102.96682562064498,0.37182176603648864,102.96682562064498,0.37182176603648864,103.95559434340001,0.37539229208194447,105.71150921594766,0.381733046640367,103.89452360864165,0.37517176058246265,104.39702663288888,0.37698634077164567,104.39702663288888,0.37698634077164567,104.39702663288888,0.37698634077164567,104.39702663288888,0.37698634077164567,105.47148831088855,0.3808663112013863,105.98028293621975,0.3827036108850486,105.98028293621975,0.3827036108850486,106.51521292048952,0.384635287522239,106.51521292048952,0.384635287522239,106.51521292048952,0.384635287522239,106.51521292048952,0.384635287522239,106.7610080240534,0.3855228740719784,105.78208587129517,0.38198790480923916,105.7222314436359,0.38177176549579306,105.25097165694504,0.38007000723439976,105.25097165694504,0.38007000723439976,105.25097165694504,0.38007000723439976,105.25097165694504,0.38007000723439976,104.99015126088564,0.37912816310453956,107.68765496287398,0.38886907319201314,107.68765496287398,0.38886907319201314,106.68287815571486,0.3852407406231639,106.68287815571486,0.3852407406231639,106.68287815571486,0.3852407406231639,106.68287815571486,0.3852407406231639,106.68287815571486,0.3852407406231639,107.65285046114987,0.3887433912432974,108.64948055098162,0.39234230533871306,107.67052842214424,0.3888072278298604,107.67052842214424,0.3888072278298604,107.67052842214424,0.3888072278298604,107.67052842214424,0.3888072278298604,107.67052842214424,0.3888072278298604,108.53034723780091,0.3919121050423202,108.53034723780091,0.3919121050423202,108.53034723780091,0.3919121050423202,108.53034723780091,0.3919121050423202,108.53034723780091,0.3919121050423202,109.67122639529119,0.39603191451119835,109.67122639529119,0.39603191451119835,109.67122639529119,0.39603191451119835,110.48699629688163,0.39897772743356885,110.48699629688163,0.39897772743356885,110.48699629688163,0.39897772743356885,110.48699629688163,0.39897772743356885,110.48699629688163,0.39897772743356885,110.48699629688163,0.39897772743356885,109.93726569410582,0.39699260453270885,108.27969982718726,0.3910069964084948,108.27969982718726,0.3910069964084948,107.71771778462207,0.3889776325402016,107.71771778462207,0.3889776325402016,107.71771778462207,0.3889776325402016,107.53079501999254,0.38830263889989036,108.02905758989894,0.3901019064559772,108.02905758989894,0.3901019064559772,107.32249249662786,0.38755044117367643,107.32249249662786,0.38755044117367643,107.32249249662786,0.38755044117367643,107.32249249662786,0.38755044117367643,107.32249249662786,0.38755044117367643,108.19494455988465,0.3907009380933103,109.72916754721392,0.39624114482692613,109.72916754721392,0.39624114482692613,109.72916754721392,0.39624114482692613,109.72916754721392,0.39624114482692613,109.72916754721392,0.39624114482692613,109.53875430990942,0.3955535467996535,109.53875430990942,0.3955535467996535,109.53875430990942,0.3955535467996535,109.53875430990942,0.3955535467996535,109.53875430990942,0.3955535467996535,109.80163850239737,0.3965028434699623,109.53875430990942,0.3955535467996535,109.53875430990942,0.3955535467996535,110.03098569859517,0.3973310352590339,110.03098569859517,0.3973310352590339,110.03098569859517,0.3973310352590339,110.03098569859517,0.3973310352590339,110.03098569859517,0.3973310352590339,110.03098569859517,0.3973310352590339,110.03098569859517,0.3973310352590339,110.03098569859517,0.3973310352590339,110.03098569859517,0.3973310352590339,110.03098569859517,0.3973310352590339,110.03098569859517,0.3973310352590339,110.03098569859517,0.3973310352590339,110.03098569859517,0.3973310352590339,110.03098569859517,0.3973310352590339,110.03098569859517,0.3973310352590339,108.41423061996764,0.39149279828357814,108.41423061996764,0.39149279828357814,108.4435135673899,0.391598541440752,108.4435135673899,0.391598541440752,108.5270339721595,0.39190014056468664,108.644092323508,0.3923228480014302,108.644092323508,0.3923228480014302,108.644092323508,0.3923228480014302,108.644092323508,0.3923228480014302,108.644092323508,0.3923228480014302,108.644092323508,0.3923228480014302,108.644092323508,0.3923228480014302,108.644092323508,0.3923228480014302,108.86485160202292,0.39312002810591135,108.86485160202292,0.39312002810591135,109.24833073884814,0.3945048031442117,110.84763683972318,0.4002800304106242
Yoğurt,116.0,0.01852368460684,0.1914105811711586,100.0,1.852368460684,100.0,1.852368460684,100.0,1.852368460684,100.0,1.852368460684,100.0,1.852368460684,99.64991013186612,1.845883506382638,99.64991013186612,1.845883506382638,99.53891217982948,1.843827415327106,99.72155758779051,1.8472106812590638,99.6338025568507,1.845585134743271,99.6338025568507,1.845585134743271,99.6338025568507,1.845585134743271,99.65198631337995,1.8459219649141867,100.10673868620106,1.854345654442537,100.10673868620106,1.854345654442537,100.03706525517173,1.8530550457806731,100.07672054002454,1.8537896077702811,100.04073035042734,1.8531229368492421,100.04073035042734,1.8531229368492421,100.0225208723345,1.8527856302201953,100.0416241512338,1.8531394933334824,100.79192231724944,1.8670377799218467,100.87576698700995,1.868590892140455,100.8574913660412,1.8682523603016357,100.47110054108698,1.8610949785252069,101.11106058776926,1.872949396590928,101.11298460956255,1.8729850365638037,101.10532597546636,1.8728431704412867,101.1111839920356,1.872951682492637,101.24071174611736,1.8753510137570797,101.39611431508322,1.8782296419316962,101.32611654490458,1.8769330253137249,101.28468100190385,1.876165486383666,101.3632945253988,1.877621698498719,101.49231157194404,1.8800115695778292,101.46269892863693,1.8794630343128331,101.50705781367239,1.8802847243087413,101.4853208960713,1.8798820765027737,101.71438481780709,1.8841251843438134,101.71438481780709,1.8841251843438134,101.55808327412213,1.8812299038450309,101.59269106366362,1.8818709676234375,101.66177354092704,1.8831506296441243,101.6255936990397,1.8824804456638777,101.97117332145909,1.8888818535961254,101.96351863251336,1.8887400605523312,101.96351863251336,1.8887400605523312,102.06757384479161,1.8906675464862714,102.07538709202049,1.8908122766136946,101.92822051141401,1.888086209289873,101.92822051141401,1.888086209289873,101.92822051141401,1.888086209289873,101.98153209670693,1.8890737362817296,101.98153209670693,1.8890737362817296,102.03728053766021,1.8901064028192711,102.03728053766021,1.8901064028192711,101.98839610157253,1.8892008829429998,101.98839658858117,1.8892008919641943,101.98895217390242,1.8892111834514573,1.8892111834514573,101.98895217390242,102.02133434273452,1.8898110205337886,102.01877478369401,1.8897636080693896,102.17322027101703,1.8926245075655108,102.22822077772085,1.8936433196049087,102.21761594791974,1.8934468790823638,102.30203418812154,1.8950106159389264,102.30498966001842,1.8950653621682085,102.30498966001842,1.8950653621682085,102.17440722566955,1.8926464943391368,102.13337408143326,1.8918864093168768,101.96858883849936,1.8888339794489077,103.92881753136274,1.9251446375127872,104.42244644597982,1.9342884638399707,104.42244644597982,1.9342884638399707,105.0499643514645,1.9459124076063137,105.32597945393749,1.951025224311248,106.88282348483153,1.9798637121215708,107.07948902349645,1.983506682532834,107.17404078809953,1.9852581295993617,107.25858223009432,1.9868241486070806,107.25858223009432,1.9868241486070806,108.87754962192126,2.0168133899620413,108.9641409874653,2.0184173811070547,109.045674137504,2.0199276754633733,109.92473482150984,2.0362111183241707,112.28210144917914,2.079878234237807,113.46568975092879,2.1018026506437626,113.56159215279003,2.103579116488879,113.56159215279003,2.103579116488879,113.48631735128008,2.102184749806866,113.64251734168616,2.10507814916474,113.9454608594343,2.110689779341193,114.17295138134611,2.114903742020133,114.87524307008698,2.1279127717643735,114.97033076172517,2.129674146174272,115.1112622620061,2.1322847168366446,115.0955252281686,2.1319932089851914,116.0275620655719,2.149257965403207,117.8382134159049,2.1827978999497244,117.99581450537498,2.1857172528247624,118.21880881947553,2.1898479291682795,118.10326379919105,2.1877076096546393,118.41228273022766,2.1934317788707043,118.41228273022766,2.1934317788707043,118.38499178373678,2.192926249985285,118.38499178373678,2.192926249985285,118.38499178373678,2.192926249985285,118.4964397824841,2.1949906775641437,118.44435414850064,2.1940258597076867,118.51546323649332,2.1953430620263434,118.69960427210562,2.1987540324932024,118.75250437434588,2.1997339373027707,118.77406736184182,2.2001333632823266,118.7880725524193,2.2003927910154424,118.58676777444037,2.196663884798311,118.79032440026533,2.200434503534725,118.85392961481381,2.2016127064683713,118.85392961481381,2.2016127064683713,118.85392961481381,2.2016127064683713,118.77591030865034,2.200167501447755,118.98079751284925,2.2039627673983126,119.02765603106091,2.2048307598108092,119.05239882880907,2.205289087592587,119.19255249909978,2.207885249977543,119.29942141346683,2.2098648560415537,119.1863794364439,2.2077709021118475,119.34218901024,2.2106570695155727,119.34218901024,2.2106570695155727,119.38314879299834,2.2114157956129525,119.38314879299834,2.2114157956129525,119.38314879299834,2.2114157956129525,119.46154068760735,2.212867902344423,119.5399943104922,2.2143211525110056,119.5399943104922,2.2143211525110056,119.5399943104922,2.2143211525110056,119.61849064517855,2.2157751938575285,119.61849064517855,2.2157751938575285,119.61849064517855,2.2157751938575285,119.52625602735682,2.2140666688871664,119.52625602735682,2.2140666688871664,119.52625602735682,2.2140666688871664,119.52625602735682,2.2140666688871664,119.28996398101528,2.209689669545631,119.28996398101528,2.209689669545631,119.28996398101528,2.209689669545631,119.28996398101528,2.209689669545631,119.28996398101528,2.209689669545631,119.28996398101528,2.209689669545631,119.28996398101528,2.209689669545631,119.28996398101528,2.209689669545631,119.28996398101528,119.28996398101528,2.209689669545631,2.209689669545631,119.34271970039185,2.2106668998525696,119.34271970039185,2.2106668998525696,119.58023772328477,2.215066608797078,119.58023772328477,2.215066608797078,119.58023772328477,2.215066608797078,119.46639035393314,2.21295773603389,119.36912982493513,2.2111561126700363,119.36912982493513,2.2111561126700363,119.4818108445957,2.213243380339406,119.4818108445957,2.213243380339406,119.57824870944724,2.215029764932073,119.57824870944724,2.215029764932073,119.57824870944724,2.215029764932073,119.46600593837277,2.212950615241292,119.41849407539405,2.2120705204763906,119.41849407539405,2.2120705204763906,119.41849407539405,2.2120705204763906,119.46938382380148,2.213013186125611,119.07943117113629,2.2057898261760407,119.07943117113629,2.2057898261760407,119.07943117113629,2.2057898261760407,119.001263838946,2.20434187916799,119.001263838946,2.20434187916799,119.001263838946,2.20434187916799,119.00941239301821,2.204492820413625,119.01312461514209,2.2045615844454383,119.01312461514209,2.2045615844454383,119.01312461514209,2.2045615844454383,119.01312461514209,2.2045615844454383,119.39735649951864,2.2116789746875214,119.48993452636157,2.2133938608582833,119.37122479351478,2.211194919207267,119.52043490935962,2.2139588403333272,119.52043490935962,2.2139588403333272,119.44738078767058,2.2126056088239294,119.40917920129446,2.2118979746864174,119.21467590461074,2.2082950569636575,118.77451846051783,2.2001417192919277,118.208315238883,2.189653549390987,118.0057626730422,2.185901529545046,117.97365474739554,2.1853067724569875,117.88797547234422,2.183719676588594,118.1215072576632,2.1880455457255152,118.20875596357779,2.189661713236232,118.69761026969748,2.198717096221489,118.82803804990156,2.2011330992859595,118.49978849631349,2.195052708082958,118.38154270864887,2.192862360406171,118.41539682790368,2.1934894634338895,118.50390707884682,2.195128999406833,118.44455721457273,2.1940296212395607,118.63078337910538,2.1974792159769048,118.38474235006238,2.19292162955457,118.48365489756523,2.1947538543881717,118.48365489756523,2.1947538543881717,118.43066933698975,2.193772366575355,118.21451616090579,2.189768413314809,118.22427978286862,2.189949271568669,118.00297956226476,2.185849976078779,117.95417771110858,2.184945985979732,118.08722330641201,2.187410480625462,117.9976215858143,2.1857507266128797,118.25856781436137,2.19058441224983,118.25856781436137,2.19058441224983,118.22707665533505,2.190001079952123,118.3424637514028,2.192138474127381,118.34081982577828,2.192108022567595,118.23782539124366,2.190200186146016,118.18577324412931,2.1892359885897608,118.14827894344076,2.188541455989252,118.03629873039598,2.186467169840604,118.1279691814521,2.1881652443637343,117.73591447387884,2.18090294661202,117.71772079202528,2.1805659325875277,117.8015619615249,2.1821189799684073,117.8015619615249,2.1821189799684073,117.59390677220584,2.1782724407344873,117.63808604035174,2.179090803563783,117.66366146593386,2.179564554680952,117.68812636660329,2.18001773478489,117.75817851484283,2.1813153586849108,117.18353618892759,2.1706708654779163,117.02322334826263,2.1677012809790117,117.76116784453399,2.1813707320852957,117.8956334938007,2.1838615313627665,117.85278029360174,2.183067732197887,118.4716130958777,2.194530795851614,118.68103546447357,2.1984100697571014,118.62677360207844,2.1974049401319142,118.9015355019444,2.202494542907007,118.92555792648957,2.2029395267227736,119.1485024561256,2.2070692808745718,119.48687116414678,2.21333711610278,119.46453645089672,2.2129233949187515,119.4361452115399,2.2123974845553085,119.33965292638402,2.2106100918980878,119.33965995350324,2.210610222066228,119.22519715022553,2.208489949199097,119.253375345888,2.2090119132083386,119.15516674626538,2.2071927280832497,119.23376180599786,2.2086485981813895,118.81402159737245,2.2008734629400033,118.81402159737245,2.2008734629400033,118.81402159737245,2.2008734629400033,118.81402159737245,2.2008734629400033,118.83979195471599,2.201350824911641,118.789967049035,2.2004278840732403,119.13941425613439,2.2069009339242904,119.2162818776134,2.2083248055010456,119.07919859590064,2.205785518025728,119.07919859590064,2.205785518025728,119.06418262234722,2.2055073668675598,118.65293513627672,2.197889548140234,118.90070490081108,2.2024791571135798,118.01034185741229,2.185986352912074,118.13862766728363,2.188362678793664,118.19083649554425,2.1893297786620565,118.20782793879114,2.189644522797777,118.20782793879114,2.189644522797777,118.13124754272583,2.188225971693996,118.17079195560322,2.1889584799260997,118.13810341906456,2.1883529677849984,119.5529177423426,2.2145605420866405,119.19295363946696,2.207892680575188,119.19295363946696,2.207892680575188,119.91594476852782,2.2212851402234546,120.3020115248431,2.2284365190546245,121.27329572291347,2.2464282812032876,122.99320867603076,2.278287406298051,124.01145016196568,2.2971489904371096,124.24882119943949,2.3015459766700728
Yumurta,117.0,0.0266821187854632,0.0,100.0,2.66821187854632,100.0,2.66821187854632,100.0,2.66821187854632,100.0,2.66821187854632,100.0,2.66821187854632,100.0,2.66821187854632,100.0,2.66821187854632,100.50981606492589,2.68181485134941,99.94615764658936,2.6667752504769284,99.94615764658936,2.6667752504769284,99.94615764658936,2.6667752504769284,100.33937935564248,2.6772672388269063,101.97515158064614,2.7209131076404156,102.8779893986905,2.745002733545484,103.29755705529202,2.7561976875974636,103.76470112020297,2.768662081027342,104.18354898380653,2.77983782947705,104.18354898380653,2.77983782947705,104.18354898380653,2.77983782947705,105.05939658150977,2.8032072991169303,105.27709860149052,2.809016050273892,105.5600402986698,2.81656553424739,105.15968109758818,2.8058831024872766,104.78041535526434,2.7957634888993352,104.78041535526434,2.7957634888993352,105.48310295872814,2.814512683004029,105.72885571856925,2.8210698873339646,105.96942902335181,2.8274888928287845,106.5323048579807,2.842507612709819,106.64679804384465,2.8455625334951673,106.53230485798073,2.84250761270982,106.53230485798073,2.84250761270982,106.53230485798073,2.84250761270982,106.58215096857877,2.8438376125537905,106.9444746916194,2.8535051771707516,107.06027060600678,2.8565948575133073,107.32036962051403,2.8635348503143714,107.40395767087587,2.8657651566031714,107.40395767087587,2.8657651566031714,107.40395767087587,2.8657651566031714,108.09349775193138,2.8841635469532325,108.91025832805788,2.905956449664723,108.91025832805788,2.905956449664723,108.64337800609502,2.8988355172126075,108.64337800609502,2.8988355172126075,108.64337800609502,2.8988355172126075,108.94339122157464,2.9068405054652433,108.94339122157464,2.9068405054652433,108.72977261434562,2.9011407084123735,108.72977261434562,2.9011407084123735,108.72977261434562,2.9011407084123735,108.72977261434562,2.9011407084123735,108.72977261434562,2.9011407084123735,108.72977261434562,2.9011407084123735,108.72977261434562,2.9011407084123735,108.72977261434562,2.9011407084123735,108.72977261434562,2.9011407084123735,108.42572098795236,2.893027966800035,108.42572098795236,2.893027966800035,2.893027966800035,108.42572098795236,108.7728983973727,2.902291395677818,108.81279260921582,2.9033558577770684,108.95025886901826,2.9070237488501105,108.95025886901826,2.9070237488501105,108.95025886901826,2.9070237488501105,108.95025886901826,2.9070237488501105,108.95025886901826,2.9070237488501105,108.95025886901826,2.9070237488501105,108.95025886901826,2.9070237488501105,109.12306547916148,2.911634595348865,109.12306547916148,2.911634595348865,109.12306547916148,2.911634595348865,110.96554397995774,2.9607958255667732,110.96554397995774,2.9607958255667732,110.96554397995774,2.9607958255667732,110.96554397995774,2.9607958255667732,111.16443664892005,2.9661027033855834,111.16443664892005,2.9661027033855834,111.16443664892005,2.9661027033855834,111.16443664892005,2.9661027033855834,111.16443664892005,2.9661027033855834,111.16443664892005,2.9661027033855834,111.16443664892005,2.9661027033855834,111.16443664892005,2.9661027033855834,111.16443664892005,2.9661027033855834,112.01219711703878,2.988722748897547,112.01219711703878,2.988722748897547,112.01219711703878,2.988722748897547,112.01219711703878,2.988722748897547,112.01219711703878,2.988722748897547,112.01219711703878,2.988722748897547,112.01219711703878,2.988722748897547,112.01219711703878,2.988722748897547,112.01219711703878,2.988722748897547,112.01219711703878,2.988722748897547,112.01219711703878,2.988722748897547,112.55416124834532,3.0031835002265286,112.55416124834532,3.0031835002265286,112.66832152285862,3.0062295382316737,112.99914640617486,3.0150566470655047,112.99914640617486,3.0150566470655047,112.99914640617486,3.0150566470655047,112.99914640617486,3.0150566470655047,112.99914640617486,3.0150566470655047,113.23418313555361,3.021327924997735,113.23418313555361,3.021327924997735,113.23418313555361,3.021327924997735,113.23418313555361,3.021327924997735,113.23418313555361,3.021327924997735,113.23515479924664,3.0213538510438123,113.34934146186959,3.024400593139633,114.50370865314324,3.055201555659238,115.73157513929364,3.0879636350953925,115.3983095187606,3.079071402221219,115.3983095187606,3.079071402221219,115.3983095187606,3.079071402221219,115.29548542825157,3.0763278376242496,115.31187973706176,3.076765272519329,115.68929129905281,3.0868354126473814,115.68929129905281,3.0868354126473814,116.48535921009014,3.1080761912109747,116.48535921009014,3.1080761912109747,116.48535921009014,3.1080761912109747,116.48535921009014,3.1080761912109747,116.55351689254523,3.1098947825903833,116.94729979945815,3.120401744888319,116.94729979945815,3.120401744888319,116.9410109541452,3.1202339451706553,116.9410109541452,3.1202339451706553,116.9410109541452,3.1202339451706553,116.30054931854812,3.103145071732122,116.91320564436427,3.119492040592214,116.68133977691026,3.1133053679745117,116.68133977691026,3.1133053679745117,118.0688385402212,3.150326774791857,118.04031229909202,3.149565634237546,118.27487867841285,3.1558243622336604,118.27487867841285,3.1558243622336604,118.80865138665607,3.1700665490394444,119.52054506003532,3.1890613805951693,120.30820223766226,3.210077742970834,123.79585830532407,3.303135796451028,122.6887353887572,3.273595411281082,122.6887353887572,3.273595411281082,122.6887353887572,3.273595411281082,122.6219614641898,3.271813741494003,125.5422007477532,3.3497319129400176,126.19224344082672,3.3670764292922275,126.19224344082672,3.3670764292922275,126.19224344082672,3.3670764292922275,126.19224344082672,126.19224344082672,3.3670764292922275,3.3670764292922275,126.79045957725326,3.3830381033037416,126.79045957725326,3.3830381033037416,127.16029770182836,3.392906168075047,127.16029770182836,3.392906168075047,127.16029770182836,3.392906168075047,127.16029770182836,3.392906168075047,126.77179974621858,3.3825402194755574,126.65794708983205,3.379502389373812,129.5311068233712,3.456164378673713,129.5311068233712,3.456164378673713,129.92621265466983,3.4667066393972523,130.54256011306737,3.483152095495334,130.54256011306737,3.483152095495334,130.23856559193658,3.475040877572392,129.8747529702194,3.4653335859840833,129.65051186870406,3.459350358276868,129.23302833999392,3.4482110131728496,129.43273284189775,3.4535395524146395,129.43273284189775,3.4535395524146395,129.43273284189775,3.4535395524146395,128.95717719042744,3.4408507200330103,127.54548209979508,3.4031837039359023,127.26741976997249,3.3957644118218138,126.64909308479241,3.379266145759617,126.74312442785225,3.3817751012246964,126.52184327985864,3.3758708513489473,126.47180090790835,3.374535614836263,126.47180090790835,3.374535614836263,124.17778607489008,3.313326438566055,120.3710912018365,3.2117557537832258,120.13205920846882,3.205377873742663,119.53820073718946,3.1895324714702338,118.90555765623141,3.1726522136353097,118.90555765623141,3.1726522136353097,119.18082773672651,3.179997002621164,119.23709301458223,3.1814982794484075,119.27622561844875,3.1825424202331583,118.51320305690976,3.1621833616101864,118.11149173510502,3.151464852404327,118.14331075753557,3.1523138513404563,118.14331075753557,3.1523138513404563,118.34003807574038,3.1575629530131426,118.02996242939628,3.14928947778491,117.7951280004596,3.143023597657105,117.5990976584977,3.1377930927873225,117.0336663856854,3.1227061884011293,116.8209245342125,3.11702978504949,116.8209245342125,3.11702978504949,116.00744204630531,3.0953243486772566,116.87348850193844,3.118432303080189,116.78832964300602,3.1161600842905197,115.9497555930711,3.0937851518797492,115.69240323100689,3.0869184455854324,116.16257856191422,3.099463719614696,116.16257856191422,3.099463719614696,116.23832846454964,3.101484887514802,115.13399558378237,3.0720189464114767,113.69748383348065,3.0336897692532125,114.04951038060132,3.0430825833991224,113.00784297919795,3.015288690059933,112.64214891784393,3.0055311976757464,113.33843121578629,3.02410948465766,114.12009869851244,3.044966029282493,114.12009869851244,3.044966029282493,114.00286204194867,3.041837906886048,114.00286204194867,3.041837906886048,114.00286204194867,3.041837906886048,114.00286204194867,3.041837906886048,114.00286204194867,3.041837906886048,114.00286204194867,3.041837906886048,113.94767130484634,3.040365301082826,113.91652192449766,3.039534169616269,113.62498353878341,3.0317553077781194,113.34577401773902,3.024305406171581,112.3250977446461,2.9970716006114118,112.3250977446461,2.9970716006114118,112.15600872877238,2.992559947404552,112.63492408003448,3.0053384236951093,113.09636951484978,3.017650765599861,112.8765520543143,3.0117855700067344,111.9866191752919,2.9880402752175694,111.9866191752919,2.9880402752175694,111.9679365159074,2.9875417822806436,112.21648106672492,2.9941734775090367,112.47002811768868,3.0009386500405553,111.85811580552173,2.9846115330410297,111.71170758811397,2.9807050515929876,112.32807398740438,2.9971510130742227,112.0985349739011,2.9910264258500296,112.0985349739011,2.9910264258500296,112.62108334830512,3.0049691236470286,112.6029196004939,3.0044844763703407,113.33872198259715,3.0241172429322463,113.45159741324969,3.0271289985808774,113.45159741324969,3.0271289985808774,113.45159741324969,3.0271289985808774,113.45159741324969,3.0271289985808774,113.22065481871093,3.0209669608407714,112.64206317868017,3.005528909973195,112.27314247936977,2.9956853240517782,111.64565367981187,2.978942593365427,112.27978955675479,2.995862682160142,112.27978955675479,2.995862682160142,112.27978955675479,2.995862682160142,112.27978955675479,2.995862682160142,112.18321910198003,2.993285977814675,112.920433165662,3.012956411032152,113.32418975611012,3.023729492338902,113.88684969231784,3.0387424515926176,113.38256243883671,3.025286999193239,113.2319502917928,3.0212683479952798,113.2319502917928,3.0212683479952798,113.30466876029234,3.0232086308096817,113.44078540184208,3.02684051120819,113.44078540184208,3.02684051120819,113.4166208046203,3.0261957485547155,113.37565792598264,3.025102772161111,113.37565792598264,3.025102772161111,113.42527041528612,3.0264265384939493,113.31501833403637,3.0234847793656985,113.39909868390608,3.0257282212484453,113.43921527607652,3.0267986169260053,115.83915075936795,3.090833980568635,114.1015079750485,3.0444699893907208,114.1015079750485,3.0444699893907208,114.1015079750485,3.0444699893907208,114.4285817738923,3.0531970113430837,114.25186942346568,3.0484819514181423,114.08766813669749,3.0441007131798674,114.08766813669749,3.0441007131798674,114.08766813669749,3.0441007131798674
Zeytin,118.0,0.0163224629412511,-0.07473449099271168,100.0,1.6322462941251101,99.87644351659893,1.6302295480036448,99.87644351659893,1.6302295480036448,99.87644351659893,1.6302295480036448,99.87644351659893,1.6302295480036448,99.93675537862585,1.631213986136497,100.04357183817909,1.6329574938390705,100.09626988977993,1.6338176558334014,100.16107194681886,1.634875385007936,100.1846380589472,1.6352600419998202,100.2281965972338,1.6359710246267785,100.18858070925094,1.6353243957632935,100.05536209586698,1.633149939883249,100.24750910543025,1.6362862523261177,99.78687150892861,1.6287675122278726,99.79545042922845,1.6289075413365426,99.84364234641457,1.6296941521188808,99.87496935208121,1.630205486007935,99.84574172727069,1.6297284191851045,99.90399865852794,1.630679315786622,99.98006010895728,1.6319208259925126,100.35191721996446,1.6379904499063682,100.66047592331601,1.6430268879070242,100.72855547224981,1.6441381138215532,100.96730992615417,1.648035174547466,101.5314579160147,1.6572434592053458,101.5314579160147,1.6572434592053458,101.28089033460034,1.6531535791434309,101.28089033460034,1.6531535791434309,101.32463325850425,1.6538675713977944,101.24911237707738,1.6526348846094137,101.28335120735012,1.6531937466476923,101.4305562758994,1.6555964959238523,101.54570414645832,1.657475992773814,101.61438240047032,1.6585969910297949,101.74267024088903,1.6606909645508423,101.4933807965225,1.6566219468335246,101.43397831612295,1.6556523520485846,101.46827966144743,1.6562122344864785,101.4364429085282,1.6556925802667848,101.93340317099786,1.66380419573422,102.24158691642675,1.668834513498079,102.24158691642675,1.668834513498079,102.27616136610906,1.6693988536717328,102.2440711317046,1.6688750620098898,102.2440711317046,1.6688750620098898,102.27864642145919,1.669439415895592,102.27864642145927,1.6694394158955934,102.24655540734209,1.6689156115069186,102.06158711188431,1.6658964733590025,101.82736761341727,1.662073434275156,101.82736759933559,1.6620734340453083,101.79541862936574,1.6615519481669643,101.79541862936574,1.6615519481669643,101.79541862936574,1.6615519481669643,101.77093684043082,1.6611523450743384,101.80535213308232,1.661714087413255,101.77340962008674,1.661192706928634,101.80393197460982,1.661690906929217,1.661690906929217,101.80393197460982,101.80393197460982,1.661690906929217,101.80393197460982,1.661690906929217,102.1735849639625,1.6677245541490486,102.1418032764958,1.667205798733163,102.1418032764958,1.667205798733163,102.1418032764958,1.667205798733163,102.1418032764958,1.667205798733163,102.1418032764958,1.667205798733163,102.1418032764958,1.667205798733163,101.96755521438743,1.6643616411968143,101.82284951595184,1.6619996877967116,101.72515853331403,1.6604051303529115,101.72515853331403,1.6604051303529115,101.72515853331403,1.6604051303529115,101.72515853331403,1.6604051303529115,101.72515853331403,1.6604051303529115,101.72515853331403,1.6604051303529115,101.72515853331403,1.6604051303529115,101.72515853331403,1.6604051303529115,101.72515853331403,1.6604051303529115,101.72515853331403,1.6604051303529115,101.72515853331403,1.6604051303529115,101.72515853331403,1.6604051303529115,101.72515853331403,1.6604051303529115,101.72515853331403,1.6604051303529115,101.5684807236223,1.6578477626105017,101.5684807236223,1.6578477626105017,101.5684807236223,1.6578477626105017,101.5684807236223,1.6578477626105017,101.68617937952942,1.6597688945597808,101.75100036711126,1.6608269327274008,101.78939382060437,1.6614536084492286,101.78939382060437,1.6614536084492286,102.08530174306827,1.6662835545476682,102.08530174306827,1.6662835545476682,102.08530174306827,1.6662835545476682,102.51960868986687,1.6733725135919164,103.43112866505413,1.6882507646071205,103.58698725194482,1.6907947606157194,103.58698725194482,1.6907947606157194,104.02306160137952,1.6979125680239977,104.02306160137952,1.6979125680239977,104.02306160137952,1.6979125680239977,104.02306160137952,1.6979125680239977,104.21442735971797,1.7010361285227014,104.28860527602852,1.7022468948127396,104.34165626859861,1.7031128176729615,104.64426649319462,1.7080521618495734,104.64426649319462,1.7080521618495734,104.66092133822652,1.708324009940399,104.94852547493106,1.7130184178035093,105.31271298944145,1.7189628550127716,107.12595788454703,1.7485594776165452,107.42135010692874,1.7533810062195043,107.19505405957153,1.7496872973727646,107.19505405957153,1.7496872973727646,107.19505405957153,1.7496872973727646,107.19505405957153,1.7496872973727646,107.19505405957153,1.7496872973727646,107.19505405957153,1.7496872973727646,107.39446621725102,1.7529421949265231,107.39446621725102,1.7529421949265231,107.45194112596394,1.7538803269940415,107.49423407179037,1.7545706520349698,107.35227339047108,1.752253504075021,107.23279102759548,1.7503032576348507,107.44595306125264,1.7537825870297015,107.48719520774345,1.7544557604374154,107.64201524225841,1.7569828047133491,107.64201524225841,1.7569828047133491,107.64201524225841,1.7569828047133491,107.94194863300845,1.7618784563687104,107.94194863300845,1.7618784563687104,107.94666856589798,1.7619554972983849,107.94666856589798,1.7619554972983849,108.40670883164813,1.7694644874875751,108.40670883164813,1.7694644874875751,108.40670883164813,1.7694644874875751,109.17237097009173,1.7819619793678398,109.17237097009173,1.7819619793678398,108.89437810350861,1.7774244511051047,108.99159265873013,1.779011232080058,109.17529532600349,1.7820097120588365,109.17529532600349,1.7820097120588365,109.17529532600349,1.7820097120588365,109.17529532600349,1.7820097120588365,110.03563651604928,1.7960525992501908,110.31011988062448,1.8005328437964594,110.31011988062448,1.8005328437964594,110.31011988062448,1.8005328437964594,110.31011988062448,110.31011988062448,1.8005328437964594,1.8005328437964594,110.20889815100132,1.7988806558658361,110.31011988062444,1.8005328437964587,110.55951017089048,1.804603507567234,110.55951017089048,1.804603507567234,110.55951017089048,1.804603507567234,110.55951017089048,1.804603507567234,110.54352358246243,1.8043425670700601,110.336212757064,1.8009587438051742,110.54665184976659,1.8043936280972026,110.72861997151067,1.8073637960208593,110.72861997151067,1.8073637960208593,110.95294982191018,1.811025411690622,110.95294982191018,1.811025411690622,111.43412803265392,1.818879425203624,111.95631455288526,1.827402795328521,111.7523605395143,1.824073763503554,112.0265151639738,1.8285486422014667,111.82243326414607,1.8252175229545486,111.49146475387835,1.8198153017109826,111.32493797798682,1.817097174582767,111.32493797798682,1.817097174582767,111.53385238700182,1.8205071722818078,111.53385238700182,1.8205071722818078,111.42716542938491,1.818765778369791,111.28083039678462,1.816377230223166,111.28083039678462,1.816377230223166,111.28083039678462,1.816377230223166,111.28083039678462,1.816377230223166,111.14988855159432,1.814239936807588,111.4542698282869,1.8192081889164136,111.9430473043671,1.827186241156251,112.00729110515822,1.828234858213869,112.00729110515822,1.828234858213869,112.00729110515822,1.828234858213869,111.79176891528155,1.82471700525659,111.79176891528155,1.82471700525659,111.8782841932189,1.8261291476745742,111.83336064825167,1.8253958847766572,111.97596752596975,1.827723580253378,111.97596752596975,1.827723580253378,111.97596752596975,1.827723580253378,112.03664390285219,1.828713968166451,112.03664390285219,1.828713968166451,112.02172312635506,1.8284704243450218,112.26811269725016,1.8324921089850679,112.09334045428325,1.8296393955260812,112.09334045428325,1.8296393955260812,112.09334045428325,1.8296393955260812,112.05330198340626,1.828985869068967,112.19936867454206,1.8313700372219823,112.33236307632876,1.8335408334165397,112.04899966167426,1.8289156445819352,111.93795269745796,1.8271030846237761,111.95419127588455,1.8273681382183629,111.95419127588455,1.8273681382183629,112.13715386002028,1.830354538217554,112.68660256350229,1.8393228943182574,112.97669207178882,1.84405786956691,112.55157458676015,1.8371189051718517,112.4334452518529,1.8351907434805534,112.16242738379437,1.8307670643727512,111.83024452774055,1.8253450220150937,111.64545315791534,1.822328771729259,111.64545315791534,1.822328771729259,111.64545315791534,1.822328771729259,110.56031082432789,1.8046165762032949,111.03987148315761,1.812444187285125,110.74582916414957,1.8076446924299567,110.99386627557965,1.8116932689893293,110.99386627557965,1.8116932689893293,110.83245710963985,1.8090586738598986,111.74575573356482,1.8239659568032094,112.88821911105195,1.8426137729439798,112.88951365014191,1.8426349030103015,112.91268707277152,1.8430131503423954,112.83069274792454,1.8416748010136876,112.71267038386921,1.8397483853501557,113.0374466320561,1.8450495336253847,113.04511241989613,1.845174658163319,112.86315990563749,1.842204744992265,113.18666862682953,1.8474852041050935,113.08537297579888,1.845831809595036,113.04298104908116,1.8451398689421779,112.82469119375801,1.8415768408682145,112.79919923591257,1.8411607493309823,112.66205017493141,1.83892213886569,112.57921101027021,1.8375699996704236,112.81391549303214,1.8414009548924506,110.8755845089223,1.8097626192364389,110.77535077066682,1.8081265577583008,112.70641037634581,1.839646206609343,113.41673671942473,1.8512404820204431,112.36048826816649,1.8339999058180267,112.40466096706992,1.8347209130588928,112.35126758811856,1.8338494016096512,112.1145313874909,1.8299852837480535,112.20195432858675,1.8314122414643057,112.24986922477251,1.8321943305816317,112.51843375414974,1.836577965159726,112.40318036485635,1.8346967459841312,112.33720844259403,1.8336199217278415,112.33720844259403,1.8336199217278415,111.46710323302314,1.819417661689631,111.42409816840993,1.8187157131161957,112.05357704612906,1.8289903587700667,112.05357704612906,1.8289903587700667,112.17058510852974,1.8309002185324292,111.71228504923296,1.8234196327985843,111.65383561603592,1.8224655940912886,111.23069543788822,1.8155589042145184,111.23069543788822,1.8155589042145184,111.41853265189141,1.8186248701790733,111.48786926765612,1.8197566145203645,111.48786926765612,1.8197566145203645,111.64214056353077,1.8222747020301773,111.62023625654226,1.8219171697911034,112.03961736456311,1.8287625023850347,112.03961736456311,1.8287625023850347,112.03961736456311,1.8287625023850347,112.11174497101013,1.8299398025683071,112.02936859880646,1.8285952172857782,112.02936859880646,1.8285952172857782,113.35771806280029,1.8502771521848482,113.42320229102666,1.8513460160733095,113.42320229102666,1.8513460160733095,113.42320229102666,1.8513460160733095,113.69866529797952,1.8558422507959833,113.78000014551286,1.8571698358306785,113.12851075543573,1.8465359244045263,113.02689179939532,1.844877252760428,112.94242172712414,1.843498493136137
Zeytinyağı,119.0,0.0161761527348233,-0.4774795463307169,100.0,1.61761527348233,100.0,1.61761527348233,100.0,1.61761527348233,100.0,1.61761527348233,100.0,1.61761527348233,100.0,1.61761527348233,100.0,1.61761527348233,100.0,1.61761527348233,99.89385253136425,1.615898215817263,99.55719945965824,1.6104524643106992,99.55719945965824,1.6104524643106992,99.54209875142543,1.6102081929479213,99.54209875142543,1.6102081929479213,99.54209875142543,1.6102081929479213,99.18223232435443,1.6043869386594858,97.86045304990975,1.5830056352343447,97.27609117776042,1.5735529083380497,97.27609117776042,1.5735529083380497,98.43004591512306,1.5922194564187007,98.5720069965329,1.594515840553987,98.61761306534144,1.5952535712886688,97.72584745666413,1.5808282345990419,97.5172148967006,1.5774533624436147,97.36115256136937,1.5749288742711434,97.36115256136937,1.5749288742711434,97.50469846758912,1.5772508947746129,96.58439678869296,1.5623639542546741,96.00448647097492,1.5529832363827674,96.00448647097492,1.5529832363827674,95.93688041181672,1.5518896304440246,96.99607445213475,1.5690233150160238,96.81127368972183,1.5660339496577207,96.81127368972183,1.5660339496577207,96.60537591393418,1.5627033157888193,96.01076801877268,1.553084847659355,95.96408467966504,1.5523296908357782,94.95080330157771,1.5359386965004853,94.48598043349415,1.5284196507917271,94.33102240914519,1.525913026122372,94.33102240914519,1.525913026122372,94.20136386261511,1.5238156496703261,94.09954562220875,1.5221686222623219,93.86693625641016,1.5184058976336134,93.86693625641016,1.5184058976336134,93.6211545664946,1.5144300954781162,93.6211545664946,1.5144300954781162,93.6211545664946,1.5144300954781162,93.80948622448373,1.5174765771425511,93.60741846577405,1.5142078982148799,93.41812449218287,1.5111458499862873,93.41812449218287,1.5111458499862873,93.34628958545427,1.5099838375633536,93.71329945533282,1.5159206452736966,93.71329945533282,1.5159206452736966,93.86561453365236,1.5183845172444101,93.81276913182934,1.5175296819531878,93.81276913182934,1.5175296819531878,93.81276913182934,1.5175296819531878,94.3758954362608,1.5266388990626678,1.5266388990626678,94.3758954362608,94.3758954362608,1.5266388990626678,94.3758954362608,1.5266388990626678,94.3758954362608,1.5266388990626678,94.3758954362608,1.5266388990626678,94.06449193663056,1.5216015884904905,93.24423647227674,1.5083330108175297,93.24423647227674,1.5083330108175297,93.24423647227674,1.5083330108175297,92.91624892863184,1.5030274342164105,92.91624892863184,1.5030274342164105,92.91624892863184,1.5030274342164105,92.91624892863184,1.5030274342164105,92.82234420063202,1.5015084169937631,92.82234420063202,1.5015084169937631,93.13720567932262,1.5066016643633746,93.13720567932262,1.5066016643633746,93.13720567932262,1.5066016643633746,93.13720567932262,1.5066016643633746,93.13720567932262,1.5066016643633746,93.13720567932262,1.5066016643633746,93.13720567932262,1.5066016643633746,93.13720567932262,1.5066016643633746,93.13720567932262,1.5066016643633746,93.13720567932262,1.5066016643633746,93.13720567932262,1.5066016643633746,93.13720567932262,1.5066016643633746,93.13720567932262,1.5066016643633746,93.13720567932262,1.5066016643633746,92.98141098780465,1.5040815056381054,92.98141098780465,1.5040815056381054,92.98141098780465,1.5040815056381054,93.07911411051244,1.5056619662736956,93.07911411051244,1.5056619662736956,93.19640808987701,1.507559331598772,93.19640808987701,1.507559331598772,93.20858528023585,1.5077563116898978,93.20858528023585,1.5077563116898978,93.45795528638345,1.5117901589968252,93.1608209726914,1.5069836689557856,93.1608209726914,1.5069836689557856,93.1608209726914,1.5069836689557856,93.1608209726914,1.5069836689557856,93.1608209726914,1.5069836689557856,92.59456546796748,1.4978238334244371,92.59456546796748,1.4978238334244371,92.47847035417507,1.4959458611319645,92.47847035417507,1.4959458611319645,92.47847035417507,1.4959458611319645,92.47847035417507,1.4959458611319645,92.48894742662846,1.4961153398561842,92.52639738859635,1.49672113616089,92.52639738859635,1.49672113616089,92.69734368949011,1.4994863896336008,92.95416394535575,1.5036407533178795,92.52047607236419,1.4966253520451276,92.03466522292376,1.488766801544345,92.03466522292376,1.488766801544345,92.52047607236419,1.4966253520451276,92.2253758844687,1.491851766333655,92.49270681532543,1.4961761523019361,92.49270681532543,1.4961761523019361,92.5464498207914,1.4970455073667819,92.5464498207914,1.4970455073667819,92.5464498207914,1.4970455073667819,92.46354442585792,1.4957044170357972,92.46354442585792,1.4957044170357972,93.15229516218814,1.5068457541428968,93.2622876166057,1.5086250088852333,93.2622876166057,1.5086250088852333,93.2622876166057,1.5086250088852333,93.2622876166057,1.5086250088852333,93.4105479082675,1.511023290007664,93.4105479082675,1.511023290007664,93.26455891262249,1.508661749716507,93.26455891262249,1.508661749716507,93.26455891262249,1.508661749716507,93.26455891262249,1.508661749716507,93.26455891262249,1.508661749716507,93.26455891262249,1.508661749716507,93.26455891262249,1.508661749716507,93.26455891262249,1.508661749716507,93.26455891262249,1.508661749716507,93.16098070226194,1.506986252765715,93.16098070226194,1.506986252765715,93.16098070226194,1.506986252765715,93.16098070226194,1.506986252765715,93.16098070226194,1.506986252765715,93.16098070226194,1.506986252765715,93.00416862878065,1.5044496367144173,93.00416862878065,1.5044496367144173,93.00416862878065,93.00416862878065,1.5044496367144173,1.5044496367144173,93.00416862878065,1.5044496367144173,93.00416862878065,1.5044496367144173,93.00416862878065,1.5044496367144173,93.20922137544648,1.5077666012631787,93.20922137544648,1.5077666012631787,93.20922137544648,1.5077666012631787,93.20922137544648,1.5077666012631787,93.20922137544648,1.5077666012631787,93.20458885786374,1.5076916649512138,93.20458885786374,1.5076916649512138,93.20458885786374,1.5076916649512138,93.20458885786374,1.5076916649512138,93.20458885786374,1.5076916649512138,93.20458885786374,1.5076916649512138,93.20917361635867,1.5077658287048799,93.30104755980958,1.5092519956464923,93.2045888578638,1.5076916649512146,93.2045888578638,1.5076916649512146,93.12772311503804,1.5064482729551896,93.21509064639876,1.507861543486545,93.12689928306722,1.5064349465234017,93.12199329040811,1.506355586436832,93.12199329040811,1.506355586436832,92.57514329454644,1.497509657380736,92.76794171078112,1.5006283940087803,92.76794171078112,1.5006283940087803,92.76794171078112,1.5006283940087803,92.79383543903764,1.5010472549119318,92.79383543903764,1.5010472549119318,93.06601309190222,1.5054500421956751,93.57020515673749,1.5136059300441362,93.75583638629048,1.5166087291657386,93.89770745557648,1.5189036572511616,93.89770745557648,1.5189036572511616,93.89770745557648,1.5189036572511616,94.09523828484322,1.5220989461152166,93.89342681026714,1.518834412878834,94.6472408709646,1.5310282242583335,94.49372275142235,1.5285448917090552,94.03310918534774,1.5210939363125007,94.03310918534774,1.5210939363125007,94.03310918534774,1.5210939363125007,93.98331959740626,1.5202885323333555,94.1222457653532,1.5225358232449289,94.55305395241538,1.529504642278259,94.78096285588592,1.5331913315104244,94.92319111924506,1.5354920376217307,94.9844368848276,1.536482758480155,94.95200622308036,1.5359581551424402,94.74422967189146,1.5325971299156937,94.83068595527743,1.5339956599606304,94.55700980617561,1.529568632772881,93.99120926636412,1.5204161568234449,93.99120926636412,1.5204161568234449,93.99120926636412,1.5204161568234449,94.0883347207917,1.5219872730087047,94.72816527010676,1.5323372696988309,94.62063234676754,1.5305978007068735,93.6842539629985,1.5154508009534386,92.85087665502297,1.5019699623338907,92.99049177396371,1.5042283978219666,94.20108720916727,1.5238111744818992,93.57018416247159,1.5136055904376846,93.57018416247159,1.5136055904376846,92.9819923134363,1.5040909092503114,93.1372235066014,1.506601952740159,93.2012101790434,1.507637010926574,93.2012101790434,1.507637010926574,93.2012101790434,1.507637010926574,93.2012101790434,1.507637010926574,93.5457018201217,1.5132095603285265,93.45531115929884,1.5117473871932543,94.65557628284404,1.5311630591540029,93.85444503805654,1.5182038377776812,93.8439217992786,1.5180336122599443,93.8439217992786,1.5180336122599443,94.39684410425261,1.5269777679156944,94.42655782563963,1.5274584216111708,94.14488900752406,1.5229021037886963,94.23255965916898,1.524320277640066,93.49017809255974,1.5123114000310776,93.08380284236408,1.5057378119162605,92.9040372266721,1.5028298958603574,93.45617609457905,1.5117613785184527,93.62363550075837,1.5144702274496922,93.67138300615261,1.5152425983896562,93.33821997386269,1.5098533022937377,93.321405239876,1.5095813045885735,93.321405239876,1.5095813045885735,93.321405239876,1.5095813045885735,93.4713306404237,1.5120065207666626,94.30900730411778,1.5255569064209753,94.5504702843841,1.529462848469569,94.5504702843841,1.529462848469569,94.3615227763551,1.5264064047208277,93.41169789835548,1.511041892422971,93.09934477712058,1.5059892206266763,93.12070746983596,1.5063347868068675,93.30717039566258,1.5093510395744207,92.76080322289492,1.5005129207384376,93.57157664065622,1.5136281153774789,93.45640516464717,1.5117650839908614,93.45640516464717,1.5117650839908614,93.45640516464717,1.5117650839908614,93.64448816776887,1.5148075433761825,93.6781523626141,1.5153521005336936,93.49230805069452,1.5123458545591844,92.86143302683125,1.502140723816587,92.87436441899817,1.5023499039913528,92.7080796247139,1.4996600557615318,92.7080796247139,1.4996600557615318,93.42011174783286,1.5111779961372047,93.42011174783286,1.5111779961372047,93.33519301293477,1.5098043377114452,91.29766369824752,1.4768449523153844,90.95647760152978,1.4713258739038801,90.95647760152978,1.4713258739038801,90.95647760152978,1.4713258739038801,91.3274922458312,1.477327463456956,91.17346141554457,1.4748358372203678,91.25490446154716,1.4761532723716948,91.25490446154716,1.4761532723716948,92.36737202823704,1.4941487176430077,92.42700095948425,1.4951132843422767,92.42700095948425,1.4951132843422767,92.42700095948425,1.4951132843422767,92.83855511268743,1.5017706471831422,92.83855511268743,1.5017706471831422,92.53488766981974,1.4968584762467212,92.53488766981974,1.4968584762467212,92.09305250797621,1.489711283185125
Çarliston Biber,120.0,0.0024758658007126,0.0,100.0,0.24758658007125997,100.0,0.24758658007125997,100.0,0.24758658007125997,100.0,0.24758658007125997,93.18181818181816,0.2307056768845831,95.63397129186605,0.2367768789078617,95.63397129186605,0.2367768789078617,95.63397129186605,0.2367768789078617,95.64726671424056,0.2368097965894248,95.64726671424056,0.2368097965894248,95.64726671424056,0.2368097965894248,95.64726671424056,0.2368097965894248,102.8208117178086,0.25457053133363167,105.05604675515224,0.26010467331914533,118.18805259954628,0.2926177574840385,104.39944646293252,0.2584790191109006,104.39944646293252,0.2584790191109006,104.39944646293252,0.2584790191109006,117.01129925905039,0.28970427413243044,114.76108196560699,0.2841330380914219,114.76108196560699,0.2841330380914219,119.35152524423127,0.2954983596150787,110.51067152243628,0.2736095922361838,110.51067152243628,0.2736095922361838,110.51067152243628,0.2736095922361838,110.51067152243628,0.2736095922361838,110.51067152243628,0.2736095922361838,110.51067152243628,0.2736095922361838,108.10826561977471,0.26766155762235394,108.29704128720827,0.2681289408413594,108.10826561977474,0.267661557622354,108.10826561977474,0.267661557622354,101.41584917664579,0.2510920326266844,101.41584917664579,0.2510920326266844,101.41584917664579,0.2510920326266844,101.41584917664579,0.2510920326266844,101.41584917664579,0.2510920326266844,91.26919092985783,0.2259702684819436,91.26919092985783,0.2259702684819436,90.27713450670723,0.22351406991148776,90.27713450670723,0.22351406991148776,90.27713450670723,0.22351406991148776,90.27713450670723,0.22351406991148776,92.78483268744903,0.2297227940756956,95.68617204603088,0.23690612096986982,95.68617204603088,0.23690612096986982,93.16811488692484,0.23067174936539966,93.16811488692484,0.23067174936539966,93.16811488692484,0.23067174936539966,93.16811488692484,0.23067174936539966,86.13160991817425,0.2132503073567258,86.13160991817425,0.2132503073567258,86.13160991817425,0.2132503073567258,85.14159141336764,0.21079915439860247,87.64575586670198,0.21699912952797312,93.00383437467488,0.23026501286339643,95.45130370032425,0.23632461846506483,100.22386888534034,0.24814084938831776,100.22386888534034,0.24814084938831776,0.24814084938831776,100.22386888534034,100.22386888534034,0.24814084938831776,100.22386888534034,0.24814084938831776,100.22386888534037,0.24814084938831785,100.22386888534037,0.24814084938831785,100.22386888534037,0.24814084938831785,101.41843228087497,0.2510984280461051,101.41843228087497,0.2510984280461051,101.41843228087497,0.2510984280461051,107.57422916215886,0.2663393550206091,108.81213743790306,0.2694042497849433,114.30803437698063,0.2830113530606465,114.30803437698063,0.2830113530606465,114.30803437698063,0.2830113530606465,114.30803437698063,0.2830113530606465,114.30803437698063,0.2830113530606465,114.30803437698063,0.2830113530606465,114.30803437698063,0.2830113530606465,110.67443130000592,0.2740150394690008,110.67443130000592,0.2740150394690008,110.67443130000592,0.2740150394690008,110.67443130000592,0.2740150394690008,110.67443130000592,0.2740150394690008,110.67443130000592,0.2740150394690008,110.67443130000592,0.2740150394690008,110.67443130000592,0.2740150394690008,110.67443130000592,0.2740150394690008,110.67443130000592,0.2740150394690008,110.67443130000592,0.2740150394690008,110.67443130000592,0.2740150394690008,110.67443130000592,0.2740150394690008,112.29211606483818,0.27802020985458276,107.95901404272092,0.26729203074702407,107.95901404272092,0.26729203074702407,112.29211606483813,0.27802020985458265,112.29211606483813,0.27802020985458265,112.29211606483813,0.27802020985458265,107.36335775381724,0.26581726571234804,107.36335775381724,0.26581726571234804,105.69010681600328,0.2616745209394042,105.69010681600328,0.2616745209394042,105.69010681600328,0.2616745209394042,105.69010681600328,0.2616745209394042,105.69010681600328,0.2616745209394042,108.58488870479013,0.26884161241837373,112.68823226005983,0.27900094039544043,112.68823226005983,0.27900094039544043,112.68823226005983,0.27900094039544043,108.34468103471629,0.26824689046296907,108.34468103471629,0.26824689046296907,108.34468103471629,0.26824689046296907,105.32853543822587,0.2607793187306485,101.2641424435254,0.2507164271144138,101.2641424435254,0.2507164271144138,102.1683344155357,0.25295508509519293,102.1683344155357,0.25295508509519293,102.1683344155357,0.25295508509519293,102.1683344155357,0.25295508509519293,104.66426827984272,0.25913468239067117,104.66426827984272,0.25913468239067117,104.66426827984272,0.25913468239067117,94.52848368487653,0.23403983994860478,94.52848368487653,0.23403983994860478,94.52848368487653,0.23403983994860478,94.52848368487653,0.23403983994860478,95.9735444235205,0.23761761641136583,110.52108031483219,0.2736353630093036,110.52108031483219,0.2736353630093036,110.52108031483219,0.2736353630093036,112.90164920018012,0.279529332098777,112.90164920018012,0.279529332098777,112.90164920018012,0.279529332098777,115.6689723890625,0.28638085294164983,116.45093949922287,0.28831689856697795,116.45093949922287,0.28831689856697795,116.45093949922287,0.28831689856697795,120.21363553397993,0.2976328289979098,120.21363553397993,0.2976328289979098,120.21363553397993,0.2976328289979098,120.21363553397993,0.2976328289979098,122.39322015519127,0.30302918802132617,122.39322015519127,0.30302918802132617,118.56230295421433,0.2935443511380657,120.60794088779325,0.2986090761384541,120.60794088779325,0.2986090761384541,120.60794088779325,0.2986090761384541,120.60794088779325,0.2986090761384541,124.50495556960048,0.30825756151401557,124.50495556960048,0.30825756151401557,124.50495556960048,0.30825756151401557,128.16862371846503,0.3173283121889493,128.16862371846503,128.16862371846503,0.3173283121889493,0.3173283121889493,128.16862371846503,0.3173283121889493,128.16862371846503,0.3173283121889493,128.16862371846503,0.3173283121889493,132.30993485188867,0.32758164279430324,122.82922515621448,0.3041086778922992,113.6230957476097,0.2813155369326001,113.6230957476097,0.2813155369326001,113.6230957476097,0.2813155369326001,107.29375649810844,0.26564494234365194,87.6430523011441,0.21699243586246839,76.15552605852535,0.18855086250358014,76.15552605852535,0.18855086250358014,76.15552605852535,0.18855086250358014,76.15552605852535,0.18855086250358014,72.33222746842507,0.17908488827843816,79.61745044895565,0.19712212270649931,79.61745044895565,0.19712212270649931,79.61745044895565,0.19712212270649931,79.61745044895565,0.19712212270649931,79.61745044895565,0.19712212270649931,79.61745044895565,0.19712212270649931,79.61745044895565,0.19712212270649931,74.28968132267221,0.1839312813326417,74.28968132267221,0.1839312813326417,68.06344721976858,0.1685159612500321,68.06344721976858,0.1685159612500321,68.06344721976858,0.1685159612500321,68.76176848742944,0.1702449109945439,68.76176848742944,0.1702449109945439,69.44244769259687,0.17193018135987417,69.44244769259687,0.17193018135987417,69.44244769259687,0.17193018135987417,67.64265633770167,0.16747413949587095,67.64265633770167,0.16747413949587095,68.44427270113071,0.16945883403537654,65.42600677522948,0.1619860126519815,62.62523684326792,0.15505168216177373,59.588912435373565,0.14753415040039916,55.3925165353536,0.13714443730528916,54.54142786795349,0.13503725598029917,54.54142786795349,0.13503725598029917,54.54142786795349,0.13503725598029917,52.04781683358941,0.12886340970003757,51.00366483554101,0.1262782294773238,51.00366483554101,0.1262782294773238,49.754088723561864,0.12318444671628723,52.939875585219234,0.13107202745542423,50.60307686768047,0.12528642742752094,49.74347186241604,0.12315816079286536,43.896483047724175,0.10868180114942068,41.50770405395773,0.10276750493329369,39.53042068939476,0.09787201667265427,36.64442203112405,0.09072667129373939,36.64442203112405,0.09072667129373939,36.64442203112405,0.09072667129373939,38.824491738721846,0.09612423132595029,39.280601904264564,0.09725349888617486,39.36895870624012,0.09747225847044648,39.36895870624012,0.09747225847044648,39.29360812454659,0.09728570054216765,38.340111194735606,0.09492497010256418,38.340111194735606,0.09492497010256418,39.58057298678485,0.09799618703058957,39.58057298678485,0.09799618703058957,37.70732282831766,0.0933582710270612,37.83835277798687,0.09368268359831629,37.83835277798687,0.09368268359831629,37.83835277798687,0.09368268359831629,37.83835277798687,0.09368268359831629,37.83835277798687,0.09368268359831629,43.87183315543517,0.10862077132411108,46.0321452750477,0.11396941421992468,48.15700598363419,0.11923028417959193,49.9245624510037,0.12360651678798047,49.85934293370224,0.1234450420155548,49.85934293370224,0.1234450420155548,48.9075171972459,0.12108844922642446,46.565598719289774,0.11529017335879599,45.88658244089371,0.11360902017698803,45.66974130841693,0.11307215063290098,43.977883924320196,0.10888333879593279,45.214907133168225,0.11194604225340739,45.36623736850478,0.11232071560769094,45.69112500831586,0.11312509380417343,48.223476755122924,0.11939485688946787,47.586488912782876,0.11781776047514843,48.22142146057697,0.11938976825599114,50.107181308815754,0.12405865657260252,50.107181308815754,0.12405865657260252,48.08665481439546,0.11905610412563361,48.08665481439546,0.11905610412563361,50.10718130881576,0.12405865657260255,50.57048880544753,0.12520574375872692,55.3286317618062,0.1369862671792769,56.16770963691516,0.13906371139439377,56.16770963691516,0.13906371139439377,56.16770963691516,0.13906371139439377,57.649868565351525,0.14273333799653018,61.69906356652981,0.1527586014203639,63.328693586392774,0.15679334665435724,65.09669088035399,0.16117067069022822,65.09669088035399,0.16117067069022822,65.46142096963612,0.1620736934447727,65.46142096963612,0.1620736934447727,67.58179394764278,0.16732345238577453,67.58179394764278,0.16732345238577453,65.84271938323495,0.163017737146868,65.06825581049297,0.16110026927321847,66.56958924868323,0.16481736938829997,65.84947353557004,0.16303445952164727,65.84947353557004,0.16303445952164727,67.71677920471116,0.16765765776735053,65.32453258888691,0.1617347761843608,58.96640707808029,0.14599291067551637,57.93926617070559,0.14344984763043445,55.6029179805394,0.1376653630478452,54.97023429878113,0.13609892315751096,52.1373354260451,0.12908504572162655,52.492043898135336,0.12996325629689778,53.87720900524808,0.13339273921393863,49.40143075391986,0.12231131290990185,47.84803956192893,0.11846532478252332,45.50404272719665,0.11266190318243108,44.60710902924129,0.11044121571415673,44.60710902924129,0.11044121571415673,45.784205716053165,0.11335554914516636,44.81891566867253,0.1109656205290884,47.25268336875378,0.11699130274459853,42.92549821549893,0.10627777301030354,45.034242099515694,0.1114987398752025,45.034242099515694,0.1114987398752025
Çay,121.0,0.0236641471337127,0.21792155753401765,100.0,2.36641471337127,102.26515373894046,2.4200176447300366,102.69612772341443,2.430216276509431,102.69612772341443,2.430216276509431,102.69612772341443,2.430216276509431,103.19095983829894,2.441926056482544,103.19095983829894,2.441926056482544,103.19095983829894,2.441926056482544,102.92591973512744,2.4356541084847594,102.92591973512744,2.4356541084847594,103.29244302960971,2.4443275696533213,103.29244302960971,2.4443275696533213,103.29244302960971,2.4443275696533213,103.29244302960971,2.4443275696533213,103.29244302960971,2.4443275696533213,103.29244302960971,2.4443275696533213,103.15376336072734,2.4410458335644343,103.15376336072734,2.4410458335644343,103.15376336072734,2.4410458335644343,103.32291570098523,2.4450486794323085,103.32291570098523,2.4450486794323085,103.32291570098523,2.4450486794323085,104.30041530214982,2.468180373817413,104.30041530214982,2.468180373817413,104.30041530214982,2.468180373817413,104.30041530214982,2.468180373817413,104.30041530214982,2.468180373817413,104.30041530214982,2.468180373817413,104.17012476854578,2.465097159460077,104.2674078628992,2.4673992809184795,104.17012476854586,2.465097159460079,104.17012476854586,2.465097159460079,104.32664874925186,2.46880116596946,104.32664874925186,2.46880116596946,104.2132800556384,2.4661183925234345,104.70260228745822,2.477697785813015,104.70260228745822,2.477697785813015,104.70260228745822,2.477697785813015,104.70260228745822,2.477697785813015,104.70260228745822,2.477697785813015,107.9157339848873,2.553733807060973,107.9157339848873,2.553733807060973,107.9157339848873,2.553733807060973,107.09354980129953,2.5342775195695406,107.09354980129953,2.5342775195695406,107.09354980129953,2.5342775195695406,107.09354980129953,2.5342775195695406,108.20649861983355,2.5606145041636217,108.20649861983355,2.5606145041636217,109.61613708193501,2.593972396136131,109.75734949685541,2.597314067499914,109.75734949685541,2.597314067499914,109.75734949685541,2.597314067499914,109.75734949685541,2.597314067499914,109.75734949685541,2.597314067499914,109.75734949685541,2.597314067499914,109.94656332189476,2.6017916512953776,109.94656332189476,2.6017916512953776,109.94656332189476,2.6017916512953776,2.6017916512953776,109.94656332189476,109.94656332189476,2.6017916512953776,109.94656332189476,2.6017916512953776,109.94656332189476,2.6017916512953776,109.94656332189476,2.6017916512953776,109.94656332189476,2.6017916512953776,109.94656332189476,2.6017916512953776,109.94656332189476,2.6017916512953776,109.94656332189476,2.6017916512953776,109.94656332189476,2.6017916512953776,109.94656332189476,2.6017916512953776,109.94656332189476,2.6017916512953776,109.94656332189476,2.6017916512953776,109.94656332189476,2.6017916512953776,109.94656332189476,2.6017916512953776,109.94656332189476,2.6017916512953776,109.94656332189476,2.6017916512953776,109.94656332189476,2.6017916512953776,109.94656332189476,2.6017916512953776,109.94656332189476,2.6017916512953776,109.94656332189476,2.6017916512953776,109.94656332189476,2.6017916512953776,109.94656332189476,2.6017916512953776,109.94656332189476,2.6017916512953776,109.94656332189476,2.6017916512953776,109.94656332189476,2.6017916512953776,109.94656332189476,2.6017916512953776,109.94656332189476,2.6017916512953776,109.94656332189476,2.6017916512953776,109.94656332189476,2.6017916512953776,109.94656332189476,2.6017916512953776,109.94656332189476,2.6017916512953776,109.94656332189476,2.6017916512953776,109.94656332189476,2.6017916512953776,110.54767113348609,2.616016354992099,110.54767113348609,2.616016354992099,110.54767113348609,2.616016354992099,110.54767113348609,2.616016354992099,110.54767113348609,2.616016354992099,110.54767113348609,2.616016354992099,110.05919938577293,2.604457087683553,110.05919938577293,2.604457087683553,110.05919938577293,2.604457087683553,110.05919938577293,2.604457087683553,110.05919938577293,2.604457087683553,110.05919938577293,2.604457087683553,110.05919938577293,2.604457087683553,110.05919938577293,2.604457087683553,110.05919938577293,2.604457087683553,110.05919938577293,2.604457087683553,110.05975112536701,2.604470144130487,110.00848561704248,2.6032569895986106,109.81194710462256,2.5986060733232645,109.89996242639664,2.6006888808477475,111.27365485683592,2.63319614063813,111.0382236026697,2.627624860799666,111.0382236026697,2.627624860799666,111.0382236026697,2.627624860799666,111.0382236026697,2.627624860799666,111.08378979230432,2.628703145815502,111.08378979230432,2.628703145815502,111.08378979230432,2.628703145815502,111.08378979230432,2.628703145815502,111.08378979230432,2.628703145815502,110.72512901897483,2.620215744504342,111.08378979230447,2.628703145815506,110.72512901897494,2.620215744504345,110.72512901897494,2.620215744504345,110.15123090362178,2.6066349350628673,110.15123090362178,2.6066349350628673,110.15123090362178,2.6066349350628673,110.15123090362178,2.6066349350628673,110.57978246773419,2.616776242330406,110.57978246773419,2.616776242330406,110.64165854625404,2.6182404869565565,110.64165854625404,2.6182404869565565,110.64165854625404,2.6182404869565565,110.64165854625404,2.6182404869565565,110.64165854625404,2.6182404869565565,110.64165854625404,2.6182404869565565,110.64165854625404,2.6182404869565565,110.69421394479735,2.619484165640357,110.8678869107989,2.6235939882609656,110.44413557451252,2.613566274290977,110.44413557451252,2.613566274290977,110.44413557451252,2.613566274290977,110.44413557451252,2.613566274290977,110.44413557451252,2.613566274290977,110.44413557451252,2.613566274290977,110.44413557451252,2.613566274290977,110.44413557451252,2.613566274290977,110.44413557451252,110.44413557451252,2.613566274290977,2.613566274290977,110.86323421087543,2.6234838860854075,110.86323421087543,2.6234838860854075,111.27722947438399,2.633280730913734,112.02644562230415,2.6510102920730705,112.02644562230415,2.6510102920730705,112.02644562230415,2.6510102920730705,112.02644562230415,2.6510102920730705,112.02644562230415,2.6510102920730705,112.02644562230415,2.6510102920730705,111.78381589193687,2.645268666434646,111.80854823986614,2.6458539363550067,111.48074869450949,2.6380968396833224,111.80854823986624,2.645853936355009,111.80854823986624,2.645853936355009,111.80854823986624,2.645853936355009,111.80854823986624,2.645853936355009,111.80854823986624,2.645853936355009,111.53774463680071,2.639445600047727,111.11711639377427,2.6294917914161537,111.11711639377427,2.6294917914161537,111.11711639377427,2.6294917914161537,111.11711639377427,2.6294917914161537,111.11711639377427,2.6294917914161537,111.69011088583491,2.643051217383084,111.69011088583491,2.643051217383084,111.69011088583491,2.643051217383084,111.69011088583491,2.643051217383084,111.69011088583491,2.643051217383084,111.84969734611623,2.6468276948597294,112.11730371894491,2.6531603714402667,111.96626417061746,2.6495861493456365,111.96626417061746,2.6495861493456365,111.96626417061746,2.6495861493456365,111.96626417061746,2.6495861493456365,111.96626417061746,2.6495861493456365,111.96626417061746,2.6495861493456365,111.82054576415037,2.646137847534909,111.95249303667869,2.649260267205911,111.95249303667869,2.649260267205911,111.95249303667869,2.649260267205911,111.95249303667869,2.649260267205911,111.95249303667869,2.649260267205911,111.95249303667869,2.649260267205911,112.09632727648706,2.652663981819602,112.03134849563456,2.6511263143889394,111.76693780247138,2.644869260842199,111.5041996127159,2.6386517856621796,111.5041996127159,2.6386517856621796,111.5041996127159,2.6386517856621796,111.3259296050444,2.634433177971113,111.3259296050444,2.634433177971113,112.08569594379385,2.6524124003985223,111.89415601414025,2.6478797713212185,111.57917174084133,2.6404259371330676,111.57917174084133,2.6404259371330676,111.57917174084133,2.6404259371330676,112.14835469565769,2.6538951663218433,112.14835469565769,2.6538951663218433,112.36607573908228,2.659047349127548,112.41916531245573,2.6603036686031234,112.31941123338594,2.657943073398828,112.13710446401599,2.6536289391849857,112.13710446401599,2.6536289391849857,112.13710446401599,2.6536289391849857,112.37074765939788,2.6591579061372936,112.37074765939788,2.6591579061372936,112.4473519773381,2.6609706819881085,112.4473519773381,2.6609706819881085,112.6119447109452,2.664865628653327,112.70531891141718,2.6670752494717886,112.81159397000302,2.669590158094808,112.46365857042917,2.6613565636062653,111.92438065422196,2.648595011651176,111.81922088913905,2.646106495497707,111.44849346041998,2.637333547077996,111.44849346041998,2.637333547077996,111.44849346041998,2.637333547077996,111.78426962572823,2.6452794036578444,111.98400229530854,2.650005906938202,111.91923774750634,2.6484733091499626,112.8180067513709,2.669741911096634,112.81550678456271,2.6696827515142556,112.81550678456271,2.6696827515142556,112.81550678456271,2.6696827515142556,112.91875434115175,2.6721260168845746,112.9696210469008,2.6733297340936275,114.08540527792049,2.6997338163059537,113.6052038440164,2.688370258920228,113.46345099981154,2.6850157987583416,113.46345099981154,2.6850157987583416,113.2411604214519,2.679755481805601,113.80496203313528,2.693097366098701,114.40167179569482,2.7072179937160326,115.2635906826595,2.7276145690744906,115.09866341826174,2.7237117060234213,115.37050890816846,2.73014469769421,115.53977539315217,2.7341502446996713,115.37050890816845,2.73014469769421,115.92564176698939,2.7432814433441073,115.53644719571051,2.7340714857457216,115.3023695009882,2.7285322367370926,115.31871287398978,2.728918988720463,115.31871287398978,2.728918988720463,115.31871287398978,2.728918988720463,115.41501362571319,2.731197863878333,115.42980259550075,2.731547832235342,115.60920325476272,2.7357931958320023,115.60920325476272,2.7357931958320023,115.57231548277942,2.7349202781683544,115.57883052596101,2.7350744511087863,115.57883052596101,2.7350744511087863,115.5532614356265,2.734469380393035,115.64368868609876,2.736609264153108,116.28113224900873,2.7516938224152474,118.13270941045452,2.795509816793123,118.07607466417338,2.7941696038242454,117.98688379192426,2.792058977900358,117.98688379192426,2.792058977900358,118.13487722958268,2.7955611163839307,118.33557136963692,2.8003103720430484,119.74986693666467,2.8337784704317506,119.87361313865811,2.8367068187629614,120.24334058594046,2.845456103474823,120.78324891743546,2.858232573670038,120.9418091569383,2.8619847665071902,120.9418091569383,2.8619847665071902,120.34810298708587,2.847935216349609,121.92600212593231,2.8852748537334296,122.78995863950432,2.9057196477877274,122.69626385725061,2.9035024406748144,122.96364546648435,2.9098297984165704
Çikolata Krem,122.0,0.0068984138823502,0.7344570308208009,100.0,0.68984138823502,100.0,0.68984138823502,100.0,0.68984138823502,100.0,0.68984138823502,100.0,0.68984138823502,100.0,0.68984138823502,100.0,0.68984138823502,100.0,0.68984138823502,99.97418292053564,0.6896632913356413,99.97418292053564,0.6896632913356413,99.97418292053564,0.6896632913356413,99.97418292053564,0.6896632913356413,99.87098581255036,0.6889513949732973,99.87098581255036,0.6889513949732973,99.87098581255036,0.6889513949732973,99.87098581255036,0.6889513949732973,100.39158102633556,0.6925426762231581,100.39158102633556,0.6925426762231581,100.74857646937716,0.6950053785433721,100.74857646937716,0.6950053785433721,100.74857646937716,0.6950053785433721,100.81328532277362,0.6954517669959532,100.3929497435426,0.6925521182009402,100.30919841010753,0.6919743668397064,99.96061209369763,0.6895696741553871,100.37753156355794,0.6924457572140934,100.37753156355794,0.6924457572140934,100.37753156355794,0.6924457572140934,100.37753156355794,0.6924457572140934,100.42898442577788,0.6928007003531181,100.61048397974037,0.6940527593958133,100.61048397974037,0.6940527593958133,100.61048397974037,0.6940527593958133,100.61048397974037,0.6940527593958133,100.61048397974037,0.6940527593958133,100.71300318492196,0.6947599793040455,100.8005262288397,0.6953637494852333,100.8005262288397,0.6953637494852333,100.8005262288397,0.6953637494852333,100.8005262288397,0.6953637494852333,100.8005262288397,0.6953637494852333,100.8005262288397,0.6953637494852333,100.8005262288397,0.6953637494852333,100.17391005436609,0.6910410917683393,100.17391005436609,0.6910410917683393,100.17391005436609,0.6910410917683393,100.17391005437437,0.6910410917683965,100.17390987577745,0.691041090536361,100.17595948505182,0.6910552295894327,99.97594857844024,0.6896754715746418,100.86175080482964,0.6957861019501832,100.86175080482964,0.6957861019501832,100.86175080482964,0.6957861019501832,100.86175080482964,0.6957861019501832,100.86175080482964,0.6957861019501832,100.86175080482944,0.6957861019501819,100.86175077711448,0.6957861017589926,100.86194301507234,0.6957874278959898,100.7863133935812,0.6952657034651784,0.6952657034651784,100.7863133935812,100.91437874795153,0.6961491512836148,100.91437874795153,0.6961491512836148,100.91437874795153,0.6961491512836148,100.91437874795153,0.6961491512836148,100.91437874795153,0.6961491512836148,101.07103755066471,0.6972298485430438,101.07103755066471,0.6972298485430438,101.07103755066471,0.6972298485430438,101.07103755066471,0.6972298485430438,101.07103755066471,0.6972298485430438,101.78110840830257,0.7021282112048252,101.78110840830257,0.7021282112048252,101.78110840830257,0.7021282112048252,101.78110840830257,0.7021282112048252,101.78110840830257,0.7021282112048252,101.78110840830257,0.7021282112048252,101.78110840830257,0.7021282112048252,101.78110840830257,0.7021282112048252,101.78110840830257,0.7021282112048252,103.30997629228342,0.712674974639958,103.30997629228342,0.712674974639958,103.30997629228342,0.712674974639958,103.30997629228342,0.712674974639958,103.30997629228342,0.712674974639958,103.30997629228342,0.712674974639958,103.30997629228342,0.712674974639958,103.30997629228342,0.712674974639958,103.30997629228342,0.712674974639958,103.30997629228342,0.712674974639958,103.30997629228342,0.712674974639958,103.30997629228342,0.712674974639958,105.21686964760559,0.7258295142344738,105.21686964760559,0.7258295142344738,105.21686964760559,0.7258295142344738,105.21686964760559,0.7258295142344738,105.21686964760559,0.7258295142344738,105.21686964760559,0.7258295142344738,106.45078533561323,0.7343415753462754,106.45078533561323,0.7343415753462754,106.45078533561323,0.7343415753462754,106.45078533561323,0.7343415753462754,106.45078533561323,0.7343415753462754,104.5270420167652,0.7210707977294556,105.04839563354122,0.7246673107570368,105.04839563354122,0.7246673107570368,105.04839563354122,0.7246673107570368,105.04839563354122,0.7246673107570368,105.04839563354122,0.7246673107570368,105.04839563354122,0.7246673107570368,105.04839563354122,0.7246673107570368,105.04839563354122,0.7246673107570368,105.04839563354122,0.7246673107570368,104.98575148238353,0.7242351654750426,104.98575148238353,0.7242351654750426,104.98575148238353,0.7242351654750426,104.98575148238353,0.7242351654750426,104.98575148238353,0.7242351654750426,104.98575148238353,0.7242351654750426,103.27236758359761,0.7124155342018625,103.27236758359761,0.7124155342018625,103.27236758359761,0.7124155342018625,103.27236758359761,0.7124155342018625,103.27236758359761,0.7124155342018625,103.27236758359761,0.7124155342018625,103.27236758359761,0.7124155342018625,103.27236758359761,0.7124155342018625,104.47763038282234,0.7207299358279147,108.85080831727734,0.7508979272009466,108.85080831727734,0.7508979272009466,108.85080831727734,0.7508979272009466,108.85080831727734,0.7508979272009466,109.75675944233312,0.7571475530187621,109.75675944233312,0.7571475530187621,110.6552831794227,0.7633459416403221,110.6552831794227,0.7633459416403221,110.6552831794227,0.7633459416403221,110.6552831794227,0.7633459416403221,110.6552831794227,0.7633459416403221,110.6552831794227,0.7633459416403221,114.44140708915424,0.7894641913795122,114.44140708915424,0.7894641913795122,114.44140708915424,0.7894641913795122,114.44140708915424,0.7894641913795122,114.44140708915424,0.7894641913795122,114.44140708915424,0.7894641913795122,114.44140708915424,0.7894641913795122,114.44140708915424,0.7894641913795122,114.44140708915424,0.7894641913795122,114.44140708915424,0.7894641913795122,114.44140708915424,0.7894641913795122,114.44140708915424,114.44140708915424,0.7894641913795122,0.7894641913795122,114.44140708915424,0.7894641913795122,114.44140708915424,0.7894641913795122,114.44140708915424,0.7894641913795122,114.44140708915424,0.7894641913795122,114.44140708915424,0.7894641913795122,114.44140708915424,0.7894641913795122,114.44140708915424,0.7894641913795122,114.44140708915424,0.7894641913795122,114.44140708915424,0.7894641913795122,114.44140708915424,0.7894641913795122,114.44140708915424,0.7894641913795122,114.44140708915424,0.7894641913795122,114.44140708915424,0.7894641913795122,114.44140708915424,0.7894641913795122,114.44140708915424,0.7894641913795122,114.44140708915424,0.7894641913795122,114.44140708915424,0.7894641913795122,114.44140708915424,0.7894641913795122,114.44140708915424,0.7894641913795122,114.44140708915424,0.7894641913795122,114.44140708915424,0.7894641913795122,114.44140708915424,0.7894641913795122,114.44140708915424,0.7894641913795122,114.44140708915424,0.7894641913795122,114.44140708915424,0.7894641913795122,115.43967719956736,0.7963506717675213,115.43967719956736,0.7963506717675213,115.43967719956736,0.7963506717675213,115.43967719956736,0.7963506717675213,115.43967719956736,0.7963506717675213,116.56268489812814,0.8040976436652592,116.56268489812814,0.8040976436652592,116.56268489812814,0.8040976436652592,116.56268489812814,0.8040976436652592,116.56268489812814,0.8040976436652592,116.56268489812814,0.8040976436652592,119.40479920489398,0.8237037244542788,118.1664650968744,0.8151611832525287,118.51593828953257,0.8175719939762711,118.51593828953257,0.8175719939762711,118.51593828953257,0.8175719939762711,118.51593828953257,0.8175719939762711,118.51593828953257,0.8175719939762711,118.51593828953257,0.8175719939762711,117.84409968977616,0.8129373732530127,117.84409968977616,0.8129373732530127,117.84409968977616,0.8129373732530127,117.84409968977616,0.8129373732530127,117.84409968977616,0.8129373732530127,117.48453511453336,0.8104569479955565,117.2335820569104,0.8087257699390319,117.82677673709843,0.8128178723557774,117.93129152917527,0.8135388586483512,118.10778928658883,0.8147564132282965,118.10778928658883,0.8147564132282965,118.10778928658883,0.8147564132282965,118.41361515857214,0.8168661266691681,118.59083476883603,0.8180886608888372,118.31783718823907,0.8162054105889991,118.48085620285917,0.8173299832225415,119.07065385758051,0.8213986515516487,118.25273587836023,0.8157563148091718,119.28819372151985,0.8228993315690124,119.28819372151985,0.8228993315690124,119.5203500892229,0.8245008422788512,119.50501494000304,0.824395054072585,119.50501494000304,0.824395054072585,119.50501494000304,0.824395054072585,119.50501494000304,0.824395054072585,119.50501494000304,0.824395054072585,119.58150559402463,0.8249227182621576,119.48054718206222,0.8242262653515361,119.92249644546095,0.8272750142854604,119.73038405676925,0.8259497435163381,120.33642070356933,0.8301304351338367,120.56248877871067,0.8316899462817479,120.98446375527392,0.8346009043180762,121.11735763437919,0.8355176612985753,120.79775323360296,0.8333128978634005,120.79775323360296,0.8333128978634005,120.17368358844752,0.8290078071597067,120.11865099524006,0.8286281695547427,120.11865099524006,0.8286281695547427,120.40245699965672,0.830585980835505,120.5544957385578,0.8316348069825952,121.10197156434602,0.8354115218194637,119.7274469782666,0.8259294823332218,119.9427680681725,0.8274148563289914,118.70774413394545,0.8188951500760848,119.00528840054325,0.8209477335753967,119.61163664670893,0.8251305747342847,119.16502918822198,0.8220496916426973,119.09688369410118,0.8215795958200347,119.1141706553486,0.8216988484334876,119.59799692106014,0.8250364822615177,119.04877356276975,0.8212477122221763,119.04877356276975,0.8212477122221763,119.04877356276975,0.8212477122221763,119.59856331880326,0.8250403895075717,119.282551151531,0.8228604067858692,119.59723835084056,0.8250312493301842,119.67909721943167,0.8255959456856666,119.27487681456171,0.8228074660331824,119.27487681456171,0.8228074660331824,119.27487681456171,0.8228074660331824,119.32908489493906,0.8231814158073931,120.50987942617868,0.8313270251938998,122.15918672289214,0.8427046295458094,121.60719122671743,0.838896736152003,121.39494322515183,0.8374325615915017,121.39494322515183,0.8374325615915017,122.69847461368795,0.8464248606182585,122.69847461368795,0.8464248606182585,122.69847461368795,0.8464248606182585,123.1522346999816,0.8495550854968031,122.33673128165998,0.8439294053947491,122.33673128165998,0.8439294053947491,122.33673128165998,0.8439294053947491,122.56218315326836,0.8454846657156543,123.24192959047238,0.8501738379745405,123.87495098746726,0.8545406815673947,124.05973400809525,0.8558153913221175,126.30089365518833,0.8712758381441874,125.89665526361145,0.8684872344119545,125.89665526361145,0.8684872344119545,126.29078418797977,0.8712060988552527,126.68292317853309,0.8739112359114966,126.68940728233493,0.8739559659431777,126.56687620605653,0.8731106958655596,126.56687620605653,0.8731106958655596,127.49645552704219,0.8795233187581927
Çikolata Tablet,123.0,0.011459247377817,-0.35116477305981997,100.0,1.1459247377817001,100.0,1.1459247377817001,100.0,1.1459247377817001,100.0,1.1459247377817001,100.0,1.1459247377817001,99.79553938211626,1.143581772982349,99.98242241466706,1.1457233118830652,99.98242241466706,1.1457233118830652,102.68117449357554,1.1766489795666755,102.68117449357554,1.1766489795666755,102.68117449357554,1.1766489795666755,102.68117449357554,1.1766489795666755,102.68117449357554,1.1766489795666755,100.25836026395191,1.148885351958923,100.25836026395191,1.148885351958923,100.25836026395191,1.148885351958923,100.25836026395191,1.148885351958923,100.25836026395191,1.148885351958923,100.25836026395191,1.148885351958923,103.89781672988616,1.1905907839228593,103.7032515300175,1.1883612131664498,107.77564326144902,1.2350277574363002,101.96302429903379,1.168419518832994,102.21787340815047,1.1713398978183784,102.21787340815047,1.1713398978183784,102.21787340815047,1.1713398978183784,102.21787340815047,1.1713398978183784,102.21787340815047,1.1713398978183784,102.40311783259435,1.173462659503442,102.4814347757979,1.174360112729486,102.40311783259438,1.1734626595034423,102.40311783259438,1.1734626595034423,102.40311783259438,1.1734626595034423,102.40311783259438,1.1734626595034423,102.40311783259438,1.1734626595034423,102.74481022440911,1.1773781971483654,102.74481022440911,1.1773781971483654,102.74481022440911,1.1773781971483654,102.74481022440911,1.1773781971483654,102.74481022440911,1.1773781971483654,102.74481022440911,1.1773781971483654,102.74481022440911,1.1773781971483654,102.74481022440911,1.1773781971483654,102.74481022440911,1.1773781971483654,102.74481022440911,1.1773781971483654,102.74481022440911,1.1773781971483654,102.74481022440911,1.1773781971483654,102.74481022440911,1.1773781971483654,102.74481022440911,1.1773781971483654,102.30141523028824,1.1722972242246488,102.30141523028824,1.1722972242246488,102.30141523028824,1.1722972242246488,102.30141523028824,1.1722972242246488,102.30141523028824,1.1722972242246488,102.30141523028824,1.1722972242246488,101.82384958191624,1.1668246813208063,101.82384958191624,1.1668246813208063,101.82384958191624,1.1668246813208063,102.01484928100643,1.1690133941217695,1.1690133941217695,102.01484928100643,102.01484928100643,1.1690133941217695,102.01484928100643,1.1690133941217695,102.01484928100643,1.1690133941217695,102.01484928100643,1.1690133941217695,102.01484928100643,1.1690133941217695,102.01484928100643,1.1690133941217695,102.01484928100643,1.1690133941217695,102.01484928100643,1.1690133941217695,102.01484928100643,1.1690133941217695,102.01484928100643,1.1690133941217695,102.01484928100643,1.1690133941217695,102.01484928100643,1.1690133941217695,102.01484928100643,1.1690133941217695,102.01484928100643,1.1690133941217695,102.01484928100643,1.1690133941217695,102.83807076981294,1.1784468928087382,102.83807076981294,1.1784468928087382,102.83807076981294,1.1784468928087382,102.83807076981294,1.1784468928087382,106.13031558835348,1.2161735406127303,106.13031558835348,1.2161735406127303,106.13031558835348,1.2161735406127303,106.13031558835348,1.2161735406127303,106.13031558835348,1.2161735406127303,106.13031558835348,1.2161735406127303,106.092386682509,1.2157389038978885,106.36288330140395,1.2188385915686688,106.36288330140395,1.2188385915686688,106.36288330140395,1.2188385915686688,106.55142476820303,1.220999134877696,106.55142476820303,1.220999134877696,106.72355928030363,1.2229716668341166,106.72355928030363,1.2229716668341166,107.15308437893438,1.2278937011943076,107.15308437893438,1.2278937011943076,107.15308437893438,1.2278937011943076,107.47614230070208,1.231595701837207,108.06407366629568,1.238332952796722,107.9954175033611,1.2375462048416428,108.11874238200627,1.2389594151338772,108.17463468887716,1.2395998989048276,108.10073409618879,1.238753053731844,108.10073409618879,1.238753053731844,108.10073409618879,1.238753053731844,108.10073409618879,1.238753053731844,108.10073409618879,1.238753053731844,108.53022361400679,1.2436746803627,108.87792675997538,1.2476590967263994,108.87792675997538,1.2476590967263994,108.86510629715855,1.247512183871483,109.32482829427843,1.2527802519615039,110.41471595850707,1.265269544319931,112.3524028785528,1.2874739780774953,113.05960306210243,1.295577959926428,111.93917496503276,1.2827386971930501,112.22146832159882,1.2859735665990548,112.22146832159882,1.2859735665990548,112.43125680906864,1.2883775847739896,112.45779497911374,1.288681692229491,112.564845374761,1.289908409195106,112.564845374761,1.289908409195106,112.564845374761,1.289908409195106,113.3296491709545,1.2986724850911808,113.3296491709545,1.2986724850911808,113.96782311032614,1.3059854781325164,113.96782311032614,1.3059854781325164,114.07588529658328,1.3072237894570249,113.91193693189187,1.3053450645888374,113.91193693189187,1.3053450645888374,113.91193693189187,1.3053450645888374,114.01241509768863,1.306496468746772,117.28025341839555,1.3439434364544625,117.82470681214703,1.3501824625791528,117.82470681214703,1.3501824625791528,117.82470681214703,1.3501824625791528,117.82470681214703,1.3501824625791528,117.82470681214703,1.3501824625791528,117.82470681214703,1.3501824625791528,117.82470681214703,1.3501824625791528,117.82470681214703,1.3501824625791528,117.02045792372402,1.3409663756133792,117.02045792372402,1.3409663756133792,115.2165149547891,1.3202945468768803,115.2165149547891,1.3202945468768803,115.2165149547891,1.3202945468768803,115.2165149547891,1.3202945468768803,115.2165149547891,1.3202945468768803,115.2165149547891,1.3202945468768803,115.63581355640513,1.3250993932779709,115.63581355640513,1.3250993932779709,115.63581355640513,115.63581355640513,1.3250993932779709,1.3250993932779709,115.63581355640513,1.3250993932779709,115.63581355640513,1.3250993932779709,114.99230408548098,1.3177252590606832,114.99230408548098,1.3177252590606832,114.99230408548098,1.3177252590606832,114.99230408548098,1.3177252590606832,114.99174489316717,1.3177188511376272,115.21231954091698,1.3202464705914672,115.21231954091698,1.3202464705914672,116.27697928362927,1.3324466699564104,116.48902629964286,1.334876569168638,116.48902629964286,1.334876569168638,116.48902629964286,1.334876569168638,116.48902629964286,1.334876569168638,116.48902629964286,1.334876569168638,116.31387808018026,1.332869502394032,116.31387808018026,1.332869502394032,116.31387808018026,1.332869502394032,114.64800229848156,1.3137798197108321,114.85122157806431,1.3161085597075128,114.85122157806431,1.3161085597075128,115.0997605790518,1.3189566296028639,115.4604189370089,1.3230895029455716,115.4604189370089,1.3230895029455716,115.70355373946653,1.3258756447930902,115.70355373946653,1.3258756447930902,115.81904597197901,1.327199098855667,115.81904597197901,1.327199098855667,115.81904597197901,1.327199098855667,116.39975182556752,1.3338535508856841,117.52943561314204,1.34679887686621,117.52943561314204,1.34679887686621,117.52943561314204,1.34679887686621,117.52943561314204,1.34679887686621,117.52943561314204,1.34679887686621,118.9735387397244,1.3633472118327963,119.46069809369114,1.3689296913823186,119.20774954171856,1.366031091351404,119.20774954171856,1.366031091351404,119.33112578303577,1.3674448902212033,119.33112578303577,1.3674448902212033,119.33112578303577,1.3674448902212033,119.38953418956817,1.3681142066006022,120.12167169589038,1.3765039514001265,120.12167169589038,1.3765039514001265,119.23410342154584,1.3663330869797101,119.05498569144459,1.3642805326007268,119.0675824770058,1.3644248822826381,119.06069402465118,1.3643459458030562,119.11993645969956,1.36502481952154,119.391511997537,1.3681368707913828,118.22697005603324,1.3547920966018479,118.45896245291227,1.3574505548674576,118.3921326207758,1.3566847352887876,118.3921326207758,1.3566847352887876,118.35712328900219,1.3562835546954617,118.35413312085666,1.3562492896189808,118.44759982426814,1.357320347694962,117.68392054754544,1.3485691579456842,117.70737104704538,1.3488378830205876,117.5840510359284,1.3474247285065628,117.92146910380315,1.3512912856160846,117.92122654104492,1.3512885060294335,117.92122654104492,1.3512885060294335,118.08640183523022,1.3531812905862066,117.87475332982432,1.350755958005615,117.4411140784633,1.3457867785515378,117.4411140784633,1.3457867785515378,117.30866394109636,1.3442689996622241,117.30866394109636,1.3442689996622241,118.41828040212097,1.356984369183603,118.49075296582019,1.357814850219137,120.98432495396739,1.3863893084857106,120.74306511719755,1.3836246523338334,120.84460140838054,1.3847881818123253,121.08218378230123,1.3875106970076916,121.11586196177227,1.3878966235974846,122.82040944627195,1.4074294548896022,121.12661429589163,1.3880198372540473,120.93073803400488,1.385775242713645,120.92796770412862,1.3857434968182747,119.93970195101286,1.3744187150782967,119.93970195101286,1.3744187150782967,119.96696548064543,1.3747311346087487,119.37582494714354,1.367957109000296,117.85520847642019,1.350531988695494,117.44777062422362,1.345863057556087,117.35912154830102,1.3448472058652752,107.71385155351877,1.2343196709692295,105.42744935222493,1.2081192225394182,106.42864334834199,1.2195921522141087,117.14348631224057,1.3423761883518843,118.2991168631373,1.355618844711973,118.80637746094982,1.361431669387326,118.30326150451069,1.355666339182763,117.87463188596014,1.3507545663503329,118.70437807265066,1.3602628331644198,117.9247032493,1.3513283464893888,118.31970060213357,1.3558547188690917,118.44170697611742,1.357252820090243,117.81388348163998,1.3500584353574205,117.99486754720824,1.3521323765362103,118.43132268698993,1.3571338239522883,118.38522113095398,1.3566055348171702,118.50586024879142,1.357987968311911,119.0044267063078,1.363701164682873,118.97663083202083,1.363382644883336,121.79793527717699,1.3957126704485152,121.52255627475279,1.3925570343370797,120.0219950090795,1.3753617315881594,120.07630075172544,1.3759840345271752,119.33840225109896,1.3675282730687761,121.85933759223258,1.3964162947663077,121.99257927434016,1.3979431441626151,123.80136034844895,1.4186704139431412,124.91423904796966,1.4314231662624524,124.35114429168048,1.424970524152983,124.0686249987248,1.4217330656859979,123.94058691833696,1.420265845649053,124.22479765261971,1.4235226867606299,124.47967423354112,1.4264433805522205,124.60896956490876,1.4279250077391592,126.81163366369161,1.4531658805373482,127.12422777846032,1.4567479738273326,127.12422777846032,1.4567479738273326,127.12422777846032,1.4567479738273326,126.47675900809494,1.4493284690183046,126.49173829332841,1.4495001203533378,125.04570908157578,1.4329297139003148,124.60063257323182,1.4278294720891462,124.16307904462494,1.4228154379638032
Çilek,124.0,0.0034393416624372,0.0,100.0,0.34393416624372,100.0,0.34393416624372,100.0,0.34393416624372,100.0,0.34393416624372,97.91666666666666,0.33676887111364245,97.91666666666666,0.33676887111364245,93.5648148148148,0.32180136573081386,93.5648148148148,0.32180136573081386,93.5648148148148,0.32180136573081386,93.5648148148148,0.32180136573081386,93.5648148148148,0.32180136573081386,104.05362422106556,0.3578759649110953,104.05362422106556,0.3578759649110953,117.39383245453551,0.4037574988740563,117.39383245453551,0.4037574988740563,119.56779231480468,0.4112344895939462,119.56779231480468,0.4112344895939462,119.56779231480468,0.4112344895939462,119.56779231480468,0.4112344895939462,119.56779231480468,0.4112344895939462,121.72370137795414,0.4186493974552621,121.72370137795414,0.4186493974552621,121.72370137795414,0.4186493974552621,121.72370137795414,0.4186493974552621,121.72370137795414,0.4186493974552621,137.95352822834798,0.4744693171159635,142.64148020127055,0.4905927856479408,142.64148020127055,0.4905927856479408,168.80562817898257,0.5805802298498578,169.4510689357634,0.5828001211352891,168.80562817898257,0.5805802298498578,168.80562817898257,0.5805802298498578,168.80562817898257,0.5805802298498578,168.80562817898257,0.5805802298498578,168.80562817898257,0.5805802298498578,168.80562817898257,0.5805802298498578,168.80562817898257,0.5805802298498578,168.80562817898257,0.5805802298498578,168.80562817898257,0.5805802298498578,147.74916404132864,0.5081598554776098,147.74916404132864,0.5081598554776098,141.15095251012073,0.4854663516607529,141.15095251012073,0.4854663516607529,141.15095251012073,0.4854663516607529,141.15095251012073,0.4854663516607529,141.15095251012073,0.4854663516607529,130.4007430445001,0.44849270836571714,124.10947912568658,0.42685490226035383,111.40150922333748,0.3831478519302066,111.40150922333748,0.3831478519302066,111.40150922333748,0.3831478519302066,111.40150922333748,0.3831478519302066,111.40150922333748,0.3831478519302066,111.40150922333748,0.3831478519302066,111.40150922333748,0.3831478519302066,111.40150922333748,0.3831478519302066,111.40150922333748,0.3831478519302066,111.40150922333748,0.3831478519302066,111.40150922333748,0.3831478519302066,0.3831478519302066,111.40150922333748,127.86574893074538,0.43977399749624746,144.2587936654563,0.49615527922653546,144.08393516098684,0.4955538810870822,143.4937060362286,0.4935238814679173,143.19241888654227,0.4924876520216442,141.67505180447682,0.48726890819908575,140.48938942436615,0.48319101017758664,140.48938942436612,0.4831910101775866,140.36276042827342,0.4827554897956523,142.3680047629123,0.489652210179142,145.81724632868455,0.5015153304001126,144.27858297300696,0.49622334141646524,144.56735268694322,0.4972165191244563,144.06964031560014,0.49550471622978565,144.19318330064252,0.49592962276534375,147.62059381665708,0.507717658547348,147.54570168838,0.507460078930376,145.51303680266304,0.5004690499031565,145.513036802663,0.5004690499031564,145.6749246573856,0.5010258375465464,145.6749246573856,0.5010258375465464,145.67492465738556,0.5010258375465463,145.82834600926017,0.5015535059939561,145.82834600926017,0.5015535059939561,147.80245415395757,0.5083431383821705,142.3448433460817,0.4895725501532754,140.11788698575916,0.48191328636278863,143.067795187426,0.4920590285411465,143.067795187426,0.4920590285411465,148.28411848723198,0.5099997465909112,152.81707951090587,0.5255901482938368,152.8170795109058,0.5255901482938365,148.9529027517266,0.51229992417497,148.0204841715898,0.5090930181054749,148.02048417158977,0.5090930181054748,149.13761660560652,0.5129352182282485,149.47604517548513,0.514099189708391,152.94034593621552,0.526014103645984,152.9403459362155,0.5260141036459839,148.3481758567008,0.5102200617705115,147.68380349573437,0.5079350582300678,147.68380349573437,0.5079350582300678,147.68380349573437,0.5079350582300678,148.68797815358312,0.5113887579671706,155.76164791741618,0.535717525092244,156.92158094594677,0.5397069310829062,156.92158094594672,0.539706931082906,155.5266794414532,0.5349093882235052,155.35827569528797,0.5343301902032086,156.0308846827749,0.5366435223164021,158.19600994376643,0.5440901278309255,162.30558252851506,0.5582243520364611,161.254394331524,0.5546089566754876,163.5061960023456,0.56235367197749,166.36016563308914,0.5721694486318367,167.69591238685024,0.5767635380925126,167.69591238685018,0.5767635380925124,169.7576624951791,0.5838546011376223,171.0771480319554,0.5883927627172405,172.07643255618956,0.5918296436140678,168.17945881045688,0.5784266194529454,168.17958987941114,0.5784270702438604,169.04432669266473,0.5814011955927266,167.30351102518105,0.5754139357409266,171.76975510106888,0.590774875065741,179.32545253194667,0.6167615000285286,179.99758153622363,0.6190731813154708,175.98468261962466,0.6052714508844629,177.14311626078867,0.6092556999696871,177.14311626078867,0.6092556999696871,176.8051387430984,0.6080932798121279,179.18568130320313,0.6162807790183009,183.26341601307314,0.6303055018943231,183.26341601307314,0.6303055018943231,180.2893833231776,0.6200767873585152,178.88416357692398,0.6152437565403458,178.88416357692398,0.6152437565403458,178.88416357692398,0.6152437565403458,178.4591064575115,0.6137818398806348,178.12870298411423,0.6126454694491656,179.85316536020656,0.6185764847445655,176.62578690702716,0.6074764275700935,174.65198125424698,0.6006878355549324,174.65198125424698,0.6006878355549324,174.65198125424698,0.6006878355549324,175.14140068674357,0.6023711161995243,181.03280913796235,0.6226336827362358,181.03280913796235,0.6226336827362358,180.05507990801271,0.6192709378610873,188.9571569922378,0.6498882224590902,188.9571569922378,188.9571569922378,0.6498882224590902,0.6498882224590902,172.49849666642646,0.593281266292625,172.49849666642646,0.593281266292625,172.49849666642646,0.593281266292625,172.49849666642646,0.593281266292625,140.8240142922621,0.4843418994270287,140.8240142922621,0.4843418994270287,140.8240142922621,0.4843418994270287,188.95715699223783,0.6498882224590903,160.57375117944304,0.5522679923252829,160.57375117944304,0.5522679923252829,160.57375117944304,0.5522679923252829,160.57375117944304,0.5522679923252829,160.57375117944304,0.5522679923252829,160.57375117944304,0.5522679923252829,172.49849666642538,0.5932812662926212,172.49849666642538,0.5932812662926212,230.01133186484535,0.7910875565154317,230.01133186484535,0.7910875565154317,149.9734697330623,0.5158100027131856,149.9734697330623,0.5158100027131856,149.9734697330623,0.5158100027131856,149.47335812264123,0.5140899480155958,114.9656570035892,0.3954061738819094,114.9656570035892,0.3954061738819094,172.49849666642604,0.5932812662926236,149.9734697330627,0.515810002713187,149.9734697330627,0.515810002713187,164.6931080634046,0.5664358680787394,144.19568640289256,0.49593823178919766,142.7513208256844,0.49097056508371545,142.7513208256844,0.49097056508371545,164.41605682404165,0.5654829942085685,164.41605682404165,0.5654829942085685,168.7566934752226,0.580411926684477,168.7566934752226,0.580411926684477,181.71518200972412,0.624980596183403,188.6583349082414,0.6488604712159449,188.6583349082414,0.6488604712159449,188.6583349082414,0.6488604712159449,188.6583349082414,0.6488604712159449,188.6583349082414,0.6488604712159449,190.66639262870103,0.6557668677945006,174.4999294990015,0.60016487761827,176.35784073248507,0.6065548691287002,176.35784073248507,0.6065548691287002,169.86725847638496,0.5842315391618194,169.86725847638496,0.5842315391618194,169.86725847638496,0.5842315391618194,169.86725847638496,0.5842315391618194,168.82383840936998,0.5806428610539118,166.05769651149953,0.5711291539803528,166.05769651149953,0.5711291539803528,163.50110118862742,0.5623361491724067,163.50110118862742,0.5623361491724067,165.58990571098005,0.5695202615908214,160.80019478751257,0.553046809260709,162.10971073424471,0.5575506820139308,159.91025434628438,0.5499860000241051,157.44632253343093,0.5415116966867539,157.7316222541442,0.5424929399024848,154.79012517557302,0.5323761264502176,154.79012517557302,0.5323761264502176,157.06958236621688,0.540215958533741,157.06958236621688,0.540215958533741,157.07878834480047,0.5402476210394271,152.2537023223335,0.5236525016575131,149.663587787017,0.5147442128257149,149.663587787017,0.5147442128257149,149.663587787017,0.5147442128257149,149.663587787017,0.5147442128257149,152.07341469493224,0.52303243090937,158.55521961189157,0.5453255726080585,154.31696616298512,0.5307487709452664,155.08522642667128,0.5333910804777572,154.81523643137055,0.5324624926384781,154.81523643137055,0.5324624926384781,156.01652398662958,0.5365941309758478,155.80484546969072,0.5358660962334971,154.91156887452206,0.5327938128236535,159.12120943443065,0.5472722049852325,159.16214956670262,0.5474130120878212,159.16214956670262,0.5474130120878212,161.33471156500428,0.554885195082808,161.8942468013367,0.5568096279327277,158.09671057156442,0.5437486033630572,155.7390066422172,0.5356396540111614,159.70733157861878,0.5492880792950159,159.70733157861878,0.5492880792950159,159.70733157861878,0.5492880792950159,159.70733157861878,0.5492880792950159,159.70733157861878,0.5492880792950159,160.78449273795655,0.5529928045474855,160.34587458944526,0.5514842468754094,162.27422082152907,0.5581164884110191,159.692911733673,0.5492384845215279,161.15179471587544,0.5542560815428375,159.96653782974994,0.5501795781536954,160.2658145850757,0.5512088931668864,160.21247890523793,0.5510254535411259,159.86400066028898,0.54982691779482,162.4586575486522,0.5587508293306973,162.07830045318937,0.5574426513256683,159.2130579917361,0.547588103555008,159.41756622166963,0.5482914772305296,160.13101276871402,0.5507452636637014,161.6314260434307,0.5559056975503083,157.95274836139816,0.5432534681358159,158.28308870282683,0.5443896214348752,157.96373153365192,0.5432912430177339,157.36331799972857,0.5412262157358202,157.7973821505908,0.5427191106540511,158.7708376947346,0.5460671568635553,161.23313659962125,0.5545358440725054,160.21975815158248,0.5510504893563498,159.68377481708734,0.5492070595436487,158.54003595285923,0.5452733508169603,158.80680368995436,0.5461908562093457,158.80680368995436,0.5461908562093457,159.94095986817467,0.5500916068048094,161.117392372467,0.5541377601298674,161.8590576589844,0.55668860044937,161.86185459813998,0.5566982200787352,168.17121071634546,0.5783982514392323,164.98260526775442,0.5674315478748189,164.9826052677544,0.5674315478748188,166.29483915570924,0.5719447685565238,170.96236698196373,0.5879979914699458,164.4178434350228,0.5654891389741505,169.87643923877354,0.5842631149403954,168.32965694136453,0.5789432021421963,165.28585859373302,0.5684745396731297
Üzüm,125.0,0.0064611468770147,0.0,100.0,0.64611468770147,100.0,0.64611468770147,100.0,0.64611468770147,100.0,0.64611468770147,100.0,0.64611468770147,100.56818181818184,0.6497857938815921,103.10937681579556,0.6662048280043094,103.10937681579556,0.6662048280043094,103.10937681579556,0.6662048280043094,103.10937681579556,0.6662048280043094,103.10937681579556,0.6662048280043094,103.10937681579556,0.6662048280043094,103.10937681579556,0.6662048280043094,103.10937681579556,0.6662048280043094,103.10937681579556,0.6662048280043094,103.10937681579556,0.6662048280043094,103.10937681579556,0.6662048280043094,103.10937681579556,0.6662048280043094,102.16515175337986,0.6601040511910832,102.16515175337986,0.6601040511910832,102.16515175337986,0.6601040511910832,100.23470557199336,0.6476311548749728,99.96084025622292,0.64586167084526,99.96084025622292,0.64586167084526,99.960840256223,0.6458616708452605,99.73870505565388,0.6444264226878283,99.73870505565388,0.6444264226878283,99.73870505565388,0.6444264226878283,99.73870505565388,0.6444264226878283,99.77070094825409,0.6446331528493794,99.73870505565401,0.6444264226878291,99.73870505565401,0.6444264226878291,98.58035453188893,0.636942149818716,98.58035453188893,0.636942149818716,98.58035453188893,0.636942149818716,98.58035453188893,0.636942149818716,98.58035453188893,0.636942149818716,98.58035453188893,0.636942149818716,98.58035453188893,0.636942149818716,98.58035453188893,0.636942149818716,98.58035453188893,0.636942149818716,98.58035453188893,0.636942149818716,98.81506966172665,0.6384586787468551,98.81506966172665,0.6384586787468551,98.81506966172665,0.6384586787468551,98.81506966172665,0.6384586787468551,99.29973284830228,0.6415901587812023,99.29973284830228,0.6415901587812023,99.29973284830228,0.6415901587812023,99.29973284830228,0.6415901587812023,99.29973284830228,0.6415901587812023,99.29973284830228,0.6415901587812023,99.29973284830228,0.6415901587812023,99.29973284830228,0.6415901587812023,101.5526056868646,0.6561463010863904,101.55260568801422,0.6561463010938183,101.79092626572871,0.6576861253502466,101.79516446586385,0.657713508983814,101.79516446586385,0.657713508983814,0.657713508983814,101.79516446586385,101.79516446586385,0.657713508983814,101.53702841673041,0.6560456540561105,101.41395368079162,0.6552504501103602,100.9985189617689,0.652566265372943,100.78645700629298,0.6511961019315862,99.7184531736283,0.6442955723035251,98.88392079107467,0.6389035360062211,98.88392079107466,0.638903536006221,98.79479255391178,0.6383276653750222,100.2061904022876,0.6474469141752809,102.6339504714046,0.6631330285639973,101.55095718621519,0.6561356498815677,101.75420870319265,0.6574488877857352,101.40389220664952,0.6551854414481287,101.49084834474135,0.6557472778281981,103.90324255737715,0.6713341111612983,103.85052948551623,0.6709935242616661,102.41983159169237,0.6617495750330347,102.41983159169234,0.6617495750330344,102.53377689296394,0.662485792360496,102.53377689296393,0.6624857923604959,102.5337768929639,0.6624857923604957,102.6417630182406,0.6631835065765881,102.64176301824057,0.663183506576588,104.03124555648147,0.6721611573392096,100.18988816254779,0.6473415830098976,98.62243757256665,0.6372140545255662,100.6987402040306,0.6506293507885869,100.69874020403053,0.6506293507885864,104.37026658842234,0.6743516220209766,107.56080617757264,0.694966166923407,107.56080617757262,0.6949661669234067,104.8409926020207,0.6773930519336673,104.18470670455788,0.6731526923568466,104.18470670455787,0.6731526923568465,104.97100405819484,0.6782330750477029,105.2092081249534,0.6797721465097323,107.64756765818318,0.6955267455928988,107.64756765818315,0.6955267455928986,104.41535357950823,0.6746429356926252,103.94773289878098,0.6716215697917169,103.94773289878097,0.6716215697917168,103.94773289878094,0.6716215697917166,104.65452454855588,0.6761882544523601,109.63335037657798,0.7083571794022852,110.44977307003639,0.7136322063384478,110.44977307003636,0.7136322063384477,109.46796703865671,0.7072886133649648,109.34943550567083,0.7065227637207854,109.82285356318064,0.7095815873245873,111.34678412966588,0.7194279265450206,114.23932036760174,0.7381170280254117,113.49943808301302,0.7333365399129829,115.08437612685447,0.7435770574052107,117.09315207828324,0.756556053870407,118.03332184296822,0.762630628809365,118.03332184296819,0.7626306288093648,119.48449146679765,0.7720068488923891,120.41321572019612,0.7780074727018425,121.11656543327402,0.7825519185039449,118.37366759040606,0.7648296526725282,118.37375984372242,0.7648302487347552,118.98240770600765,0.768762811969361,117.75712884843247,0.7608461053052671,120.90070949351359,0.7811572415728768,126.21881208715091,0.8155182835374003,126.69189230689297,0.8185749243217642,123.86740014960316,0.8003254656405385,124.6827674943111,0.8055936738134181,124.6827674943111,0.8055936738134181,124.44488090212515,0.8040566536012321,126.12043364612728,0.8148826459804149,128.99056069066742,0.8334269583708809,128.99056069066742,0.8334269583708809,126.8972779584791,0.8199019511830935,125.90820939855487,0.8135114339459857,125.90820939855487,0.8135114339459857,125.90820939855487,0.8135114339459857,125.60903154106767,0.8115784018664103,125.37647596497486,0.8100758261322059,126.5902445043883,0.8179181629400557,124.31864351989672,0.8032410153332844,122.92937389159096,0.7942647402130253,122.92937389159096,0.7942647402130253,122.92937389159096,0.7942647402130253,123.27385337573492,0.7964904727561977,127.42054067379465,0.8232828284420128,127.42054067379465,0.8232828284420128,126.73236272579733,0.8188364096424795,132.99811908561452,0.8593203817788474,132.99811908561452,132.99811908561452,0.8593203817788474,0.8593203817788474,132.04076568349976,0.8531347808345742,132.764744030089,0.8578125112676654,132.40170766003527,0.8554668799590501,131.05960616610096,0.8467953650828797,129.52915360983118,0.8369068863285181,129.0807509536726,0.8340096909070339,129.0807509536726,0.8340096909070339,132.19002895297592,0.8540991927420031,132.56023696101087,0.856491161056964,133.2719062746327,0.8610893610201388,131.06352410956075,0.8468206794910292,133.05758617087176,0.8597046073510424,133.05758617087176,0.8597046073510424,133.05758617087176,0.8597046073510424,140.223614107205,0.9060053663724821,143.88707121911582,0.9296755008501819,147.3925419253312,0.9523248619561118,146.75057266875052,0.9481770042988161,142.4127289382882,0.9201495588267619,142.4127289382882,0.9201495588267619,140.99898513958365,0.9110151524968629,143.55721082758575,0.9275442244115965,143.13024194367787,0.9247855157407526,142.69196644071224,0.9219537533434942,151.16155694379955,0.9766770215721101,149.53032014351155,0.9661373610142578,149.90782375803408,0.9685764673142919,150.22959829237374,0.9706554998419434,149.36312963229958,0.9650571185648742,150.3712677561045,0.9715708470550957,149.4880362411714,0.9658641585107047,150.64388213956104,0.9733322486273953,152.04109021510908,0.9823598152212623,152.51596754008384,0.985428067366488,152.88801062215234,0.9878318923643098,154.2898816978152,0.9968895872868061,155.62814298864026,1.0055362900466502,158.13310536698714,1.0217212198945453,156.0622904195526,1.0083413803640533,156.66099993027942,1.012209730449525,156.04499222509912,1.0082296141889824,156.71617137975394,1.0125662012879977,156.90349737759152,1.0137765420739095,159.99350532137782,1.033741537249855,160.0760198762363,1.0342746759082873,159.52863622268725,1.0307379497246298,158.8158712675888,1.02613267066095,158.8158712675888,1.02613267066095,158.45039961359282,1.0237713046250965,160.03126064093948,1.0339854799149315,160.29069322135007,1.0356617119216474,163.22687634218846,1.0546328223231956,161.57164138370032,1.0439381061404343,160.4168073368596,1.0364765537452192,159.87964671036627,1.0330058800408966,160.47400375261208,1.0368461081882347,163.32280204861644,1.055252612401708,165.06463946651402,1.0665068797946244,165.32836324663361,1.0682108378729387,163.3116735694517,1.055180709663307,163.31686443491077,1.0552142486074567,162.6769881252606,1.051079913787685,163.2604383880812,1.0548496716312017,163.2604383880812,1.0548496716312017,161.83952928288113,1.0456689692036165,158.08810730889599,1.021430480832038,155.9524089591648,1.007631420109427,155.80289494477637,1.0066653881022911,155.03271808533614,1.00168916229217,155.93856168749366,1.0075419508533137,157.23502510173572,1.0159185913934077,156.07067249659625,1.0083955381949667,156.64851920237282,1.0121290906333884,155.0937712785491,1.0020836359408296,151.8160933940636,0.9809060777136261,151.64021175668003,0.9797696806215209,150.26739858990499,0.9708997331162876,150.90947041589692,0.9750482534896145,148.83448288410216,0.9616414542787144,147.15954355887823,0.9508194252883547,144.49029058043809,0.933572989742744,144.07248704270066,0.9308734997196861,143.30156295144047,0.925892445935025,143.9365187273742,0.9299949884637416,142.0986893410544,0.9181205028638357,139.4256930836866,0.9008498814432717,139.0149867824889,0.898196247707918,138.69031147243592,0.8960984728423254,137.59176163988903,0.88900058102252,135.52335491796327,0.8756363013907531,138.31177206311298,0.8936526741199514,139.2446288535493,0.899679998858181,138.86477119278956,0.8972256827196531,140.53478209256735,0.9080158684293329,138.29928400581713,0.8935719869475544,139.5627243783201,0.9017352607646462,138.53625315342632,0.8951030794155783,138.7954366107996,0.8967777018017596,138.74924616782093,0.8964792585653599,138.44745261139545,0.8945293260707583,140.69451032989872,0.9090478960311376,140.36510864639277,0.9069195833724697,137.8837149726215,0.8908869343865384,138.06082578778577,0.8920312733768225,138.67869382940063,0.8960234095443096,139.97810079338782,0.9044190687916466,136.79224561678643,0.8838347905667274,137.07833115559865,0.885683231252383,136.80175740314138,0.8838962476154295,136.28177964741306,0.8805365949628884,136.65769339727922,0.882965428913863,137.5007377334682,0.8884124621938154,139.63316910977147,0.9021904145212654,138.7555502332091,0.8965199900577553,138.2913711372493,0.8935208607415192,137.30085587708442,0.8871209961616694,137.53188546152612,0.8886137122396829,137.53188546152612,0.8886137122396829,138.51410180222527,0.894959956281944,139.53293082386747,0.9015427602333395,140.17523721670463,0.9056927961775059,140.17765945748187,0.9057084466309391,152.85000049883914,0.9875863033747698,148.38000048425081,0.9587049767402568,148.38000048425081,0.9587049767402568,149.55315379341224,0.9662848925800045,149.55315379341224,0.9662848925800045,137.59612746919066,0.8890287892868778,139.9775722614754,0.9044156538693312,131.82640399040065,0.8517497584506553,131.82640399040065,0.8517497584506553
Şeftali,126.0,0.0033932983765624,-0.8703846925888881,100.0,0.33932983765624003,100.0,0.33932983765624003,100.0,0.33932983765624003,100.0,0.33932983765624003,100.0,0.33932983765624003,100.0,0.33932983765624003,100.0,0.33932983765624003,100.0,0.33932983765624003,100.0,0.33932983765624003,100.0,0.33932983765624003,100.0,0.33932983765624003,100.0,0.33932983765624003,100.0,0.33932983765624003,100.0,0.33932983765624003,100.0,0.33932983765624003,100.0,0.33932983765624003,100.0,0.33932983765624003,100.0,0.33932983765624003,100.0,0.33932983765624003,100.0,0.33932983765624003,100.0,0.33932983765624003,100.0,0.33932983765624003,100.0,0.33932983765624003,100.0,0.33932983765624003,100.0,0.33932983765624003,100.0,0.33932983765624003,100.0,0.33932983765624003,100.0,0.33932983765624003,100.0,0.33932983765624003,100.03089861104924,0.33943468586295145,100.0,0.33932983765624003,100.0,0.33932983765624003,100.0,0.33932983765624003,100.0,0.33932983765624003,100.0,0.33932983765624003,100.0,0.33932983765624003,100.0,0.33932983765624003,100.0,0.33932983765624003,100.0,0.33932983765624003,100.0,0.33932983765624003,100.0,0.33932983765624003,100.0,0.33932983765624003,100.0,0.33932983765624003,100.0,0.33932983765624003,100.0,0.33932983765624003,100.0,0.33932983765624003,100.0,0.33932983765624003,100.0,0.33932983765624003,100.0,0.33932983765624003,100.0,0.33932983765624003,100.0,0.33932983765624003,100.0,0.33932983765624003,100.0,0.33932983765624003,100.0,0.33932983765624003,100.0,0.33932983765624003,100.0,0.33932983765624003,100.0,0.33932983765624003,100.0,0.33932983765624003,100.0,0.33932983765624003,0.33932983765624003,100.0,100.0,0.33932983765624003,100.0,0.33932983765624003,99.87878832199654,0.33891853026605046,99.46964229369473,0.337530175712437,99.26079045039906,0.33682147909163973,98.20895364828057,0.33325228297860243,97.38705409541151,0.33046333256015453,97.38705409541151,0.33046333256015453,97.29927504716413,0.3301654720582405,98.68930769868423,0.3348822675980124,101.08031727122454,0.3429956764988586,100.01371792113862,0.3393763866557695,100.21389269495933,0.340055639390804,99.86887915457346,0.33888490550432065,99.95451898414866,0.33917550699898724,102.33039530262313,0.3472375642533797,102.27848018093513,0.3470614007552368,100.86943964061919,0.3422801057772721,100.86943964061912,0.34228010577727186,100.98166008182008,0.3426609032182162,100.98166008182004,0.3426609032182161,100.98166008181997,0.3426609032182158,101.08801155473625,0.3430217854986077,101.08801155473621,0.3430217854986075,102.45646064164278,0.3476653415636159,98.67325223596846,0.334827786622444,97.12952910912264,0.32958947344225625,99.17440147129409,0.33652833550908995,99.17440147129409,0.33652833550908995,102.79034970381775,0.34879832677624617,105.93259213389518,0.3594608929129934,105.93259213389517,0.3594608929129934,103.25395004838012,0.3503714610728234,102.60759875398406,0.3481781982748603,102.60759875398404,0.3481781982748602,103.38199344122063,0.3508059505098787,103.61659166659012,0.35160201228716936,106.01804025263908,0.3597508438756074,106.01804025263905,0.3597508438756073,102.8347541854034,0.3489490044315228,102.3742121663795,0.34738624794603024,102.37421216637945,0.34738624794603007,102.37421216637938,0.34738624794602985,103.07030467646756,0.34974829753044934,107.97376295731058,0.3663871945543754,108.77782695858076,0.36911562362453776,108.77782695858073,0.3691156236245377,107.81088312864107,0.3658344946961764,107.69414588033457,0.3654383703810136,108.16039751768484,0.36702050130510383,109.66125941038338,0.37211337352904217,112.51000954916448,0.38178003275019995,111.78132731754344,0.37930739651661044,113.34227317991052,0.38460415157728245,115.320641054913,0.3913173440757715,116.24657889192191,0.3944593274348916,116.2465788919219,0.39445932743489154,117.67578126908178,0.3993090375410873,118.5904468525444,0.4024127707805485,119.28314952864716,0.4047633176468084,116.58177261656095,0.39559673975654314,116.5818634733822,0.39559704806084717,117.1812978588235,0.39763110778782085,115.97456680052784,0.39353630924675875,119.07056113293943,0.4040419417887774,124.30816033843384,0.42181467866986605,124.77407925207432,0.42339568056313204,121.99234316886192,0.41395642002794236,122.79536779684443,0.416681322194415,122.79536779684443,0.416681322194415,122.56108224023983,0.4158863213955366,124.21127111234796,0.4214859046162825,127.03795127946937,0.4310776738384367,127.03795127946937,0.4310776738384367,124.97635585479625,0.42408206543076493,124.00225943367107,0.4207766656263456,124.00225943367107,0.4207766656263456,124.00225943367107,0.4207766656263456,123.70761041532548,0.4197768335907378,123.47857517594625,0.4189996486847767,124.67397015484187,0.423055980526014,122.43675579086776,0.4154644446567186,121.06851639094766,0.410821600122221,121.06851639094766,0.410821600122221,121.06851639094766,0.410821600122221,121.40778127737914,0.4119728271105736,125.49169762072611,0.4258307738084695,125.49169762072611,0.4258307738084695,124.81393704536944,0.42353092994841374,130.98484479943636,0.44447066121220535,130.98484479943636,130.98484479943636,0.44447066121220535,0.44447066121220535,130.0419834442807,0.44127125130643224,130.75500248558842,0.44369073766175976,130.39746162023653,0.4424774948238065,129.0756763416424,0.43799228298378895,127.56839118652792,0.4328776147139224,127.12677627702091,0.43137908355842647,127.12677627702091,0.43137908355842647,130.1889872238906,0.441770078993131,130.55359116573072,0.44300728895706537,131.25448750346968,0.4453856393620535,129.0795349767833,0.4380053764841483,131.04341169486779,0.44466939616339307,131.04341169486779,0.44466939616339307,131.04341169486779,0.44466939616339307,138.1009630611756,0.46861777375719116,141.70896417075622,0.4808607980649664,145.16137041198306,0.4925758425585553,144.5291190386753,0.4904304249999308,140.25693991535198,0.47593364651637393,140.25693991535198,0.47593364651637393,138.86459682559538,0.47120901097028506,141.38409707874672,0.47975842708905203,140.96359148530397,0.47833152614148733,140.53195042804668,0.4768668392426385,148.87333153320012,0.505171634205044,147.26678776712393,0.4997201518517411,147.6385768773715,0.5009817432359678,147.95548051278118,0.5020570918275302,147.10212812145653,0.4991614125434126,148.09500543875143,0.502530541532315,147.2251439422064,0.4995788419282546,148.36349309070218,0.5034416002458065,149.73955076870865,0.5081109745306421,150.20723958369527,0.5096979822272726,150.57365082092548,0.5109413248837201,151.95430091234758,0.5156262825975435,153.27230411934764,0.5200986607401608,155.73934734230468,0.5284700745035302,153.69987959371596,0.5215495519031927,154.28952607053586,0.5235503983357315,153.6828432526656,0.521491742514764,154.34386235586425,0.5237347775645247,154.5283526849182,0.5243608082985949,157.57158527894714,0.5346874045194151,157.65285076026476,0.5349631625452407,157.11375318957124,0.5331338436337977,156.41177779575415,0.5307518316695714,156.41177779575415,0.5307518316695714,156.05183851085016,0.5295304502784457,157.6087690730273,0.5348135802275018,157.86427446298796,0.5356805862524582,160.7560107749742,0.5454931103853676,159.1258321255709,0.5399614278208408,157.98847951160522,0.536102051042292,157.45945021572246,0.5343068967914191,158.04481011005225,0.5362931975705532,160.8504843950158,0.5458136875668828,162.5659545491636,0.5516347896559938,162.8256861803053,0.5525161365782888,160.83952437448116,0.5457764969469955,160.84463666261883,0.5457938444660335,160.84463666261883,0.5457938444660335,159.82873070931188,0.542346572443937,159.82873070931188,0.542346572443937,150.93064290638057,0.5121527055477405,144.41206159014783,0.49003321414987794,144.41206159014783,0.49003321414987794,144.41206159014783,0.49003321414987794,144.41206159014783,0.49003321414987794,144.41206159014783,0.49003321414987794,144.41206159014783,0.49003321414987794,137.49562292206735,0.46656367404588706,137.50040114056736,0.46657988796696603,134.5102487194884,0.45643340861084464,135.2130584827435,0.45881825183953034,135.2130584827435,0.45881825183953034,132.20009458644756,0.4485943663415882,130.84353881436883,0.4439911678424771,130.0626864309267,0.4413415027174081,121.62262702688653,0.41270186284358834,123.16275257306906,0.4179279683591518,122.70352134967403,0.4163696597943387,122.29213479226956,0.4149737024569585,121.65720908197524,0.41281921007497907,128.17477345812134,0.43493525069169653,131.58953608553307,0.44652255917163874,133.44672412337505,0.452824552325419,134.23190506192918,0.45548890552952254,136.75228929743645,0.4640413212641828,136.75228929743645,0.4640413212641828,138.57491186156682,0.4702260234521324,138.57491186156682,0.4702260234521324,137.29667938999904,0.46588859928149207,136.02976983982398,0.46158959716163167,128.7268946006811,0.4368087624684104,128.7268946006811,0.4368087624684104,128.7268946006811,0.4368087624684104,128.7268946006811,0.4368087624684104,124.42926848397977,0.4222256347435356,125.0394455592249,0.42429614762238044,120.87858741197743,0.4101771144262192,120.87858741197743,0.4101771144262192,112.80555354868665,0.3827829017239813,112.80555354868665,0.3827829017239813,107.2217418671364,0.3638353626099467,112.98289678682656,0.38338468024605576,108.3275553502955,0.3675877177071312,107.92225767148402,0.36621242175159574,104.50200536734057,0.35460648516051196,105.58214911610753,0.35827173518965694,105.58214911610753,0.35827173518965694,107.97820236198577,0.36640225877905264,114.05861780807598,0.38703492264109546,113.07005476735736,0.3836804332798954,111.44988135170175,0.3781827014588017,109.23459526378929,0.37066557477306705,109.23459526378929,0.37066557477306705,109.23459526378929,0.37066557477306705,109.23459526378929,0.37066557477306705,112.90945675532795,0.3831354763063968,112.90945675532795,0.3831354763063968,116.20644792457637,0.3943231510885481,112.89740567056266,0.383094583380027,109.84508538795109,0.37273714992029267,109.84508538795109,0.37273714992029267,111.07694795619089,0.37691722717324877,111.20119613737481,0.37733883832475096,103.92540087168626,0.3526498940614896,110.32504635012485,0.3743658006740502,107.15394771794902,0.3636053168335687,106.22129615950729,0.36044055181441
Şehriye,127.0,0.0014023873210516,0.21549318191604883,100.0,0.14023873210516,100.34540389972145,0.14072312215477112,100.34540389972145,0.14072312215477112,100.34540389972145,0.14072312215477112,100.34540389972145,0.14072312215477112,100.34540389972145,0.14072312215477112,100.34540389972145,0.14072312215477112,100.34540389972145,0.14072312215477112,103.2369510647827,0.14477819123727573,103.975677011579,0.1458141711387947,103.975677011579,0.1458141711387947,103.975677011579,0.1458141711387947,104.72847582004991,0.14686988664309705,104.72847582004991,0.14686988664309705,104.72847582004991,0.14686988664309705,104.72847582004991,0.14686988664309705,104.72847582004991,0.14686988664309705,104.72847582004991,0.14686988664309705,104.72847582004991,0.14686988664309705,106.24497417957043,0.14899660471488418,106.24497184369233,0.14899660143907834,104.2753013122119,0.14623436045908123,104.2753013122119,0.14623436045908123,104.2753013122119,0.14623436045908123,104.63551444018049,0.1467395187826207,104.63551444018049,0.1467395187826207,104.63551444018049,0.1467395187826207,104.63551444018049,0.1467395187826207,104.63551444018049,0.1467395187826207,104.75242640249638,0.14690347463625178,104.63551444018049,0.1467395187826207,104.63551444018049,0.1467395187826207,104.63551444018049,0.1467395187826207,105.16711526488551,0.14748502903904762,105.16711526488551,0.14748502903904762,105.16711526488551,0.14748502903904762,105.16711526488551,0.14748502903904762,105.16711526488551,0.14748502903904762,105.16711526488551,0.14748502903904762,105.16711526488551,0.14748502903904762,105.16711526488551,0.14748502903904762,105.16711526488551,0.14748502903904762,105.16711526488551,0.14748502903904762,105.16711526488551,0.14748502903904762,105.16711526488551,0.14748502903904762,105.16711526488551,0.14748502903904762,105.16711526488551,0.14748502903904762,105.16711526488551,0.14748502903904762,105.16711526488551,0.14748502903904762,105.16711526488551,0.14748502903904762,105.16711526488551,0.14748502903904762,105.16711526488551,0.14748502903904762,105.16711526488551,0.14748502903904762,105.16711526488551,0.14748502903904762,105.16711526488551,0.14748502903904762,105.16711526488551,0.14748502903904762,105.16711526488551,0.14748502903904762,105.16711526488551,0.14748502903904762,105.16711526488551,0.14748502903904762,0.14748502903904762,105.16711526488551,109.37550229741963,0.15338681765555143,109.37550229741963,0.15338681765555143,109.37550229741963,0.15338681765555143,109.37550229741963,0.15338681765555143,109.37550229741963,0.15338681765555143,109.37550229741963,0.15338681765555143,109.37550229741963,0.15338681765555143,109.37550229741963,0.15338681765555143,109.37550229741963,0.15338681765555143,109.37550229741963,0.15338681765555143,109.37550229741963,0.15338681765555143,109.37550229741963,0.15338681765555143,109.37550229741963,0.15338681765555143,109.37550229741963,0.15338681765555143,109.37550229741963,0.15338681765555143,109.37550229741963,0.15338681765555143,110.31993282517116,0.15471127505328425,110.31993282517116,0.15471127505328425,110.31993282517116,0.15471127505328425,110.31993282517116,0.15471127505328425,110.31993282517116,0.15471127505328425,110.31993282517116,0.15471127505328425,110.31993282517116,0.15471127505328425,111.93962671927736,0.15698271323436347,111.93962671927736,0.15698271323436347,113.64210586753491,0.1593702484062346,113.64210586753491,0.1593702484062346,113.64210586753491,0.1593702484062346,113.64210586753491,0.1593702484062346,113.64210586753491,0.1593702484062346,113.64210586753491,0.1593702484062346,113.64210586753491,0.1593702484062346,113.64210586753491,0.1593702484062346,113.64210586753491,0.1593702484062346,113.64210586753491,0.1593702484062346,113.64210586753491,0.1593702484062346,113.64210586753491,0.1593702484062346,114.50124670692587,0.1605750966263941,114.50124670692587,0.1605750966263941,114.50124670692587,0.1605750966263941,114.50124670692587,0.1605750966263941,114.50124670692587,0.1605750966263941,114.50124670692587,0.1605750966263941,114.50124670692587,0.1605750966263941,114.50124670692587,0.1605750966263941,114.50124670692587,0.1605750966263941,114.50124670692587,0.1605750966263941,114.50124670692587,0.1605750966263941,114.50124670692587,0.1605750966263941,114.50779039920762,0.1605842734174829,114.53118061896339,0.160617075565105,114.53118061896339,0.160617075565105,114.53118061896339,0.160617075565105,114.53118061896339,0.160617075565105,114.53118061896339,0.160617075565105,114.53118061896339,0.160617075565105,114.53118061896339,0.160617075565105,114.53118061896339,0.160617075565105,114.53118061896339,0.160617075565105,114.53118061896339,0.160617075565105,114.53118061896339,0.160617075565105,114.53118061896339,0.160617075565105,114.53118061896339,0.160617075565105,114.53118061896339,0.160617075565105,114.53118061896339,0.160617075565105,114.53118061896339,0.160617075565105,114.53118061896339,0.160617075565105,114.53118061896339,0.160617075565105,114.53118061896339,0.160617075565105,114.53118061896339,0.160617075565105,114.53118061896339,0.160617075565105,114.53118061896339,0.160617075565105,114.53118061896339,0.160617075565105,114.53118061896339,0.160617075565105,114.53118061896339,0.160617075565105,114.53118061896339,0.160617075565105,114.53118061896339,0.160617075565105,114.53118061896339,0.160617075565105,114.53118061896339,0.160617075565105,114.53118061896339,0.160617075565105,109.42722309920887,0.1534593502522153,109.42722309920887,0.1534593502522153,109.42722309920887,0.1534593502522153,109.42722309920887,0.1534593502522153,109.42722309920887,0.1534593502522153,109.42722309920887,0.1534593502522153,109.42722309920887,0.1534593502522153,109.42722309920887,0.1534593502522153,109.42722309920887,0.1534593502522153,109.42722309920887,0.1534593502522153,109.42722309920887,109.42722309920887,0.1534593502522153,0.1534593502522153,109.42722309920887,0.1534593502522153,109.42722309920887,0.1534593502522153,109.42722309920887,0.1534593502522153,109.42722309920887,0.1534593502522153,109.42722309920887,0.1534593502522153,109.42722309920887,0.1534593502522153,109.42722309920887,0.1534593502522153,109.42722309920887,0.1534593502522153,109.42722309920887,0.1534593502522153,114.96710641730179,0.16122841237761407,114.96710641730179,0.16122841237761407,114.96710641730179,0.16122841237761407,114.96710641730179,0.16122841237761407,114.96710641730179,0.16122841237761407,114.96710641730179,0.16122841237761407,114.96710641730179,0.16122841237761407,114.96710641730179,0.16122841237761407,114.96710641730179,0.16122841237761407,114.96710641730179,0.16122841237761407,114.96710641730179,0.16122841237761407,114.96710641730179,0.16122841237761407,114.96710641730179,0.16122841237761407,114.96710641730179,0.16122841237761407,114.96710641730179,0.16122841237761407,114.96710641730179,0.16122841237761407,114.96710641730179,0.16122841237761407,114.96710641730179,0.16122841237761407,114.96710641730179,0.16122841237761407,114.96710641730179,0.16122841237761407,114.96710641730179,0.16122841237761407,114.96710641730179,0.16122841237761407,114.96710641730179,0.16122841237761407,114.96710641730179,0.16122841237761407,114.96710641730179,0.16122841237761407,114.96710641730179,0.16122841237761407,116.3123682890051,0.1631149905699849,116.3123682890051,0.1631149905699849,116.83655766776202,0.16385010710858355,116.83655766776202,0.16385010710858355,117.84123075862516,0.16525904791301174,117.84123075862516,0.16525904791301174,118.04874896727044,0.16555006881770323,118.5031575168951,0.1661873256062743,118.5031575168951,0.1661873256062743,118.5031575168951,0.1661873256062743,119.05309581527416,0.16695855210328178,119.05309581527416,0.16695855210328178,117.54014789493851,0.16483681312239168,114.99894218358251,0.16127305845260212,116.97790624361777,0.16404833255921236,116.11641058346336,0.16284018196827083,116.82438196069087,0.16383303205136213,117.1143571790991,0.164239689621077,117.1143571790991,0.164239689621077,117.1143571790991,0.164239689621077,117.1143571790991,0.164239689621077,116.4444730711176,0.16330025264146977,116.57584394474789,0.16348448548900438,115.28115013510025,0.16166882330571053,115.28115013510025,0.16166882330571053,115.28115013510025,0.16166882330571053,116.59387772447218,0.16350977583304036,117.23786501092957,0.1644128954384866,117.23786501092957,0.1644128954384866,117.04939768189482,0.16414859124581582,117.04939768189482,0.16414859124581582,117.98822545990377,0.16546519141834665,117.98822545990377,0.16546519141834665,117.98822545990377,0.16546519141834665,117.98822545990377,0.16546519141834665,118.3308527356753,0.16594568756573505,117.87979178946169,0.16531312541374357,117.62814381611622,0.16496021748655557,117.62814381611622,0.16496021748655557,117.9669391822601,0.16543533981246678,117.9669391822601,0.16543533981246678,116.59673748228805,0.1635137863211426,114.71244903428193,0.16087128409245482,113.37895692188371,0.15900121166130526,111.96319266841653,0.1570157618226448,109.782559491815,0.15395766950391432,110.94207318965954,0.15558375681235717,109.55426618773201,0.15363751386878738,109.17125906964313,0.15310038954250701,110.07809682958782,0.15437212731930428,110.07809682958782,0.15437212731930428,113.61668014975885,0.15933459170199682,112.91493868875449,0.15835047837442806,112.55584867722345,0.15784689509514066,112.55584867722345,0.15784689509514066,111.47530080039336,0.1563315484528849,116.20062671296294,0.1629582856005091,117.43575211195731,0.1646904097999676,117.86726071112892,0.1652955519883706,118.42706886907047,0.16608061985128905,118.95237583958756,0.16681730368640227,117.44585672128312,0.16470458037597027,117.44585672128312,0.16470458037597027,116.97736907931191,0.1640475792468005,117.46937757015054,0.16473756571620232,118.93457348865812,0.1667923378951739,118.93457348865812,0.1667923378951739,118.96648931386102,0.16683709624377935,118.16314327812935,0.1657104939488522,118.16314327812935,0.1657104939488522,118.6969293213451,0.16645906872801225,117.38957336111852,0.16462564930528928,113.28108486662482,0.15886395713192492,113.05068002474938,0.15854084030296992,114.19937863928791,0.1601517606757083,114.19937863928791,0.1601517606757083,113.71577070669179,0.1594735550426755,113.18135028611327,0.15872409062074513,113.18135028611327,0.15872409062074513,115.20622900158529,0.16156375485799032,118.1520795317276,0.16569497829117505,118.1520795317276,0.16569497829117505,118.1520795317276,0.16569497829117505,116.7392933319146,0.16371370483720063,116.06702470018944,0.16277092383172853,116.01396279450482,0.1626965104879656,116.62414022882004,0.16355221558544106,120.1429778746515,0.1684869888847942,120.16476085163856,0.16851753705553557,120.16476085163856,0.16851753705553557,120.16476085163856,0.16851753705553557,120.68389123837429,0.16924555892786639,121.4707768110157,0.17034907727805712,119.54837152963051,0.1676531204855199,119.54837152963051,0.1676531204855199,119.8059901193685,0.16801440152943564
